  3.1274167931852557e+004  3.1274167931852557e+004  1.5707485612323479e+004  1.5707485612323479e+004  1.5707485611723347e+004  1.5707485611723347e+004  1.5707485611723347e+004  1.5707485611723347e+004  1.5707485611723347e+004  1.5707485611723347e+004  1.5707485611723347e+004  1.5707485611723347e+004  1.4220950378848753e+004  1.4220773761731823e+004
  3.1746247454347511e+004  3.1114405265243142e+004  1.4586536793035746e+004  1.4586536640662787e+004  1.4586536007926385e+004  1.4586535537566800e+004  1.4586535537566800e+004  1.4586535537566800e+004  1.4586535537566800e+004  1.4586535537566800e+004  1.4586535537566800e+004  1.4586535537566800e+004  1.4586535537566800e+004  1.4586535537566800e+004
  3.0824379788066348e+004  3.0658097130196686e+004  1.5093712660788908e+004  1.5093712660788908e+004  1.5093712660788908e+004  1.5093712660788908e+004  1.5093712660788908e+004  1.5093712660788908e+004  1.5093712660788908e+004  1.5093712660788908e+004  1.5093712660788908e+004  1.5093712660788908e+004  1.5093712660788908e+004  1.5093712660788908e+004
  3.2080109456396043e+004  3.1313752659636870e+004  1.5205084338458848e+004  1.5205084338458848e+004  1.5205084179193858e+004  1.4136317570317457e+004  1.4136316739480873e+004  1.3250322272302939e+004  1.3250322272302939e+004  1.3250322272302939e+004  1.3250322272302939e+004  1.3250322272302939e+004  1.3250322272302939e+004  1.3250322272302939e+004
  3.0625012120577725e+004  2.9831392580307183e+004  1.5043202131181435e+004  1.5043185341971297e+004  1.5043185312919250e+004  1.5043185312919250e+004  1.5043185312919250e+004  1.5043185312919250e+004  1.5043185312919250e+004  1.5043185312919250e+004  1.5043185312919250e+004  1.5043185312919250e+004  1.5043185312919250e+004  1.5043185312919250e+004
  2.9190676967276217e+004  2.9190676967276217e+004  1.5530920188609020e+004  1.5530916049557985e+004  1.3423280026458309e+004  1.3423280013555348e+004  1.3423280013555348e+004  1.3423280013555348e+004  1.3423280013555348e+004  1.3423280013555348e+004  1.3423280013555348e+004  1.3423280013555348e+004  1.3423280013555348e+004  1.3423280013555348e+004
  3.1749361916766597e+004  3.1098412211114352e+004  1.6611777110024530e+004  1.6611777110024530e+004  1.3885097625841845e+004  1.3885092042450469e+004  1.3441987760086038e+004  1.3441917625727197e+004  1.3441917559957528e+004  1.3441917559957528e+004  1.3441917559957528e+004  1.3441917559957528e+004  1.3441917559957528e+004  1.3441917559957528e+004
  3.0762481270019718e+004  3.0724885920979188e+004  1.5731111439906854e+004  1.5731111439906854e+004  1.5731091335048008e+004  1.5731091335048008e+004  1.5731091335048008e+004  1.5731091335048008e+004  1.5731091335048008e+004  1.3192368705244007e+004  1.3192368701421670e+004  1.3192368701421670e+004  1.3192368701421670e+004  1.3192368701421670e+004
  3.1660922382294892e+004  3.0314688027227447e+004  1.5689414941915653e+004  1.5689414941915653e+004  1.5689414941915653e+004  1.5603348903547299e+004  1.5603345059079624e+004  1.5603345059079624e+004  1.5603345059079624e+004  1.5603345059079624e+004  1.5603345059079624e+004  1.4827093797604626e+004  1.4827093753563502e+004  1.4827093753563502e+004
  3.1302653974138790e+004  3.0446532716508053e+004  1.6407722442618458e+004  1.6407722442618458e+004  1.6407722442618458e+004  1.6407722442618458e+004  1.3982950546969354e+004  1.3982948824985888e+004  1.3982948824985888e+004  1.3982948824985888e+004  1.3982948824985888e+004  1.3982948824985888e+004  1.3982948824985888e+004  1.3982948824985888e+004
  3.1493353017230074e+004  3.0693623715506943e+004  1.3075082044101149e+004  1.3075078857996166e+004  1.3075078700920141e+004  1.3075078697824014e+004  1.3075078697824014e+004  1.3075078697824014e+004  1.3075078697824014e+004  1.3075078697824014e+004  1.3075078697824014e+004  1.3075078697824014e+004  1.3075078697824014e+004  1.3075078697824014e+004
  3.1346749035165121e+004  3.0575419425440945e+004  1.6051213605306861e+004  1.6051213605306861e+004  1.6051213605306861e+004  1.6051213605306861e+004  1.6051213605306861e+004  1.6051213605306861e+004  1.6051213605306861e+004  1.6051213605306861e+004  1.4992356467770183e+004  1.4991700999481542e+004  1.4991700999481542e+004  1.4991700999481542e+004
  3.0149910289928852e+004  3.0149910289928852e+004  1.4927463388208744e+004  1.4927463056777040e+004  1.4927460989436062e+004  1.4927459956282866e+004  1.4927459956282866e+004  1.4927459956282866e+004  1.4927459956282866e+004  1.4402413849940684e+004  1.3901701045910955e+004  1.3901701045910955e+004  1.3457694513209586e+004  1.3457694290619071e+004
  3.0403312502953122e+004  3.0403312502953122e+004  1.6932082614562783e+004  1.6932082614562783e+004  1.6932082614562783e+004  1.6932082614562783e+004  1.6932082614562783e+004  1.4780016257492185e+004  1.4164300246136878e+004  1.4164300246136878e+004  1.4164300246136878e+004  1.4164300246136878e+004  1.3693806048992403e+004  1.3693806048992403e+004
  3.1074766365460324e+004  3.1013532816394385e+004  1.5925984769612904e+004  1.5925984769612431e+004  1.5925984769612431e+004  1.5925984769612431e+004  1.5925984769612431e+004  1.5925984769612431e+004  1.5925984769612431e+004  1.5925984769612431e+004  1.5925984769612431e+004  1.5925984769612431e+004  1.4075148853807837e+004  1.4075141427095052e+004
  3.1592321236347925e+004  3.1386950211972522e+004  1.3295786857741354e+004  1.3295786812667800e+004  1.3295786804065039e+004  1.3295786804065039e+004  1.3295786804065039e+004  1.3295786804065039e+004  1.3295786804065039e+004  1.3295786804065039e+004  1.3295786804065039e+004  1.3295786804065039e+004  1.3295786804065039e+004  1.3295786804065039e+004
  3.1277080799471842e+004  3.0248032486542237e+004  1.3909539718931410e+004  1.3909539718931410e+004  1.3909539718931410e+004  1.3909539718931410e+004  1.3909539718931410e+004  1.3909539718931410e+004  1.3909539718931410e+004  1.3909539718931410e+004  1.3428899195213009e+004  1.3428898873470531e+004  1.3428898873470531e+004  1.3428898873470531e+004
  3.1787378972964449e+004  3.1313979666027204e+004  1.5579593006481184e+004  1.5579593006481184e+004  1.5579593006481184e+004  1.5579593006481184e+004  1.5579593006481184e+004  1.5579593006481184e+004  1.5579593006481184e+004  1.5579593006481184e+004  1.5579593006481184e+004  1.5579593006481184e+004  1.5579593006481184e+004  1.5579593006481184e+004
  3.1445097070255397e+004  3.1431630760343956e+004  1.4698518190783405e+004  1.4698518158437320e+004  1.4698518138892719e+004  1.4698518138892719e+004  1.4698518138892719e+004  1.4698518138892719e+004  1.4698518138892719e+004  1.4698518138892719e+004  1.4698518138892719e+004  1.4698518138892719e+004  1.3765712797902015e+004  1.3765712250560842e+004
  3.0570906995453865e+004  3.0570906995453865e+004  1.4442859861280067e+004  1.4442859861280056e+004  1.4442859861280056e+004  1.4442859861280056e+004  1.4442859861280056e+004  1.4442859861280056e+004  1.4442859861280056e+004  1.4442859861280056e+004  1.4442859861280056e+004  1.4442859861280056e+004  1.4442859861280056e+004  1.4442859861280056e+004
  3.1918330259620387e+004  3.0611196953054619e+004  1.4734687358038758e+004  1.4734678466239417e+004  1.3981079243427463e+004  1.3981079243427463e+004  1.2711334871039828e+004  1.2711334871039828e+004  1.2711334871039828e+004  1.2711334871039828e+004  1.2711334871039828e+004  1.2711334871039828e+004  1.2711334871039828e+004  1.2711334871039828e+004
  3.1939334115954138e+004  3.0730155340034020e+004  1.4583945468514659e+004  1.4583945468514659e+004  1.4583945325629189e+004  1.4583945325629189e+004  1.4583945325629189e+004  1.4583945325629189e+004  1.4583945325629189e+004  1.4583945325629189e+004  1.4583945325629189e+004  1.4583945325629189e+004  1.4583945325629189e+004  1.4583945325629189e+004
  3.0068509825390043e+004  2.9953461553308400e+004  1.5884326756143244e+004  1.5884325207245569e+004  1.5884324304218153e+004  1.4400274871518563e+004  1.4400274871518563e+004  1.4400274871518563e+004  1.4400274871518563e+004  1.4400274871518563e+004  1.4400274871518563e+004  1.4400274871518563e+004  1.4400274871518563e+004  1.4400274871518563e+004
  3.1610411900954539e+004  2.9482696895723846e+004  1.5039482410798431e+004  1.5039482410798431e+004  1.5039482207831556e+004  1.5039482207831556e+004  1.5039482207831556e+004  1.5039482207831556e+004  1.5039482207831556e+004  1.5039482207831556e+004  1.5039482207831556e+004  1.5039482207831556e+004  1.5039482207831556e+004  1.5039482207831556e+004
  3.1361588111145124e+004  3.1278121139986535e+004  1.7600775362266246e+004  1.7600770402371279e+004  1.7600765127971346e+004  1.3932571371166840e+004  1.3932571371166840e+004  1.3932571371166840e+004  1.3932571371166840e+004  1.3932571371166840e+004  1.3932571371166840e+004  1.3932571371166840e+004  1.3932571371166840e+004  1.3932571371166840e+004
  3.1211200347018257e+004  3.0308107828024367e+004  1.4594769982228438e+004  1.4594769982228438e+004  1.4594769702283120e+004  1.4594769702283120e+004  1.4594769702283120e+004  1.4594769702283120e+004  1.3195822455316647e+004  1.3195822455316629e+004  1.3195822455316629e+004  1.3195822455316629e+004  1.3195822455316629e+004  1.3195822455316629e+004
  2.9458333600770708e+004  2.9458333600770708e+004  1.3568150476960604e+004  1.3568150476960604e+004  1.3568150476960604e+004  1.3568150476960604e+004  1.3568150476960604e+004  1.3568150476960604e+004  1.3568150476960604e+004  1.3568150476960604e+004  1.3568150476960604e+004  1.3568150476960604e+004  1.3568150476960604e+004  1.3568150476960604e+004
  3.1358072064239321e+004  3.0735205870031154e+004  1.5731636217815980e+004  1.5731636217815980e+004  1.5731635381431075e+004  1.5731635381431075e+004  1.5731635381431075e+004  1.5109495658135918e+004  1.5109495658135918e+004  1.3355387148171740e+004  1.3355387148171740e+004  1.3142258185843391e+004  1.3142258185843391e+004  1.3142258185843391e+004
  3.1341572817637105e+004  3.1321256680269311e+004  1.5926275017789714e+004  1.5926275017789714e+004  1.5926272794238957e+004  1.5926269343399385e+004  1.5926262869425565e+004  1.4150583069170243e+004  1.4150583069170243e+004  1.4150583069170243e+004  1.3541034349977355e+004  1.3540926848570281e+004  1.3540926848570281e+004  1.3540926848570281e+004
  3.0416834332232411e+004  3.0416834332232411e+004  1.5128874645430995e+004  1.5128874548257183e+004  1.3896695933587664e+004  1.3896693481980710e+004  1.3896693475019114e+004  1.3896693475019114e+004  1.3896693475019114e+004  1.3896693475019114e+004  1.3896693475019114e+004  1.3896693475019114e+004  1.3896693475019114e+004  1.3896693475019114e+004
  3.1025622965196861e+004  3.1025622965196861e+004  1.5674622784330644e+004  1.5674622784330644e+004  1.5674622784330644e+004  1.2695002890345822e+004  1.2049680157719733e+004  1.2049612142220885e+004  1.2049612142220885e+004  1.2049612142220885e+004  1.2049612142220885e+004  1.2049612142220885e+004  1.2049612142220885e+004  1.2049612142220885e+004
  3.0076428527305681e+004  2.9866682237142722e+004  1.3119282733825949e+004  1.3119282733825665e+004  1.3119282733825665e+004  1.3119282733825636e+004  1.3119282733825636e+004  1.3119282733825636e+004  1.3119282733825636e+004  1.3119282733825636e+004  1.3119282733825636e+004  1.3119282733825636e+004  1.3119282733825636e+004  1.3119282733825636e+004
  3.1678333373143832e+004  3.0500755457941254e+004  1.4398882616448358e+004  1.4398882616448358e+004  1.4398882591699377e+004  1.4398882591699377e+004  1.4398882591699377e+004  1.4398882591699377e+004  1.4398882591699377e+004  1.4398882591699377e+004  1.4398882591699377e+004  1.4398882591699377e+004  1.4398882591699377e+004  1.4398882591699377e+004
  3.0168463183772110e+004  3.0168463183772110e+004  1.5796161423495283e+004  1.5796161423495283e+004  1.5796161423495283e+004  1.5796161423495283e+004  1.5796161423495283e+004  1.5796161423495283e+004  1.4633679305215686e+004  1.4633678185069937e+004  1.4633678101299029e+004  1.4633678101299029e+004  1.4633678101299029e+004  1.4633678101299029e+004
  3.1708010950553406e+004  3.1465812381988282e+004  1.6388638663059792e+004  1.6388638663059792e+004  1.6388637483998020e+004  1.4073399739495646e+004  1.4039611759766889e+004  1.3312923785105249e+004  1.3312923785105249e+004  1.3312923785105249e+004  1.3312923785105249e+004  1.3312923785105249e+004  1.3312923785105249e+004  1.3312923785105249e+004
  3.0127022658318656e+004  2.9731540019710166e+004  1.2458571575068563e+004  1.2458571575068563e+004  1.2458571575068563e+004  1.2458571575068563e+004  1.2458571575068563e+004  1.2458571575068563e+004  1.2458571575068563e+004  1.2458571575068563e+004  1.2458571575068563e+004  1.2458571575068563e+004  1.2458571575068563e+004  1.2458571575068563e+004
  3.1358970940813939e+004  3.1350756606407358e+004  1.6372523582070433e+004  1.6372523582070433e+004  1.6372523582070433e+004  1.6372523582070433e+004  1.6372523582070433e+004  1.3932301526710075e+004  1.3932301515571282e+004  1.3932301515571282e+004  1.3932301515571282e+004  1.3932301515571282e+004  1.3697529381985609e+004  1.3697527147305907e+004
  3.0776588202261031e+004  3.0776588202261031e+004  1.3420314520456384e+004  1.3420314520456359e+004  1.3420314520456359e+004  1.3420314520456359e+004  1.3420314520456359e+004  1.3420314520456359e+004  1.3420314520456359e+004  1.2564787841037669e+004  1.2564787840427132e+004  1.2564787840427132e+004  1.2564787840427132e+004  1.2564787840427132e+004
  3.1243487117429562e+004  3.0215634891758215e+004  1.5365333710277107e+004  1.5365329893311242e+004  1.4760283677666655e+004  1.4273891196449578e+004  1.4273891196449578e+004  1.4273891196449578e+004  1.4273891196449578e+004  1.4273891196449578e+004  1.4273891196449578e+004  1.4273891196449578e+004  1.4273891196449578e+004  1.3839906297111396e+004
  3.1939102085483413e+004  3.1330978165112298e+004  1.6296279007342913e+004  1.6296277932265086e+004  1.5276843978926918e+004  1.3950459399673844e+004  1.3950459399673844e+004  1.3950459399673844e+004  1.3950459399673844e+004  1.3950459399673844e+004  1.3950459399673844e+004  1.3950459399673844e+004  1.3950459399673844e+004  1.3950459399673844e+004
  3.2180952737539395e+004  3.0868150614821709e+004  1.2884569688526808e+004  1.2884569454536901e+004  1.2884568965292703e+004  1.2884462692079509e+004  1.2884460201422105e+004  1.2884460201422105e+004  1.2884460201422105e+004  1.2884460201422105e+004  1.2884460201422105e+004  1.2884460201422105e+004  1.2884460201422105e+004  1.2884460201422105e+004
  3.1729175807158870e+004  3.0695225998430120e+004  1.7051393280016473e+004  1.7051392872440243e+004  1.7051392823428552e+004  1.7051392823428552e+004  1.7051392823428552e+004  1.7051392823428552e+004  1.6017342552435381e+004  1.6017075736154951e+004  1.4199193059787482e+004  1.4199177033799650e+004  1.4199177033799650e+004  1.2605538970748563e+004
  3.1045210222803988e+004  3.0894276069505304e+004  1.4883807388423917e+004  1.3979224403604087e+004  1.3979153434362164e+004  1.3979152405378256e+004  1.3979152405378256e+004  1.3979152405378256e+004  1.3979152405378256e+004  1.3979152405378256e+004  1.3979152405378256e+004  1.3979152405378256e+004  1.3979152405378256e+004  1.3979152405378256e+004
  3.1769684581427406e+004  3.0737178577972547e+004  1.4139974539904739e+004  1.4139974539904739e+004  1.4139971468899865e+004  1.4139967995440395e+004  1.4139967995440395e+004  1.4139967995440395e+004  1.4139967995440395e+004  1.4139967995440395e+004  1.4139967995440395e+004  1.4139967995440395e+004  1.4139967995440395e+004  1.4139967995440395e+004
  3.1393185220426480e+004  3.0880275234065935e+004  1.6437883721065657e+004  1.6437883721065657e+004  1.6437883721065657e+004  1.2570977824677138e+004  1.2570977824677138e+004  1.2570977824677138e+004  1.2570977824677138e+004  1.2570977824677138e+004  1.2570977824677138e+004  1.2570977824677138e+004  1.2570977824677138e+004  1.2570977824677138e+004
  3.1976441630849142e+004  3.0629956473834256e+004  1.4557748362331142e+004  1.4557748362331142e+004  1.4557748362331142e+004  1.4557748362331142e+004  1.2949984610998963e+004  1.2949984602960831e+004  1.2949984602960831e+004  1.2949984602960831e+004  1.2949984602960831e+004  1.2949984602960831e+004  1.2949984602960831e+004  1.2949984602960831e+004
  3.0285537502982777e+004  2.9971806584921345e+004  1.4802609787138656e+004  1.4802609787138656e+004  1.4802609787138656e+004  1.4802609787138656e+004  1.4802609787138656e+004  1.4802609787138656e+004  1.3575742251221305e+004  1.3565634732048478e+004  1.3565634732048478e+004  1.3565634732048478e+004  1.3565634732048478e+004  1.3565634732048478e+004
  3.1913673398880637e+004  3.0361250771572217e+004  1.5195248959525274e+004  1.5195248959525274e+004  1.5195248959525274e+004  1.5195248959525274e+004  1.5195248959525274e+004  1.5195248959525274e+004  1.5195248959525274e+004  1.5195248959525274e+004  1.5195248959525274e+004  1.5195248959525274e+004  1.5195248959525274e+004  1.5195248959525274e+004
  3.1018238874413841e+004  3.1018238874413841e+004  1.4889123223379826e+004  1.4889123223379826e+004  1.4889113690388407e+004  1.4889107645639153e+004  1.4889107604858746e+004  1.4889107604858746e+004  1.4293187096065976e+004  1.4292914336697566e+004  1.4292914336697566e+004  1.4292914336697566e+004  1.3423578126548902e+004  1.3423577274440730e+004
  3.1604691092900823e+004  3.1278364368851711e+004  1.4443834259197785e+004  1.4443023841141185e+004  1.3625283625914024e+004  1.3625283625914024e+004  1.3625283625914024e+004  1.3625283625914024e+004  1.3625283625914024e+004  1.3625283625914024e+004  1.3625283625914024e+004  1.3625283625914024e+004  1.3625283625914024e+004  1.3625283625914024e+004
  3.1338676554339821e+004  2.9363025283933774e+004  1.2925573891712211e+004  1.2925573891712211e+004  1.2925573891712211e+004  1.2925573891712211e+004  1.2925573891712211e+004  1.2925573891712211e+004  1.2925573891712211e+004  1.2925573891712211e+004  1.2925573891712211e+004  1.2925573891712211e+004  1.2925573891712211e+004  1.2925573891712211e+004
