  4.6959854588547159e+001  4.6959854588547159e+001  4.4325738504008768e+001  4.4322734572435593e+001  4.4321432060109146e+001  4.4319892328759579e+001  4.4318993038907820e+001  4.3571647079565309e+001  4.3563551145199199e+001  4.3562973216181263e+001  4.3562642869009778e+001  4.3562589539560577e+001  4.3562557975652680e+001  4.3562538929017592e+001
  4.7571892962722131e+001  4.7118380295546558e+001  4.5107355085487598e+001  4.5102332177240896e+001  4.5032563668007924e+001  4.5029672695272666e+001  4.5029144184675488e+001  4.5028816843158211e+001  4.5028686196212220e+001  4.5028644197782114e+001  4.5028622915628375e+001  4.5028595259868780e+001  4.5028506736335885e+001  4.5028368363405207e+001
  4.7954436779726848e+001  4.7502820705594331e+001  4.5819974508188352e+001  4.5807420919344167e+001  4.5806298767221278e+001  4.5620481194188415e+001  4.5576700252992623e+001  4.5576008075007621e+001  4.5575870833490626e+001  4.5575799631315931e+001  4.5575742531085098e+001  4.5575716801207818e+001  4.5392211354720303e+001  4.5354674853690994e+001
  4.7752518249729746e+001  4.7592524336751012e+001  4.5078581111185713e+001  4.5072282568683022e+001  4.5068890681249286e+001  4.5068212855332376e+001  4.5067253704682344e+001  4.5066969615031667e+001  4.5066463769850316e+001  4.5066354604459093e+001  4.5066309779999528e+001  4.5066260770310691e+001  4.5066223384792011e+001  4.5066190392837370e+001
  4.7688961868435626e+001  4.6908201818293492e+001  4.3980258706812947e+001  4.3974245450090848e+001  4.3974245450090848e+001  4.3967224620465913e+001  4.3964379639003255e+001  4.3964189425975064e+001  4.3964102192467635e+001  4.3964058630687759e+001  4.3964014035878336e+001  4.3963950665638095e+001  4.3963901558272710e+001  4.3963852535848218e+001
  4.7598674478646444e+001  4.7337674447226391e+001  4.4302263021193085e+001  4.4268945932457655e+001  4.4268945932457655e+001  4.4261192804827260e+001  4.4258249017034814e+001  4.4258156095950653e+001  4.4257783526671119e+001  4.4257713861465390e+001  4.4257615629491283e+001  4.4257547146173920e+001  4.4257527465179237e+001  4.4257511843270095e+001
  4.7563488605372640e+001  4.6592537831729942e+001  4.4124654735334389e+001  4.4117246536351331e+001  4.4115098157770262e+001  4.4114521704545950e+001  4.4114472494275560e+001  4.4114451431549014e+001  4.4114436237511882e+001  4.4114426515812283e+001  4.4114415257843120e+001  4.4114398969976719e+001  4.4114384822192278e+001  4.4114370969501351e+001
  4.7214572039008317e+001  4.7214572039008317e+001  4.5456695737004111e+001  4.5440065523695239e+001  4.5439033332082772e+001  4.5439033332082772e+001  4.5437986351811332e+001  4.5437597062720670e+001  4.5437217701939517e+001  4.5437136361805869e+001  4.5437045271609350e+001  4.5436949333928396e+001  4.5436832303039182e+001  4.5436743875583034e+001
  4.7631771274839593e+001  4.7009961556084590e+001  4.4396761012343632e+001  4.4391402632463951e+001  4.4386480386510129e+001  4.4381505102391429e+001  4.4381294838520262e+001  4.4381107992403713e+001  4.4381017651257707e+001  4.4380870872091918e+001  4.4380779319186558e+001  4.4380712205875170e+001  4.4380673865151039e+001  4.4380626329995494e+001
  4.7518087076606889e+001  4.6993559931892150e+001  4.4409048773766244e+001  4.4399562216140566e+001  4.4395342083889091e+001  4.4393762209965644e+001  4.4393522329800362e+001  4.4393343031314771e+001  4.4393288522732064e+001  4.4393252309428135e+001  4.4393226424142085e+001  4.4393191560396644e+001  4.4393175439327024e+001  4.4393149006271415e+001
  4.6857964242865819e+001  4.6857964242865819e+001  4.5631753968803650e+001  4.5621614145667536e+001  4.5621614145667536e+001  4.5621614145667536e+001  4.4559037968499979e+001  4.4557931994384944e+001  4.4556501851346411e+001  4.4556186096457623e+001  4.4556066671444114e+001  4.4555975918352260e+001  4.4555832699588109e+001  4.4555810639099036e+001
  4.7448149423224095e+001  4.7274349871158847e+001  4.5355124395329312e+001  4.5349468513227976e+001  4.5346466550979130e+001  4.5345500177375925e+001  4.5345128563714979e+001  4.5344928198689558e+001  4.5344832651066781e+001  4.5344713791910181e+001  4.5344636249971927e+001  4.5344562781529476e+001  4.5344503334364845e+001  4.5344454587122755e+001
  4.7529430348577307e+001  4.7260680313460171e+001  4.5421313572423287e+001  4.5412233889041090e+001  4.5410303845218550e+001  4.5409578221701395e+001  4.4398222177790331e+001  4.4381507600202212e+001  4.4380727140710405e+001  4.4380454424911250e+001  4.4380009527066704e+001  4.4379868387120268e+001  4.4379800221076948e+001  4.4379783986810253e+001
  4.7496236440593293e+001  4.7496236440593293e+001  4.5654236121185704e+001  4.5641355335844992e+001  4.5640077933070643e+001  4.3746852122508926e+001  4.3745104155977742e+001  4.3744877102670898e+001  4.3744837912464618e+001  4.3744755271595750e+001  4.3744719068291715e+001  4.3744668853172016e+001  4.3744609357778927e+001  4.3744486107658759e+001
  4.7308535123151159e+001  4.6617565425285420e+001  4.4408701443877135e+001  4.4395706790535769e+001  4.4387652884664249e+001  4.4386877359210075e+001  4.4386681757354836e+001  4.4386452190174850e+001  4.4386396631606885e+001  4.4386361208460585e+001  4.4386328217394293e+001  4.4386266223702933e+001  4.4386242278736745e+001  4.4386220356433341e+001
  4.7567922270602821e+001  4.7567922270602821e+001  4.5312076444822651e+001  4.5290726668354864e+001  4.5285669336259843e+001  4.5283962384416327e+001  4.5280152335687490e+001  4.5279291523456777e+001  4.5279154558372056e+001  4.5279048836997617e+001  4.5278961160225890e+001  4.5278933399074049e+001  4.5278868161778064e+001  4.5278868149771597e+001
  4.7412564934596503e+001  4.7409567656428180e+001  4.4798549681805980e+001  4.4767991737038528e+001  4.4767991737038528e+001  4.4761061583786613e+001  4.4759523266882297e+001  4.4759058285236733e+001  4.4758856363278937e+001  4.4758808305557750e+001  4.4758736714610450e+001  4.4758721735996915e+001  4.4758684551650958e+001  4.4758678453251378e+001
  4.7551431898142255e+001  4.7551431898142255e+001  4.5820042165650193e+001  4.5808196620926992e+001  4.5808196620926992e+001  4.5804899223386883e+001  4.5804159733993856e+001  4.5803998970956400e+001  4.5803755822229959e+001  4.5803645070076072e+001  4.5803565684664818e+001  4.5803472570126132e+001  4.4434492432598063e+001  4.4423895195896193e+001
  4.7176319845258604e+001  4.7176319845258604e+001  4.4024267819653005e+001  4.4005127901714559e+001  4.3999340407740647e+001  4.3994840389155797e+001  4.3993927073686564e+001  4.3993263755131238e+001  4.3992987702453547e+001  4.3992858273632919e+001  4.3992834002524205e+001  4.3992808109789848e+001  4.3992792080807249e+001  4.3992778335983530e+001
  4.7257850648669773e+001  4.7257850648669773e+001  4.6116212188663667e+001  4.6084835365890285e+001  4.6079810375201760e+001  4.6078280149393549e+001  4.6078004075414810e+001  4.6077941111916061e+001  4.5865506410077387e+001  4.5864502926885052e+001  4.5864228523354768e+001  4.5863950881770052e+001  4.5863737413304307e+001  4.5863384841865354e+001
  4.7806539724065260e+001  4.7496628829063638e+001  4.5529103608983405e+001  4.5517518901064022e+001  4.5515178088733364e+001  4.5514437927985227e+001  4.5513900438068958e+001  4.5513804880240514e+001  4.5513549728595535e+001  4.5513486761449030e+001  4.5513335388060568e+001  4.5513286143921050e+001  4.5513235532172985e+001  4.5513209261314387e+001
  4.7350859970215424e+001  4.7342136671459230e+001  4.5469535832251722e+001  4.5443752812299181e+001  4.5437953326364322e+001  4.5436228178272586e+001  4.5435662916090223e+001  4.5435055029260866e+001  4.5434907704084935e+001  4.5434642031494377e+001  4.5434526212291075e+001  4.5434453689018937e+001  4.5434425137091694e+001  4.5434393556441591e+001
  4.7606718542995850e+001  4.7433804947943145e+001  4.5837189207634083e+001  4.5830548108615631e+001  4.5829142360864125e+001  4.5828518872725908e+001  4.5827979201224252e+001  4.5827949955011491e+001  4.5827894467182887e+001  4.5827868291175946e+001  4.5136928559959188e+001  4.4027105888697406e+001  4.4025544772683133e+001  4.3733569488010062e+001
  4.7018605254013664e+001  4.7018605254013664e+001  4.4759138039933987e+001  4.4721443669603104e+001  4.4716503114515717e+001  4.4714296533718880e+001  4.4712996867678385e+001  4.4712421905644533e+001  4.4712313963771066e+001  4.4711948600061532e+001  4.4711837574409174e+001  4.4711682365024444e+001  4.4711459860382547e+001  4.4711384638865866e+001
  4.7643148147590864e+001  4.7643148147590864e+001  4.4744325255039939e+001  4.4727512384762576e+001  4.4727512384762576e+001  4.4713226369980475e+001  4.4712376308817056e+001  4.4712008415791843e+001  4.4711862210339859e+001  4.4711735444444457e+001  4.4711696110771982e+001  4.4711641108377307e+001  4.4711613118522564e+001  4.4711578036248511e+001
  4.7552439615407366e+001  4.7509761533658093e+001  4.6585764948694987e+001  4.6581316928948127e+001  4.5755815806594910e+001  4.5753000348976684e+001  4.5752793510494257e+001  4.5752737822676863e+001  4.5752690095244816e+001  4.5752630431816669e+001  4.5752608227303654e+001  4.5752584970127600e+001  4.5752572605350679e+001  4.5752549764289824e+001
  4.7270092047121352e+001  4.7270092047121352e+001  4.5314185425614596e+001  4.5310450000079300e+001  4.5287123504186411e+001  4.5285473428931255e+001  4.5284509903294747e+001  4.5283885912947198e+001  4.5283631918293850e+001  4.5283626333346774e+001  4.5283500141936656e+001  4.5283402272202693e+001  4.5283369749123722e+001  4.5283282376499756e+001
  4.7532896973976449e+001  4.7525735905494230e+001  4.6629060361168968e+001  4.6617190481366379e+001  4.6611358431006011e+001  4.5696560913550456e+001  4.5695159621757739e+001  4.5098616620027315e+001  4.5067409286562679e+001  4.5060932027426361e+001  4.5059325504580102e+001  4.5059144987630361e+001  4.5059103618424615e+001  4.5059017187533527e+001
  4.7460274076550377e+001  4.7023650474852275e+001  4.5393579556799523e+001  4.5378895346589616e+001  4.5373388116845035e+001  4.5372054274859465e+001  4.5371796232863517e+001  4.5371620782671243e+001  4.5371397304451420e+001  4.5371271758417151e+001  4.5371104262676226e+001  4.5371000611556155e+001  4.5370846677353484e+001  4.5370788871936156e+001
  4.7600690846298676e+001  4.7576347122036623e+001  4.5501596028332415e+001  4.5484148190460019e+001  4.5477843942705476e+001  4.5476663094802689e+001  4.5475839022463106e+001  4.5475274990929393e+001  4.5474577253825146e+001  4.5474303955443020e+001  4.5474145322278900e+001  4.5474010408044251e+001  4.5473993211057177e+001  4.5473953300548374e+001
  4.7587962928373145e+001  4.7229312385609546e+001  4.4700082698192091e+001  4.4663385063834085e+001  4.4657612482667446e+001  4.4655889765848997e+001  4.4654842206720787e+001  4.4654667424284753e+001  4.4654562131235480e+001  4.4654437725417438e+001  4.4654381208107452e+001  4.4654268599901570e+001  4.4654199536173564e+001  4.4654062907713978e+001
  4.7352705608375345e+001  4.7352705608375345e+001  4.5304939779424785e+001  4.5289059431830765e+001  4.5286574772847644e+001  4.5285726941181110e+001  4.5284952261961735e+001  4.5284732568502477e+001  4.5284645078911808e+001  4.5284610510411085e+001  4.5284561839501066e+001  4.5284523233137406e+001  4.5284487748791662e+001  4.5284440774628820e+001
  4.7166137322916711e+001  4.6889420703365658e+001  4.4677979142880758e+001  4.4655385380202461e+001  4.4644062634815782e+001  4.4642933677628434e+001  4.4642786171292528e+001  4.4642423789017585e+001  4.4642313703795253e+001  4.4642216501790699e+001  4.4642166078611808e+001  4.4642143655281643e+001  4.4642113514865969e+001  4.4642101294591384e+001
  4.7476945188045875e+001  4.7465889571229354e+001  4.6043573729707759e+001  4.6042240940135571e+001  4.5954907435173254e+001  4.5921881284809615e+001  4.5919085654805713e+001  4.5918211008132857e+001  4.5917854985675149e+001  4.5917682371162527e+001  4.5917561972088151e+001  4.5916036865312435e+001  4.5916007662904804e+001  4.5915991320995090e+001
  4.7534447490686489e+001  4.6931638290559249e+001  4.4224015756564086e+001  4.4208982141722572e+001  4.4187624928184960e+001  4.4179121712847518e+001  4.4178117452458991e+001  4.4177694823720458e+001  4.4177332302338527e+001  4.4177208234727232e+001  4.4177103281507470e+001  4.4177056745189475e+001  4.4176927730799889e+001  4.4176909594664266e+001
  4.7401583023427520e+001  4.7208566106976377e+001  4.5607310539423906e+001  4.5590333976660759e+001  4.5585202362590962e+001  4.5584622722297581e+001  4.5584477878709322e+001  4.5584443726427935e+001  4.5584403741577262e+001  4.5584381719878365e+001  4.5118889899973055e+001  4.5114926864409199e+001  4.5114478969355787e+001  4.5114104388582291e+001
  4.7231869961056191e+001  4.7231869961056191e+001  4.5745238071928497e+001  4.5740075869571456e+001  4.5739401821372439e+001  4.5738732944654885e+001  4.5738162535895071e+001  4.5737847991254284e+001  4.5737725037798555e+001  4.5737610059091367e+001  4.5737528594277137e+001  4.5737466283649383e+001  4.5737414547701064e+001  4.5737332617511584e+001
  4.7038381412334047e+001  4.7038381412334047e+001  4.4853983538347165e+001  4.4845298932226115e+001  4.4842830444863694e+001  4.4839637554788169e+001  4.4837542571293625e+001  4.4836916838193019e+001  4.4836796265395151e+001  4.4836788662300251e+001  4.4836788607995004e+001  4.4836788589691196e+001  4.4836788568592965e+001  4.4836788537662414e+001
  4.6536402061271247e+001  4.6536402061271247e+001  4.4530431447818955e+001  4.4520755515454994e+001  4.4520107806640453e+001  4.4518215795956394e+001  4.4517306399490735e+001  4.4517069205646749e+001  4.4517014929686638e+001  4.4516977804345970e+001  4.4516965219824669e+001  4.4516946060424289e+001  4.4516847690354552e+001  4.4516795136093606e+001
  4.6921693246584482e+001  4.6909187321277841e+001  4.5691027915457653e+001  4.5673946651174674e+001  4.5671502011181474e+001  4.4716902640417402e+001  4.4578893825701925e+001  4.4563313207449937e+001  4.4562414031783874e+001  4.4562181617840906e+001  4.4562110385757023e+001  4.4562040655116107e+001  4.4561992997044626e+001  4.4561976747329936e+001
  4.7798805761329049e+001  4.7692643634978367e+001  4.5672421192892216e+001  4.5659973752429096e+001  4.5657946072120922e+001  4.5652725813738698e+001  4.5650491608651919e+001  4.5649521469079218e+001  4.5254843013827212e+001  4.5196153155895672e+001  4.5194983682148177e+001  4.5194565429877002e+001  4.5193086258813537e+001  4.5192991870688957e+001
  4.7380577223058708e+001  4.7330779202615759e+001  4.5459035244032748e+001  4.5451554282323968e+001  4.5449871701372103e+001  4.5448896744394688e+001  4.5291593022660663e+001  4.5273999615628554e+001  4.5273396767819577e+001  4.5273174485812660e+001  4.5273085553730652e+001  4.5273062853834972e+001  4.5272976122066666e+001  4.5272944308068418e+001
  4.7697550142381033e+001  4.7456225737174918e+001  4.5493387939082368e+001  4.5480361068506909e+001  4.5477542876722964e+001  4.5476402884588651e+001  4.5476050606897388e+001  4.5475899500219839e+001  4.5475777665392798e+001  4.5475693797967779e+001  4.5475641955205674e+001  4.5475619207930094e+001  4.5475591061125442e+001  4.5475541536691026e+001
  4.7715456080209833e+001  4.7266715280028166e+001  4.5971715622244574e+001  4.5971715622244574e+001  4.5908542085983299e+001  4.5907311392055590e+001  4.5906967804056649e+001  4.5906818047000797e+001  4.5906617927901834e+001  4.5906581874261974e+001  4.5906536756255036e+001  4.5437217883840276e+001  4.5430944263770925e+001  4.5430049337833225e+001
  4.7536188694322391e+001  4.6813631454641609e+001  4.4456693588822191e+001  4.4449518090361607e+001  4.4446559347864877e+001  4.4444022122286924e+001  4.4442212457875485e+001  4.4441774356741234e+001  4.4441419671453104e+001  4.4441364271167913e+001  4.4441294842911930e+001  4.4441040640213032e+001  4.4440967177299626e+001  4.4440896494491199e+001
  4.7667859305294087e+001  4.6833808726193865e+001  4.4692722599976150e+001  4.4673376859909695e+001  4.4666570744836008e+001  4.4666425969934380e+001  4.4666332327455166e+001  4.4666157253288929e+001  4.4666049864699744e+001  4.4665911355294611e+001  4.4665762696505908e+001  4.4665642765196026e+001  4.4665601587499623e+001  4.4665510264800332e+001
  4.7662289991146281e+001  4.7201268759171626e+001  4.5655189573812777e+001  4.5618627114229412e+001  4.4663458768494593e+001  4.4659640668284965e+001  4.4659338645370553e+001  4.4658757813746888e+001  4.4658573100592321e+001  4.4658432110970352e+001  4.4658392691768540e+001  4.4658380377693902e+001  4.4658299329131296e+001  4.4658277620548688e+001
  4.7563704419025271e+001  4.7460302723675795e+001  4.4593832050461742e+001  4.4568057864693174e+001  4.4563417867279213e+001  4.4562355763762298e+001  4.4561729403666277e+001  4.4561285953206152e+001  4.4561002385303482e+001  4.4560967730955099e+001  4.4560893473690385e+001  4.4560852718494971e+001  4.4560842886014825e+001  4.4560806519202742e+001
  4.7658761794426709e+001  4.7592278025227188e+001  4.6407540724786031e+001  4.6397082591669687e+001  4.6397082591669687e+001  4.5820019431592527e+001  4.5778713117466623e+001  4.5777681325361300e+001  4.5777391933125955e+001  4.5777258217184226e+001  4.5776466946457958e+001  4.5776058719031425e+001  4.5775857145103146e+001  4.5775810205439711e+001
  4.7676747917911371e+001  4.7376593541451939e+001  4.4437314934549704e+001  4.4430717938071894e+001  4.4428214262272377e+001  4.4427103054095596e+001  4.4426764319067388e+001  4.4426463560393813e+001  4.4426346693558116e+001  4.4426253549706644e+001  4.4426191055223853e+001  4.4426159894698230e+001  4.4426105626635263e+001  4.4426068610082439e+001
  4.7415393969768729e+001  4.7289370437184516e+001  4.5506532921112239e+001  4.5491686150374107e+001  4.5487805509472082e+001  4.5483851034181725e+001  4.5482020294730319e+001  4.5481337198713391e+001  4.5481212163301507e+001  4.5481152517738565e+001  4.5481128729996499e+001  4.5481111975555450e+001  4.5481104409953787e+001  4.5481094044369684e+001
