  2.1319450601029075e+001  2.1319450601029075e+001  1.9999999938436417e+001  1.9999999938436417e+001  1.9999999938436417e+001  1.9999999938436417e+001  1.9999999938436417e+001  1.9999999938436417e+001  1.9999999938436417e+001  1.9999999611792418e+001  1.9999998576850771e+001  1.9999998576850771e+001  1.9999998576850771e+001  1.9999998576850771e+001
  2.1370351070096831e+001  2.1370351070096831e+001  1.9999999281984856e+001  1.9999999281984856e+001  1.9999999281984856e+001  1.9999999281984856e+001  1.9999999281984856e+001  1.9999999281984856e+001  1.9999999281984856e+001  1.9999999281984856e+001  1.9999999281984856e+001  1.9999999281984856e+001  1.9999999281984856e+001  1.9999999281984856e+001
  2.1397815527552325e+001  2.1375781717202130e+001  1.9999999985407044e+001  1.9999999985407044e+001  1.9999999985407044e+001  1.9999999985407044e+001  1.9999998521738462e+001  1.9999998521738462e+001  1.9999998521738462e+001  1.9999998521738462e+001  1.9999998521738462e+001  1.9999998521738462e+001  1.9999998521738462e+001  1.9999998521738462e+001
  2.1351561475187850e+001  2.1318593553136679e+001  1.9999999900701596e+001  1.9999999900701596e+001  1.9999999900701596e+001  1.9999998475618554e+001  1.9999998475618554e+001  1.9999998475618554e+001  1.9999998475618554e+001  1.9999998475618554e+001  1.9999998475618554e+001  1.9999998475618554e+001  1.9999998475618554e+001  1.9999998475618554e+001
  2.1355891349891749e+001  2.1335449309122282e+001  1.9999999661393758e+001  1.9999999601926902e+001  1.9999999601911327e+001  1.9999999601911327e+001  1.9999999601911327e+001  1.9999999601911327e+001  1.9999999228056822e+001  1.9999999228056822e+001  1.9999999228056822e+001  1.9999999228056822e+001  1.9999999228056822e+001  1.9999999228056822e+001
  2.1370785393520691e+001  2.1362993583510956e+001  1.9999999966947485e+001  1.9999999966947485e+001  1.9999999966947485e+001  1.9999999017776304e+001  1.9999997901001166e+001  1.9999997901001166e+001  1.9999997901001166e+001  1.9999996358871272e+001  1.9999996358871272e+001  1.9999996358871272e+001  1.9999996358871272e+001  1.9999996358871272e+001
  2.1365066412760370e+001  2.1312657457207251e+001  1.9999999346407662e+001  1.9999999346407662e+001  1.9999999346338313e+001  1.9999999346338313e+001  1.9999999346338313e+001  1.9999998925457817e+001  1.9999998925457817e+001  1.9999998925457817e+001  1.9999998796396198e+001  1.9999998796396198e+001  1.9999997589503664e+001  1.9999997589503664e+001
  2.1316807226632932e+001  2.1316807226632932e+001  1.9999999568415205e+001  1.9999999568415205e+001  1.9999999568337671e+001  1.9999999568337671e+001  1.9999999314586489e+001  1.9999999314586489e+001  1.9999999314586489e+001  1.9999999314586489e+001  1.9999999314586489e+001  1.9999999314586489e+001  1.9999999131013851e+001  1.9999999131013851e+001
  2.1303120021761515e+001  2.1300864011789372e+001  1.9999999874500418e+001  1.9999999874500418e+001  1.9999999874500418e+001  1.9999999874500418e+001  1.9999999874500418e+001  1.9999999874500418e+001  1.9999999874500418e+001  1.9999998614548872e+001  1.9999998614548872e+001  1.9999998614548872e+001  1.9999998614548872e+001  1.9999998614548872e+001
  2.1365449254048599e+001  2.1342055847371398e+001  1.9999999628420028e+001  1.9999999628420028e+001  1.9999999628420028e+001  1.9999999628420028e+001  1.9999998793893383e+001  1.9999998784683612e+001  1.9999998784683612e+001  1.9999998784683612e+001  1.9999998784683612e+001  1.9999998784683612e+001  1.9999998784683612e+001  1.9999998784683612e+001
  2.1371793361338518e+001  2.1371793361338518e+001  1.9999998322165879e+001  1.9999998322165879e+001  1.9999998322165879e+001  1.9999998322165879e+001  1.9999998322165879e+001  1.9999998322165879e+001  1.9999998322165879e+001  1.9999998322165879e+001  1.9999998322165879e+001  1.9999998322165879e+001  1.9999998322165879e+001  1.9999998322165879e+001
  2.1383107370890912e+001  2.1332417583880897e+001  1.9999997732712245e+001  1.9999997732712245e+001  1.9999997732707016e+001  1.9999997732707016e+001  1.9999997732707016e+001  1.9999997732707016e+001  1.9999997732707016e+001  1.9999997732707016e+001  1.9999997732707016e+001  1.9999997732707016e+001  1.9999997732707016e+001  1.9999997732707016e+001
  2.1292298493930389e+001  2.1292298493930389e+001  1.9999999721338327e+001  1.9999999721338327e+001  1.9999999721338327e+001  1.9999999721338327e+001  1.9999999721338327e+001  1.9999999721338327e+001  1.9999999721338327e+001  1.9999999706261406e+001  1.9999999706261406e+001  1.9999999706261406e+001  1.9999999706261406e+001  1.9999999706261406e+001
  2.1374452382348636e+001  2.1302963439473274e+001  1.9999996649626723e+001  1.9999996649626723e+001  1.9999996649626723e+001  1.9999996649626723e+001  1.9999996649626723e+001  1.9999996649626723e+001  1.9999996649626723e+001  1.9999996649626723e+001  1.9999996649626723e+001  1.9999996649626723e+001  1.9999996649626723e+001  1.9999996649626723e+001
  2.1308958823913827e+001  2.1308958823913827e+001  1.9999998510405476e+001  1.9999998510405476e+001  1.9999998510405476e+001  1.9999998510405476e+001  1.9999998510405476e+001  1.9999998510405476e+001  1.9999998243640675e+001  1.9999997166302023e+001  1.9999997166302023e+001  1.9999997166302023e+001  1.9999997166302023e+001  1.9999997166302023e+001
  2.1333678622513048e+001  2.1333678622513048e+001  1.9999987377617799e+001  1.9999987377617799e+001  1.9999987377617799e+001  1.9999987377617799e+001  1.9999987377617799e+001  1.9999987377617799e+001  1.9999987377617799e+001  1.9999987377617799e+001  1.9999987377617799e+001  1.9999987377617799e+001  1.9999987377617799e+001  1.9999987377617799e+001
  2.1335921868663149e+001  2.1272256811858483e+001  1.9999999210087026e+001  1.9999999210087026e+001  1.9999999210087026e+001  1.9999999210087026e+001  1.9999999210087026e+001  1.9999999210087026e+001  1.9999999210087026e+001  1.9999999210087026e+001  1.9999998974159439e+001  1.9999998974159439e+001  1.9999998974159439e+001  1.9999998974159439e+001
  2.1353710905233129e+001  2.1305040139430275e+001  1.9999999881404506e+001  1.9999999881404506e+001  1.9999999881404506e+001  1.9999998607863290e+001  1.9999998607857947e+001  1.9999998607857947e+001  1.9999998607857947e+001  1.9999998607857947e+001  1.9999998607857947e+001  1.9999998607857947e+001  1.9999998607857947e+001  1.9999998607857947e+001
  2.1348428288083028e+001  2.1347408568882315e+001  1.9999999746337835e+001  1.9999999746337835e+001  1.9999999746337835e+001  1.9999999746337835e+001  1.9999999746337835e+001  1.9999999746337835e+001  1.9999999746337835e+001  1.9999999746337835e+001  1.9999999746337835e+001  1.9999999746337835e+001  1.9999999746337835e+001  1.9999997979120167e+001
  2.1326882222295808e+001  2.1326882222295808e+001  1.9999999470859620e+001  1.9999999470859620e+001  1.9999999470859620e+001  1.9999998143230300e+001  1.9999998143230300e+001  1.9999998143230300e+001  1.9999998143230300e+001  1.9999998143230300e+001  1.9999998143230300e+001  1.9999998143230300e+001  1.9999998143230300e+001  1.9999998143230300e+001
  2.1380563642406969e+001  2.1330103797690981e+001  1.9999999853258714e+001  1.9999999853258714e+001  1.9999999853258714e+001  1.9999999853258714e+001  1.9999999853258714e+001  1.9999999853258714e+001  1.9999999853258714e+001  1.9999999853258714e+001  1.9999999853258714e+001  1.9999999853258714e+001  1.9999999447777327e+001  1.9999999447777327e+001
  2.1411646208218372e+001  2.1361714560745440e+001  1.9999999891587549e+001  1.9999999810339091e+001  1.9999999738311885e+001  1.9999999370164119e+001  1.9999999370164119e+001  1.9999998070711285e+001  1.9999998070711285e+001  1.9999998070711285e+001  1.9999998070711285e+001  1.9999998070711285e+001  1.9999998070711285e+001  1.9999998070711285e+001
  2.1334106607496210e+001  2.1332062895540957e+001  1.9999999065830707e+001  1.9999999065830707e+001  1.9999999065830707e+001  1.9999999065830707e+001  1.9999998377625730e+001  1.9999998377625730e+001  1.9999997462614829e+001  1.9999997462614829e+001  1.9999997462614829e+001  1.9999997462614829e+001  1.9999997462614829e+001  1.9999997462614829e+001
  2.1356962385645943e+001  2.1356962385645943e+001  1.9999999953383508e+001  1.9999999514856427e+001  1.9999999498471993e+001  1.9999999498471993e+001  1.9999995490111019e+001  1.9999995490111019e+001  1.9999995490111019e+001  1.9999995490111019e+001  1.9999995490111019e+001  1.9999995490111019e+001  1.9999995490111019e+001  1.9999995490111019e+001
  2.1349477904295782e+001  2.1342008402292208e+001  1.9999999286128286e+001  1.9999999286128286e+001  1.9999999286128286e+001  1.9999999286128286e+001  1.9999999286128286e+001  1.9999999286128286e+001  1.9999999286128286e+001  1.9999999286128286e+001  1.9999999286128286e+001  1.9999999286128286e+001  1.9999999286128286e+001  1.9999999286128286e+001
  2.1259310773404763e+001  2.1259310773404763e+001  1.9999999867317115e+001  1.9999999867314955e+001  1.9999999867314955e+001  1.9999998731816618e+001  1.9999998731816618e+001  1.9999998731816618e+001  1.9999996299323357e+001  1.9999996299323357e+001  1.9999996299323357e+001  1.9999996299323357e+001  1.9999996299323357e+001  1.9999996299323357e+001
  2.1343787383645918e+001  2.1343787383645918e+001  1.9999999914938371e+001  1.9999999914938371e+001  1.9999999914938371e+001  1.9999998919274162e+001  1.9999998919274162e+001  1.9999998919274162e+001  1.9999998919274162e+001  1.9999996884812163e+001  1.9999996884812163e+001  1.9999996884812163e+001  1.9999996884812163e+001  1.9999996884812163e+001
  2.1389338360396209e+001  2.1320487680682504e+001  1.9999999674756054e+001  1.9999999674756054e+001  1.9999998322665988e+001  1.9999998322665988e+001  1.9999998322665988e+001  1.9999998322665988e+001  1.9999998322665988e+001  1.9999998322665988e+001  1.9999998322665988e+001  1.9999998322665988e+001  1.9999998322665988e+001  1.9999998322665988e+001
  2.1386021583171100e+001  2.1355575692476236e+001  1.9999998551558292e+001  1.9999998551558292e+001  1.9999998551558292e+001  1.9999998551558292e+001  1.9999998551558292e+001  1.9999997615110942e+001  1.9999997615110942e+001  1.9999997615110942e+001  1.9999997615110942e+001  1.9999997615110942e+001  1.9999997615110942e+001  1.9999997615110942e+001
  2.1342044965133141e+001  2.1273124601567019e+001  1.9999999251460622e+001  1.9999999251460622e+001  1.9999999251460622e+001  1.9999999179602241e+001  1.9999992524084291e+001  1.9999992524084291e+001  1.9999992524084291e+001  1.9999992524084291e+001  1.9999992524084291e+001  1.9999992524084291e+001  1.9999992524084291e+001  1.9999992524084291e+001
  2.1360512177555847e+001  2.1337426746847882e+001  1.9999999539025907e+001  1.9999999539005103e+001  1.9999999539005103e+001  1.9999999141901071e+001  1.9999997311337211e+001  1.9999997311089032e+001  1.9999997311088237e+001  1.9999997311088237e+001  1.9999997311088237e+001  1.9999997311088237e+001  1.9999997311088237e+001  1.9999997311085735e+001
  2.1314642674863080e+001  2.1314642674863080e+001  1.9999999967854365e+001  1.9999999765582970e+001  1.9999999765582970e+001  1.9999999765582970e+001  1.9999999765582970e+001  1.9999999765582970e+001  1.9999999578927373e+001  1.9999999578927373e+001  1.9999999578927373e+001  1.9999999104438757e+001  1.9999999104438757e+001  1.9999999104438757e+001
  2.1366689073703583e+001  2.1355378040529672e+001  1.9999999190969788e+001  1.9999999190969788e+001  1.9999999190969788e+001  1.9999999190969788e+001  1.9999999190969788e+001  1.9999996338635697e+001  1.9999996338628762e+001  1.9999996338628762e+001  1.9999996338628762e+001  1.9999996338628762e+001  1.9999996338628762e+001  1.9999996338628762e+001
  2.1289593917648631e+001  2.1289593917648631e+001  1.9999999695821202e+001  1.9999999695821202e+001  1.9999999695821202e+001  1.9999999215684966e+001  1.9999999215684966e+001  1.9999999215684966e+001  1.9999999215684966e+001  1.9999999215684966e+001  1.9999999215684966e+001  1.9999997862297164e+001  1.9999997862297164e+001  1.9999997302739644e+001
  2.1387085046095308e+001  2.1364322686072683e+001  1.9999999630046091e+001  1.9999999630046091e+001  1.9999999571965077e+001  1.9999999571965077e+001  1.9999997985404434e+001  1.9999997985404434e+001  1.9999997985404434e+001  1.9999997985404434e+001  1.9999997985404434e+001  1.9999997985404434e+001  1.9999997985404434e+001  1.9999997985404434e+001
  2.1319878870852790e+001  2.1319878870852790e+001  1.9999999850893573e+001  1.9999999850893573e+001  1.9999999850893573e+001  1.9999999850893573e+001  1.9999999850893573e+001  1.9999999850893573e+001  1.9999999850893573e+001  1.9999998929162416e+001  1.9999998929162416e+001  1.9999998929162416e+001  1.9999998929162416e+001  1.9999998929162416e+001
  2.1341132131357540e+001  2.1319528786446881e+001  1.9999999582950068e+001  1.9999999582950068e+001  1.9999999582950068e+001  1.9999999582950068e+001  1.9999998765367650e+001  1.9999998765191094e+001  1.9999998765191094e+001  1.9999998765191094e+001  1.9999998765191094e+001  1.9999998765191094e+001  1.9999998765191094e+001  1.9999998765191094e+001
  2.1324073171966802e+001  2.1324073171966802e+001  1.9999999832682988e+001  1.9999999832682988e+001  1.9999994934805386e+001  1.9999994934762867e+001  1.9999994934762867e+001  1.9999994934762867e+001  1.9999994934762867e+001  1.9999994934762867e+001  1.9999994934762867e+001  1.9999994934762867e+001  1.9999994934762867e+001  1.9999994934762867e+001
  2.1324699407770368e+001  2.1271479306991068e+001  1.9999999367098781e+001  1.9999999367098781e+001  1.9999999367098781e+001  1.9999998344494202e+001  1.9999998344494202e+001  1.9999998195236685e+001  1.9999998195236685e+001  1.9999998195236685e+001  1.9999998195236685e+001  1.9999998195236685e+001  1.9999998195236685e+001  1.9999998118681447e+001
  2.1373262057319266e+001  2.1321941762936262e+001  1.9999999699883688e+001  1.9999999699883688e+001  1.9999999699883688e+001  1.9999999699883688e+001  1.9999998537639840e+001  1.9999998537639840e+001  1.9999998537639840e+001  1.9999998537639840e+001  1.9999998537639840e+001  1.9999998537639840e+001  1.9999998537639840e+001  1.9999998537639840e+001
  2.1388800383796365e+001  2.1341475241546505e+001  1.9999999676364496e+001  1.9999999676364496e+001  1.9999999676364496e+001  1.9999999676364496e+001  1.9999999358993364e+001  1.9999999358993136e+001  1.9999998425408421e+001  1.9999998425408421e+001  1.9999998425408421e+001  1.9999998425408421e+001  1.9999998425408421e+001  1.9999998425408421e+001
  2.1379685987752282e+001  2.1368725439604304e+001  1.9999998577324163e+001  1.9999998577324163e+001  1.9999998577324163e+001  1.9999998577324163e+001  1.9999998577324163e+001  1.9999998577324163e+001  1.9999998577324163e+001  1.9999998577324163e+001  1.9999998577324163e+001  1.9999998577324163e+001  1.9999998577324163e+001  1.9999998577324163e+001
  2.1335098889620326e+001  2.1335098889620326e+001  1.9999999688362777e+001  1.9999998085389052e+001  1.9999998085389052e+001  1.9999998085389052e+001  1.9999998085389052e+001  1.9999998085389052e+001  1.9999998085389052e+001  1.9999998085389052e+001  1.9999998085389052e+001  1.9999998085389052e+001  1.9999998085389052e+001  1.9999998085389052e+001
  2.1321390665743252e+001  2.1321390665743252e+001  1.9999999635573545e+001  1.9999999635573545e+001  1.9999999635573545e+001  1.9999999635573545e+001  1.9999999635573545e+001  1.9999999635573545e+001  1.9999999635573545e+001  1.9999999635573545e+001  1.9999999635573545e+001  1.9999999635573545e+001  1.9999999635573545e+001  1.9999999172311846e+001
  2.1378408516377249e+001  2.1293276105656446e+001  1.9999998801582251e+001  1.9999998801582251e+001  1.9999998801582251e+001  1.9999998801582251e+001  1.9999998801582251e+001  1.9999998801582251e+001  1.9999998801582251e+001  1.9999998801582251e+001  1.9999998801582251e+001  1.9999998801582251e+001  1.9999992664601677e+001  1.9999992664601677e+001
  2.1370441391676195e+001  2.1324527599929070e+001  1.9999999983973339e+001  1.9999999983973339e+001  1.9999999983973339e+001  1.9999999983973339e+001  1.9999999983973339e+001  1.9999995788218371e+001  1.9999995788218371e+001  1.9999986690404853e+001  1.9999986690404853e+001  1.9999986690404853e+001  1.9999986690404853e+001  1.9999986690404853e+001
  2.1337532165488028e+001  2.1337532165488028e+001  1.9999999921509357e+001  1.9999999921509357e+001  1.9999999921509357e+001  1.9999999682969815e+001  1.9999999524695568e+001  1.9999999524695568e+001  1.9999999524695568e+001  1.9999999174017034e+001  1.9999999174016466e+001  1.9999999174016466e+001  1.9999999174016466e+001  1.9999999174016466e+001
  2.1380705019337370e+001  2.1371017599324432e+001  1.9999999754221108e+001  1.9999999754221108e+001  1.9999999754221108e+001  1.9999999754221108e+001  1.9999998899946149e+001  1.9999998899946149e+001  1.9999998846490143e+001  1.9999998846487870e+001  1.9999998846487870e+001  1.9999998846487870e+001  1.9999998846487870e+001  1.9999998846487870e+001
  2.1341965754958096e+001  2.1332220353369962e+001  1.9999999369727675e+001  1.9999999369727675e+001  1.9999999369727675e+001  1.9999999369727675e+001  1.9999999369727675e+001  1.9999999369727675e+001  1.9999999369727675e+001  1.9999999369727675e+001  1.9999999227086846e+001  1.9999999227086846e+001  1.9999999227086846e+001  1.9999999227086846e+001
  2.1323104771372527e+001  2.1323104771372527e+001  1.9999999883134933e+001  1.9999999883134933e+001  1.9999999883134933e+001  1.9999999200304956e+001  1.9999999200304956e+001  1.9999999200304956e+001  1.9999999200304956e+001  1.9999999200304956e+001  1.9999999200304956e+001  1.9999999200304956e+001  1.9999998846041649e+001  1.9999998810823627e+001
  2.1356409278335150e+001  2.1356409278335150e+001  1.9999999845786988e+001  1.9999999845786988e+001  1.9999999845786988e+001  1.9999999845786988e+001  1.9999999640671717e+001  1.9999999480945348e+001  1.9999998413057369e+001  1.9999998413057369e+001  1.9999998413057369e+001  1.9999998413057369e+001  1.9999998413057369e+001  1.9999998413057369e+001
