  1.3952721157912720e+001  1.3878496133763747e+000  4.7488856064910578e-001  4.7488856064910578e-001  4.0287598169152261e-001  2.4845408010583014e-001  2.4660166327066690e-001  1.3496065715457917e-001  1.3496065715457917e-001  1.3496065715457917e-001  1.3496065715457917e-001  1.1327350808642223e-001  1.1327350808642223e-001  5.6627327158594198e-002
  6.5075106392114321e+000  2.3864484861517212e+000  5.3165186381102103e-001  4.5893722101754975e-001  2.6681319776321288e-001  2.1778624038006456e-001  1.9448443776991553e-001  1.5768117691573025e-001  1.5504230849296619e-001  8.2491195640159276e-002  8.2491195640159276e-002  8.2491195640159276e-002  8.2491195640159276e-002  8.2491195640159276e-002
  8.5555586972627680e+000  3.1915302142283508e+000  5.8066341431663204e-001  5.0275349083426590e-001  3.0468773323309506e-001  2.6000221500657972e-001  2.1713841959012825e-001  2.0341616911809979e-001  1.5110040136346470e-001  1.4609092490468356e-001  1.3189807298181222e-001  1.2326296309151985e-001  1.1355333025971959e-001  1.1355333025971959e-001
  1.4635216697504120e+001  1.6077074937998077e+000  1.6077074937998077e+000  3.4913939900297919e-001  3.4913939900297919e-001  2.8277295889120069e-001  1.7230129453719201e-001  1.7230129453719201e-001  1.3553844960893002e-001  1.2801857213457879e-001  1.2801857213457879e-001  9.4295526365613114e-002  4.5123417560262169e-002  4.5123417560262169e-002
  1.2184192002075633e+001  4.2725872842506760e+000  5.7113396474210276e-001  4.1233849411423762e-001  3.2967378523972002e-001  3.0513070254187369e-001  2.2585904591664985e-001  2.2585904591664985e-001  1.5969989527616235e-001  1.0094935476581668e-001  1.0094935476581668e-001  1.0094935476581668e-001  1.0094935476581668e-001  1.0094935476581668e-001
  4.6970952088720423e+000  1.5397736703894225e+000  8.0547801446368794e-001  4.0655999326463643e-001  2.1205860538907473e-001  1.5115210237854626e-001  1.5115210237854626e-001  1.4330874949359895e-001  1.4330874949359895e-001  1.4330874949359895e-001  1.3894758779292715e-001  8.6848096529365648e-002  8.6848096529365648e-002  8.6848096529365648e-002
  4.3551785072043003e+000  2.0301238122981431e+000  8.3206140590914401e-001  3.8724959465389475e-001  2.8431818034232492e-001  2.6844562991936982e-001  1.7397421596888307e-001  1.5225913703102378e-001  1.5225913703102378e-001  1.3680683560937723e-001  1.3680683560937723e-001  1.3680683560937723e-001  1.3680683560937723e-001  1.3670528763736911e-001
  9.9879659507646465e+000  1.4316394167553881e+000  6.0655328764937622e-001  4.0047211564910867e-001  3.0854384923259204e-001  2.7423887685631598e-001  1.9832655048344350e-001  1.9832655048344350e-001  1.8488265278983818e-001  8.0551097695433782e-002  8.0551097695433782e-002  8.0453529639726185e-002  8.0453529639726185e-002  7.4341681925034209e-002
  5.1430679081042854e+000  8.8153487008116826e-001  3.6514741097948900e-001  3.6514741097948900e-001  3.5883198199258004e-001  2.8604859259553450e-001  2.8604859259553450e-001  2.4657476748507179e-001  1.2312845898691194e-001  1.2312845898691194e-001  1.2312845898691194e-001  1.2312845898691194e-001  1.2312845898691194e-001  1.2312845898691194e-001
  5.6632101036764197e+000  1.8533504952695239e+000  5.2040120308902260e-001  4.2324784278957850e-001  2.2694725684687000e-001  2.1644743149727219e-001  1.7063916635970600e-001  1.3374803388910550e-001  1.3374803388910550e-001  1.2263396756748079e-001  1.2263396756748079e-001  1.2263396756748079e-001  1.2263396756748079e-001  1.2263396756748079e-001
  1.0641165483277973e+001  2.3804890717728995e+000  5.6375732245010113e-001  4.9406441312430616e-001  2.3780436251126957e-001  2.3780436251126957e-001  2.3780436251126957e-001  1.1903355862295939e-001  1.1903355862295939e-001  1.1903355862295939e-001  9.4689777089342897e-002  9.4689777089342897e-002  7.1044841245793577e-002  7.1044841245793577e-002
  3.9636956952108449e+000  7.4486300541025230e-001  4.3527296129036586e-001  3.9241126772412827e-001  3.3505942324154603e-001  1.4358251578619274e-001  1.4358251578619274e-001  1.4358251578619274e-001  1.4358251578619274e-001  1.4358251578619274e-001  1.4358251578619274e-001  1.4358251578619274e-001  8.0318627917677077e-002  5.9003145267070067e-002
  1.2556674886512610e+001  2.5436281318361580e+000  7.2305852294266515e-001  5.0694697909329989e-001  3.3482959439083970e-001  1.6630816353222144e-001  1.6630816353222144e-001  1.4535771410010057e-001  1.4535771410010057e-001  1.4535771410010057e-001  1.0072211634451378e-001  1.0072211634451378e-001  1.0072211634451378e-001  1.0072211634451378e-001
  1.3417234174548412e+001  3.2998623613013933e+000  1.0716819369110908e+000  5.9077465147970543e-001  3.0296478886270961e-001  2.6599115282533603e-001  2.5882146972367082e-001  1.9364496214643623e-001  1.9364496214643623e-001  6.6620467296615971e-002  6.6620467296615971e-002  6.6620467296615971e-002  6.6620467296615971e-002  6.6508818590818919e-002
  8.0674811607655101e+000  1.8342573960046593e+000  4.0918743213069320e-001  4.0918743213069320e-001  2.5819593972937582e-001  2.5819593972937582e-001  2.1817800161306877e-001  1.9745324623818306e-001  1.9745324623818306e-001  1.6609784656134252e-001  1.6609784656134252e-001  1.6609784656134252e-001  1.6609784656134252e-001  1.6609784656134252e-001
  1.3211920753105233e+001  1.9351265935738411e+000  5.0534514265746111e-001  3.1323484079894115e-001  3.1323484079894115e-001  1.4759817320555157e-001  1.4759817320555157e-001  1.4759817320555157e-001  1.4759817320555157e-001  1.4759817320555157e-001  1.4428182760138952e-001  1.1949340164164823e-001  1.1949340164164823e-001  9.7575893910288869e-002
  4.6722246783056107e+000  1.7418747450944920e+000  4.3845288202078336e-001  4.0340533606376994e-001  2.5135959282988551e-001  2.1673726569997598e-001  2.1673726569997598e-001  1.9076972239167844e-001  1.9076972239167844e-001  1.9076972239167844e-001  1.4025332107553368e-001  1.4025332107553368e-001  1.4025332107553368e-001  1.3595721127808247e-001
  1.4247104130424077e+001  8.7365627610324736e-001  4.8856823076403089e-001  4.2188129053738521e-001  2.8402400317213505e-001  2.8402400317213505e-001  1.5838759939674674e-001  1.5838759939674674e-001  1.5838759939674674e-001  6.5046043275515331e-002  6.5046043275515331e-002  6.5046043275515331e-002  6.5046043275515331e-002  6.5046043275515331e-002
  1.3909636256678823e+001  2.1994413048862498e+000  9.3914002502083349e-001  5.6929035875941736e-001  2.4316330422698229e-001  2.4316330422698229e-001  2.4316330422698229e-001  2.4316330422698229e-001  2.4213684623737208e-001  6.0856972667806986e-002  6.0848194841355507e-002  6.0848194841355507e-002  6.0848194841355507e-002  6.0848194841355507e-002
  1.0510423640955878e+001  7.7168077568353510e-001  5.1224608140319106e-001  5.1224608140319106e-001  2.5833591285640978e-001  1.7118122193824092e-001  4.3276676210098231e-002  4.3276676210098231e-002  4.3276676210098231e-002  4.3276676210098231e-002  4.3276676210098231e-002  4.3276676210098231e-002  4.3276676210098231e-002  4.3276676210098231e-002
  1.0466269979520348e+001  6.6491826581227542e-001  3.6111051276498074e-001  3.5274852852580807e-001  2.9935155083921927e-001  2.5840552183262844e-001  2.0326609495759840e-001  1.9629434942862645e-001  1.7076320598289385e-001  1.7076320598289385e-001  9.4809108250046847e-002  9.4809108250046847e-002  9.4809108250046847e-002  8.0875066558519393e-002
  1.6168528038331260e+001  2.9514156419211304e+000  6.4993438933061043e-001  4.2838764502789672e-001  2.9150389271649146e-001  2.6324338054882901e-001  1.6859818693592388e-001  1.6859818693592388e-001  1.4830195511558486e-001  1.4767715047196361e-001  1.2830929814822412e-001  1.2830929814822412e-001  1.1986766355494183e-001  1.1986766355494183e-001
  9.1551162296195798e+000  6.2457107339196227e-001  4.4499401336702249e-001  3.9285549487772187e-001  2.8684947578472020e-001  2.3963592486211382e-001  1.2366204647628365e-001  1.2366204647628365e-001  1.2366204647628365e-001  1.2366204647628365e-001  1.2366204647628365e-001  1.2366204647628365e-001  7.6905481422045341e-002  4.5045132654422559e-002
  2.7922614085562145e+000  1.5561588372750066e+000  1.1174981584697434e+000  4.2288202720942536e-001  2.8414218075295139e-001  2.8414218075295139e-001  2.2523426850193573e-001  1.6412281661632733e-001  1.6412281661632733e-001  1.0732509198669504e-001  1.0732509198669504e-001  1.0732509198669504e-001  1.0732509198669504e-001  8.3995703350865369e-002
  5.7803237878479194e+000  2.5070398333059529e+000  6.6515616797983057e-001  3.9222003958843743e-001  2.1261637640395747e-001  1.5104609665922908e-001  1.5104609665922908e-001  1.5104609665922908e-001  1.0622052816916039e-001  1.0622052816916039e-001  1.0622052816916039e-001  1.0622052816916039e-001  1.0622052816916039e-001  1.0622052816916039e-001
  8.5012750210707964e+000  1.7255389330914568e+000  8.1879594717497639e-001  3.8262891044632852e-001  3.0675360941268082e-001  1.8433791085590201e-001  8.3973545810522410e-002  8.3973545810522410e-002  8.3973545810522410e-002  8.3973545810522410e-002  8.3973545810522410e-002  8.3973545810522410e-002  8.3973545810522410e-002  8.3973545810522410e-002
  1.0370374784608202e+001  2.6624036975292711e+000  7.0296183898972231e-001  4.5052367242283253e-001  3.0558148340674052e-001  3.0558148340674052e-001  2.1455900215778456e-001  2.1455900215778456e-001  1.6859626978020970e-001  1.3672216857412423e-001  1.3672216857412423e-001  1.2061398940932122e-001  1.2061398940932122e-001  8.6432735336529731e-002
  1.0465410884849689e+001  1.9517922743732470e+000  4.8393153479014472e-001  2.6186531038183603e-001  2.6186531038183603e-001  1.3907161813926905e-001  1.3907161813926905e-001  1.3907161813926905e-001  1.3907161813926905e-001  1.3907161813926905e-001  1.3577279036235268e-001  1.0307674266141476e-001  1.0307674266141476e-001  1.0307674266141476e-001
  6.4414465571167057e-001  6.4414465571167057e-001  5.2532791961698422e-001  4.3253922448184312e-001  3.0560903749460522e-001  2.7256538437836753e-001  2.3341471296157579e-001  2.3146343956022974e-001  2.3146343956022974e-001  1.5979412742581189e-001  1.2342679218295416e-001  1.2342679218295416e-001  1.1419297517818450e-001  1.1419297517818450e-001
  1.2371057763354429e+001  1.3586754726218260e+000  3.8047919831819854e-001  3.8047919831819854e-001  3.3707211714681762e-001  2.7516327931107298e-001  2.0261263290558418e-001  2.0261263290558418e-001  1.6113212294385448e-001  1.5783606350282753e-001  1.5783606350282753e-001  9.1159054080890201e-002  9.1159054080890201e-002  9.1159054080890201e-002
  1.2255958041624808e+001  1.7464966115462630e+000  7.5268897213163655e-001  4.2823737619528401e-001  3.8239911124696846e-001  2.7367317393714075e-001  2.1904403108624138e-001  2.0710011292953823e-001  7.4644247667947639e-002  7.4644247667947639e-002  7.4644247667947639e-002  7.4644247667947639e-002  7.4644247667947639e-002  7.4644247667947639e-002
  3.9820835972980149e+000  6.2996695880883635e-001  6.2996695880883635e-001  4.4536162089138998e-001  2.3399862998962817e-001  2.3399862998962817e-001  1.8119581595760792e-001  1.8119581595760792e-001  1.8119581595760792e-001  1.4558883200334094e-001  9.1753772414449486e-002  9.1753772414449486e-002  9.1753772414449486e-002  9.1753772414449486e-002
  1.4407700172389013e+001  1.8647544559789822e+000  8.3628151221705593e-001  4.8148773994466865e-001  3.5599385651880766e-001  3.3627806389108628e-001  2.2265844706134885e-001  1.7694906353585793e-001  1.2558252582880414e-001  1.2558252582880414e-001  1.2558252582880414e-001  1.2558252582880414e-001  1.2558252582880414e-001  1.2558252582880414e-001
  1.6730113784678224e+001  2.9558112231154610e+000  8.2390146160423683e-001  5.0508593867925811e-001  4.0389293580187768e-001  2.0069881479366813e-001  1.9832933550105736e-001  1.9832933550105736e-001  1.9831025428970861e-001  8.5885941137121335e-002  8.4687841901313732e-002  8.4687841901313732e-002  8.4687841901313732e-002  8.4687841901313732e-002
  1.5816345358065064e+001  2.4861318526120613e+000  7.1612937968211554e-001  2.8452466094881856e-001  2.2174302697067105e-001  1.7467317126170201e-001  9.6476118042119197e-002  9.6476118042119197e-002  9.6475575603335528e-002  9.6475575603335528e-002  9.6475575603335528e-002  9.6475575603335528e-002  9.6475575603335528e-002  9.6475575603335528e-002
  1.7094969518311473e+001  1.9244461658022374e+000  8.6146334379213840e-001  2.9967079168545752e-001  2.9967079168545752e-001  2.2405712354725438e-001  1.3253755904815989e-001  1.3253755904815989e-001  1.3253755904815989e-001  1.3253755904815989e-001  1.3253755904815989e-001  1.3253755904815989e-001  1.3253755904815989e-001  1.3253755904815989e-001
  1.0802347196049823e+001  2.2880477766793774e+000  4.4973558416268133e-001  4.4973558416268133e-001  4.0802965292004956e-001  2.5047425702427972e-001  1.8384532211211990e-001  1.7173741591068392e-001  1.2038165538092471e-001  1.2038165538092471e-001  1.2038165538092471e-001  9.9542976257680493e-002  9.9542976257680493e-002  9.9542976257680493e-002
  1.1487368638287762e+001  2.2773617669272426e+000  5.3982687932693807e-001  4.4357963179004400e-001  3.2782982113394610e-001  3.2782982113394610e-001  2.1127214795910731e-001  8.8707075541378799e-002  8.4912697632262280e-002  8.4912697632262280e-002  8.4912697632262280e-002  8.4912697632262280e-002  8.4912697632262280e-002  5.7331582467668341e-002
  1.4890033569341540e+001  1.0117302437222406e+000  8.9032641707467519e-001  3.9983768169008727e-001  2.3780922015248507e-001  1.9855373509153651e-001  1.0310026444426512e-001  1.0310026444426512e-001  1.0310026444426512e-001  1.0310026444426512e-001  1.0310026444426512e-001  1.0310026444426512e-001  1.0310026444426512e-001  1.0310026444426512e-001
  1.2467875423551959e+001  2.7483075793415992e+000  6.1058624231691283e-001  3.3946720774724781e-001  2.0803169141822764e-001  2.0803169141822764e-001  2.0803169141822764e-001  2.0803169141822764e-001  2.0803169141822764e-001  1.6589017863952904e-001  1.2791262926725722e-001  1.2791262926725722e-001  1.2791262926725722e-001  1.2791262926725722e-001
  1.0732711201310394e+001  7.5328909015365753e-001  5.4579555274312952e-001  3.7530393729457501e-001  2.4719601489323395e-001  2.4719601489323395e-001  1.7674054341523515e-001  1.7674054341523515e-001  1.7674054341523515e-001  1.7674054341523515e-001  1.7674054341523515e-001  1.1161608406314372e-001  8.1780298469539048e-002  8.1780298469539048e-002
  1.1894369864592363e+001  2.2818344252420957e+000  6.5704935196549741e-001  4.1434662547385415e-001  2.3471434483599296e-001  2.2422913057698679e-001  2.0403593365176675e-001  2.0403593365176675e-001  1.8341255218251717e-001  1.2008672660931552e-001  1.2008672660931552e-001  1.2008672660931552e-001  1.2008672660931552e-001  1.2004731922547762e-001
  9.4490951909799605e+000  4.2572651062255318e+000  1.0466679450678384e+000  5.0484238461353925e-001  3.1267729592809701e-001  2.8921733876427425e-001  1.5103708544256733e-001  1.3282112403226165e-001  1.3282112403226165e-001  5.5265347245949670e-002  5.5265347245949670e-002  5.5197296241203730e-002  5.5197296241203730e-002  5.5197296241203730e-002
  1.0434431706554733e+001  9.1245930801915165e-001  7.3551137888625817e-001  4.2013366344713177e-001  2.1257897275677351e-001  1.4225917892622419e-001  1.4225917892622419e-001  1.3825461884357537e-001  1.3825461884357537e-001  1.2553527301656686e-001  1.2553527301656686e-001  1.2553527301656686e-001  1.2553527301656686e-001  1.1123675276780887e-001
  1.1698154955530981e+001  1.4932153563745487e+000  5.7440615645214166e-001  4.6983875420937693e-001  3.2774345822167561e-001  2.0315357933304767e-001  1.2206506623988389e-001  1.2206506623988389e-001  1.2206506623988389e-001  1.2206506623988389e-001  1.2206506623988389e-001  1.2206506623988389e-001  1.2206506623988389e-001  7.1919152515420137e-002
  1.0135614927972938e+001  1.8868945252179401e+000  5.7553071691904734e-001  4.6195019996207520e-001  3.0784273937683793e-001  2.6512887448325273e-001  1.2790700158939217e-001  1.2790700158939217e-001  1.2790700158939217e-001  1.2788994963420919e-001  1.2788994963420919e-001  1.2788994963420919e-001  1.2788994963420919e-001  1.2788994963420919e-001
  1.0528250661547190e+001  2.8820964858243769e+000  5.1870919417319783e-001  3.8334091406522930e-001  3.3582059652530916e-001  3.3486137843215147e-001  2.2993330243684795e-001  1.7497470876082843e-001  1.7445940162019724e-001  8.0505998482067298e-002  8.0505998482067298e-002  8.0505998482067298e-002  8.0505998482067298e-002  8.0505998482067298e-002
  1.4209565738492302e+001  1.5731923937094052e+000  6.9485014493898234e-001  3.6294621137699323e-001  2.5732364114833217e-001  2.3461959966130053e-001  2.0904803066628119e-001  2.0904803066628119e-001  8.9094334573928791e-002  8.9094334573928791e-002  8.9094334573928791e-002  8.9094334573928791e-002  8.9094334573928791e-002  8.9094334573928791e-002
  1.2786729504578943e+001  1.4010809493513534e+000  7.1360797225338501e-001  4.0438849049724013e-001  2.8239502083147272e-001  2.3161990663902543e-001  2.3161990663902543e-001  2.3161990663902543e-001  1.3425873718892944e-001  1.3425873718892944e-001  1.3425873718892944e-001  1.3425873718892944e-001  1.3425873718892944e-001  9.8904340732133278e-002
  1.2240076824878088e+001  2.4820494476291515e+000  8.6859797248393988e-001  2.1370034054007192e-001  2.1370034054007192e-001  2.1370034054007192e-001  2.1370034054007192e-001  1.8883445349115391e-001  1.8288609528917732e-001  1.7376489223261160e-001  1.6103902450640817e-001  1.6103902450640817e-001  1.1689491107517824e-001  1.1689491107517824e-001
  7.7046408820208399e+000  3.2158170300995153e+000  1.0802431299875934e+000  3.7341869726924415e-001  2.6606566027612644e-001  1.7964873959931538e-001  1.7964873959931538e-001  1.7964873959931538e-001  1.7964873959931538e-001  1.7473431083544710e-001  1.7473431083544710e-001  1.4390231610445881e-001  1.4390231610445881e-001  1.0270048548068189e-001
