  3.1907605124088150e+000  2.5500854279582654e+000  2.1147058518317863e+000  2.1147058518317863e+000  1.5372492215856255e+000  1.2683709637628908e+000  5.9827779209490473e-001  5.9827779209490473e-001  3.6341515075196185e-001  3.6341158603795520e-001  3.6341158603795520e-001  3.6341158603795520e-001  3.6341096051705790e-001  3.6340362421151440e-001
  3.0082872430186853e+000  2.8112980247101405e+000  2.5158416632029912e+000  2.5158416632029912e+000  1.3594025684765256e+000  9.6504747848734951e-001  9.2571762345278330e-001  8.9930964562631743e-001  8.3463929902723066e-001  8.3463929902723066e-001  8.0200429696674291e-001  8.0200421198674121e-001  8.0200421198674121e-001  8.0200421198674121e-001
  2.4905399442568523e+000  2.1490679094836196e+000  2.1490679094836196e+000  1.3533920378406492e+000  1.2281958801818291e+000  5.9241080228844112e-001  5.6085337464605800e-001  5.6085337464605800e-001  5.6085337464605800e-001  5.1238020542177765e-001  5.1137898576166663e-001  5.1137898576166663e-001  5.1114831030713503e-001  5.1100252556625492e-001
  2.6111386414195294e+000  2.4877413377603261e+000  2.3685833406600523e+000  1.5770854797622178e+000  1.5770854797622178e+000  1.3589796822925564e+000  7.3085074773257475e-001  6.2973351454343174e-001  6.2973351454343174e-001  6.2973351454343174e-001  6.2973351454343174e-001  5.7765533151041382e-001  5.6222322031749172e-001  5.6219940838809634e-001
  3.1771749615445515e+000  1.9249663150396827e+000  1.9249663150396827e+000  1.9249663150396827e+000  1.9249663150396827e+000  1.0389281006632700e+000  1.0105907784270585e+000  7.0673273395800607e-001  7.0671950807513895e-001  7.0671950807513895e-001  6.5104731953624650e-001  6.3574821517863711e-001  6.3574821517863711e-001  6.3574745078108208e-001
  2.6559859797957870e+000  2.2021232674153453e+000  2.2021232674153453e+000  2.2012177607787180e+000  9.3822198115208266e-001  9.2183661496687819e-001  8.7118277703257263e-001  7.3092409877699538e-001  7.3092409877699538e-001  7.3092409877699538e-001  7.3092409877699538e-001  7.3092409877699538e-001  7.3077489791990047e-001  7.3067053559111628e-001
  2.6165288882896220e+000  2.6154151602313505e+000  1.6975715992914502e+000  1.6975715992914502e+000  7.1296910476758057e-001  5.9256204160897141e-001  5.9256204160897141e-001  4.8375247945091360e-001  4.8375101217948213e-001  4.8375101217948213e-001  4.8375101217948213e-001  4.8375101217948213e-001  4.8375101217948213e-001  4.8375101217948213e-001
  3.3495403290255581e+000  2.3047288083828334e+000  2.2158018205464032e+000  2.2158018205464032e+000  1.5485220280568228e+000  1.0185440232683050e+000  1.0185406992686694e+000  8.4936497257467636e-001  7.0362181252266964e-001  7.0362181252266964e-001  6.8889947729849155e-001  6.8878220944316126e-001  5.4936132301622820e-001  5.0901146806654651e-001
  2.8600564565851982e+000  2.2059532792336540e+000  2.2059532792336540e+000  1.9135589393990813e+000  1.5509281780252877e+000  1.0849410474775141e+000  1.0362552918732035e+000  1.0362552918732035e+000  1.0185318873395772e+000  1.0129904817611077e+000  1.0129904817611077e+000  1.0129904817611077e+000  9.3847058152823593e-001  9.3846995748390327e-001
  2.7434174764857744e+000  2.4288567476196476e+000  2.4288567476196476e+000  2.1889264420283325e+000  8.5790595600383313e-001  8.2687810148513563e-001  8.0750498173506458e-001  6.8499453154345247e-001  5.9893561872740975e-001  5.5827571254167196e-001  5.5827571254167196e-001  4.9744043749615230e-001  4.9744043749615230e-001  4.9741452720400048e-001
  3.0125793212901044e+000  2.3829186533405391e+000  1.9331027175892359e+000  1.5641015775511278e+000  1.3701046665596550e+000  8.8690577163401940e-001  8.0331092464439280e-001  5.4996762611722261e-001  5.4996762611722261e-001  5.4996762611722261e-001  5.3933533934286970e-001  5.3933533934286970e-001  5.3933533934286970e-001  5.3933533934286970e-001
  3.0827785844637674e+000  2.6811433335278707e+000  2.2442477798701930e+000  2.0149922625607815e+000  1.1931779462495342e+000  9.3951700096044988e-001  9.3951700096044988e-001  7.7673080374847814e-001  6.4838573769247887e-001  6.4838573769247887e-001  6.4838573769247887e-001  6.1384880719469948e-001  6.1384718935823912e-001  6.1384718935823912e-001
  2.6264537766246576e+000  2.4114907155010314e+000  2.4114907155010314e+000  2.3235304781678678e+000  1.7576846684489738e+000  1.6332581647582174e+000  8.0631192234136506e-001  6.4553466280653993e-001  6.4550038047605085e-001  5.8723329450367601e-001  4.4153097976163735e-001  4.4145573555920237e-001  4.4145573555920237e-001  4.4145573555920237e-001
  2.4060311756738884e+000  1.9758510799938449e+000  1.9473478750471713e+000  1.9473478750471713e+000  1.7946577909858661e+000  5.8815443371236142e-001  5.8815443371236142e-001  5.8815443371236142e-001  5.8813516316627101e-001  5.8813516316627101e-001  5.8813516316627101e-001  5.8813516316627101e-001  5.8813516316627101e-001  5.8813516316627101e-001
  2.6573429804029729e+000  2.6429877678415323e+000  2.1438661847287221e+000  2.0496168901438523e+000  1.8657092696455493e+000  1.4969345903678004e+000  1.4690756513887209e+000  5.4565058740809036e-001  4.9467093462453704e-001  4.9467093462453704e-001  4.9467093462453704e-001  4.9465764863998629e-001  4.9465764863998629e-001  4.9463671499188422e-001
  3.1511139749745780e+000  2.4263701867077998e+000  2.1766558666397486e+000  8.4062095990407215e-001  8.1450508435295887e-001  6.7049864757018440e-001  6.6131209044874595e-001  6.6122074287864052e-001  6.6122026823177293e-001  6.6122026823177293e-001  6.1616986874764734e-001  5.1412011280899605e-001  5.1410665762318786e-001  5.1410665762318786e-001
  1.9871603633050654e+000  1.4918406681449596e+000  1.4498443617089833e+000  1.2741583008196358e+000  1.1224203803622004e+000  1.1224203803622004e+000  9.6415000048205002e-001  9.3993913227564008e-001  9.0620628874376052e-001  7.2782718164876314e-001  7.2781500471660365e-001  7.2781500471660365e-001  7.2781500471660365e-001  7.2781500471660365e-001
  2.7786166146729556e+000  1.8880087511852253e+000  1.8880087511852253e+000  1.8880087511852253e+000  1.8258719286136511e+000  1.4848650227422695e+000  7.2855735844291303e-001  6.0023447198091162e-001  6.0023390931837639e-001  6.0023390931837639e-001  6.0023390931837639e-001  5.6797486081904935e-001  5.5445646020302775e-001  5.5445646020302775e-001
  2.7001270621810818e+000  2.4046955025053194e+000  2.4046955025053194e+000  2.0240666977854289e+000  2.0079332720747516e+000  9.2695193799181652e-001  9.2695193799181652e-001  8.9413379172151508e-001  8.1979871646831270e-001  7.9697485096176024e-001  6.4243607357730070e-001  6.4243371288830531e-001  6.4243371288830531e-001  6.2635333101775359e-001
  2.5426571536136180e+000  1.6096105889268983e+000  1.4376367852571548e+000  1.3345494387694998e+000  1.3345494387694998e+000  1.2339098911963902e+000  1.1709885207922071e+000  1.1413766524244693e+000  8.4796788420067060e-001  5.0101360551752805e-001  4.7048453342927132e-001  4.6516907491854909e-001  4.6516818273221361e-001  4.6516818273221361e-001
  3.0773552636594559e+000  2.1416057984311010e+000  2.1416057984311010e+000  1.7940595798359027e+000  1.5319926593797391e+000  1.2936761932373884e+000  6.3319162390871497e-001  6.3319162390871497e-001  5.9692141303548851e-001  5.9692141303548851e-001  5.7962483705387058e-001  5.7950222880435831e-001  5.7948830539839946e-001  5.7948830539839946e-001
  2.0503841919089609e+000  2.0503841919089609e+000  2.0503841919089609e+000  2.0503841919089609e+000  1.0770644822628128e+000  1.0770644822628128e+000  3.5095519331684955e-001  2.8814490823106098e-001  2.8814490823106098e-001  2.8814490823106098e-001  2.8814232961485686e-001  2.8814232961485686e-001  2.8814232961485686e-001  2.8814232961485686e-001
  2.7161661563852704e+000  2.3928057577350046e+000  1.5120816157534591e+000  1.4570068916168566e+000  1.4201067361152582e+000  1.3517718835503274e+000  1.1581543858965233e+000  1.1581543858965233e+000  1.1581543858965233e+000  9.2960707122551867e-001  6.8897356302841217e-001  5.3301474395175319e-001  5.2020212262800669e-001  5.2016984644774311e-001
  2.1437564986565576e+000  1.9810028363840502e+000  1.4633255203889348e+000  1.2735117802990317e+000  1.1783088418380885e+000  1.1358323408203432e+000  1.1358240863714855e+000  1.1358240863714855e+000  9.1827334854610854e-001  8.1881871226369185e-001  8.0360102959525648e-001  8.0360102959525648e-001  8.0360102959525648e-001  8.0360102959525648e-001
  2.8837396114452076e+000  2.2162935499347896e+000  1.8102767869422678e+000  1.8102767869422678e+000  1.5785379574690523e+000  1.1083624611526375e+000  7.6277874926427103e-001  7.6277874926427103e-001  7.3556752296690320e-001  7.3556752296690320e-001  7.3556752296690320e-001  7.3556098687231497e-001  7.3556098687231497e-001  7.3556098687208760e-001
  2.9027771392802606e+000  2.1453935232382264e+000  2.1453935232382264e+000  1.5979177959568460e+000  1.0166686839245358e+000  8.7833275911293640e-001  8.7833275911293640e-001  8.7831458667164952e-001  8.7831458667164952e-001  6.9085482630748629e-001  6.9085482630748629e-001  6.9085482630748629e-001  6.9085482630748629e-001  6.9085320856515864e-001
  2.7599174884480817e+000  2.6278758636758539e+000  2.0179403977924721e+000  1.2119678626231689e+000  9.8690918337115363e-001  7.2648869768750046e-001  6.5954511671429827e-001  6.5954511671429827e-001  6.5953107421660206e-001  6.5923957893551233e-001  5.8435531615464242e-001  5.7286454745690207e-001  4.8799223630499000e-001  4.2101798891758335e-001
  2.8169186550026097e+000  2.3810290739970696e+000  2.0404184782762513e+000  1.8788668692889132e+000  1.5781540300799861e+000  1.1151397631770124e+000  9.4384239798910130e-001  9.3620824296999672e-001  9.3620824296999672e-001  9.3620824296999672e-001  9.3620824296999672e-001  9.3620824296999672e-001  7.8079147800985993e-001  7.7260891393848397e-001
  3.3124632312367339e+000  2.2061500865720518e+000  2.0270712290903248e+000  1.2869503942251868e+000  1.1058986342886783e+000  9.9361920071555687e-001  9.9361920071555687e-001  7.8760624660299072e-001  7.8760624660299072e-001  7.8760624660299072e-001  7.7157145346018297e-001  7.5766173409101611e-001  5.4872760129933340e-001  4.8038247157774094e-001
  2.2510889891573242e+000  2.2510889891573242e+000  2.2510889891573242e+000  1.1553512430359660e+000  1.1434563927430190e+000  8.3995012775471878e-001  8.3994468360970131e-001  8.3994468360970131e-001  7.4833444656860593e-001  7.4833369731709354e-001  7.4833369731709354e-001  7.4833369731709354e-001  7.4833369731709354e-001  7.4833369731709354e-001
  2.4805868031123737e+000  2.3099452809274226e+000  2.2728527257222595e+000  2.2728527257222595e+000  3.2437326456101800e-001  3.2437326456101800e-001  3.2437326456101800e-001  3.2437326456101800e-001  3.2407903108764913e-001  3.2405958060098783e-001  3.2405958060098783e-001  3.1725598905768493e-001  2.4483865133925065e-001  2.4483865133925065e-001
  2.5732203125294291e+000  2.0862025813696619e+000  2.0862025813696619e+000  1.4534079573893450e+000  1.4452305018348852e+000  1.4452296003082665e+000  1.4440905587114230e+000  1.4439105136416401e+000  1.1586857964396131e+000  1.1585473335737788e+000  9.9236975735357191e-001  7.1905844755247017e-001  6.8589990422492519e-001  6.8586477033795745e-001
  3.0976746506014479e+000  2.1327388314207383e+000  2.0867833536340186e+000  1.4085706840028251e+000  1.4085706840028251e+000  7.5478251629488113e-001  7.2529351214188864e-001  7.1921057874351391e-001  6.2854210707655511e-001  6.2854210707655511e-001  6.2854210707655511e-001  6.2854210707655511e-001  6.2854210707655511e-001  6.2854210707655511e-001
  2.1968773267306005e+000  2.1707871549081119e+000  1.9071831062408364e+000  1.7688617029687066e+000  1.5005489278048572e+000  1.5005489278048572e+000  1.4583294014310013e+000  1.0189584035038024e+000  9.6102294869410798e-001  8.4941760139054168e-001  8.1129736441062050e-001  8.0849356450630694e-001  8.0849356450630694e-001  8.0849284636269658e-001
  3.3345540121770227e+000  1.6015807223063803e+000  1.6015807223063803e+000  1.6015807223063803e+000  1.6015807223063803e+000  9.0182178007830771e-001  9.0182178007830771e-001  9.0178269611396900e-001  9.0178269611396900e-001  9.0178269611396900e-001  8.1500108037198515e-001  8.1500108037198515e-001  7.6084153814281308e-001  7.6083837315218261e-001
  2.9387873191494691e+000  2.4077676868564595e+000  2.4077676868564595e+000  1.8249024619058218e+000  1.6962018609845018e+000  1.1555777630380817e+000  8.8403999498973462e-001  6.3623622010845793e-001  6.3623622010845793e-001  6.3623622010845793e-001  6.3623622010845793e-001  6.3622964597175269e-001  6.3622388097928706e-001  5.1526348359720942e-001
  2.1653883709259389e+000  1.9734045110533316e+000  1.8528844363095232e+000  1.6557530606960427e+000  4.4439949981870086e-001  3.5566314089101070e-001  3.2352508268445490e-001  3.0116415983479783e-001  3.0113686670438256e-001  3.0111082769394670e-001  3.0111082769394670e-001  3.0109219156474865e-001  3.0108025101185376e-001  2.9450113772531950e-001
  2.7990416380469014e+000  2.5127493528812010e+000  2.2906396954692809e+000  1.1843661529419478e+000  1.0040009202703004e+000  7.5784813902828319e-001  7.5784813902828319e-001  7.5782048412224867e-001  7.5782048412224867e-001  7.5782048412224867e-001  7.5782005450810175e-001  7.5782005450810175e-001  2.5152347293828825e-001  2.5144305531193822e-001
  2.9648689616833508e+000  2.0607947746752870e+000  2.0607947746752870e+000  2.0607947746752870e+000  1.3218978705297104e+000  1.2586661897853446e+000  1.0358079102163629e+000  1.0346114993458286e+000  7.8337563792979381e-001  7.8289844782580076e-001  5.6544866428976093e-001  5.2793150008687917e-001  5.0808705259055387e-001  4.3917092792844414e-001
  3.1237069294861612e+000  1.7783952499626139e+000  1.7783952499626139e+000  1.5317983986194577e+000  1.2316229575117177e+000  9.4784357473986347e-001  9.4784357473986347e-001  9.4784357473986347e-001  9.2535648799798764e-001  9.2535648799798764e-001  7.9021919686078945e-001  7.9021919686078945e-001  7.9021919686078945e-001  7.5549120720575047e-001
  2.4644582601299589e+000  2.4644582601299589e+000  2.4626780742858045e+000  1.9403883828360904e+000  1.3721755888795997e+000  6.4701586043543102e-001  6.4701586043543102e-001  6.4690357189715542e-001  6.4690357189715542e-001  6.4690138730861690e-001  6.4690138730861690e-001  6.3836136552163225e-001  6.3836136552163225e-001  6.3836054128546493e-001
  2.6055799310518069e+000  2.4818992775219613e+000  2.2947151263297201e+000  2.2947151263297201e+000  2.1871320982895668e+000  1.9078920124225078e+000  1.2288020766952741e+000  1.2286036007906205e+000  8.1617206832947886e-001  8.1614978388734016e-001  6.4638206265271947e-001  6.4635945544682727e-001  6.4635945544682727e-001  6.4635945544682727e-001
  2.5910746059462326e+000  2.0847043715618838e+000  1.5183128591347668e+000  1.5183128591347668e+000  1.3893159555091188e+000  8.8178924497742628e-001  8.0828782124035570e-001  8.0823744778103901e-001  7.8822061030996338e-001  7.5567373489866441e-001  7.5239538038226783e-001  7.5237630706146774e-001  7.4434680728086278e-001  7.4434221308797532e-001
  2.9245346172733662e+000  2.7664922847236539e+000  2.7153013307558922e+000  1.3373729720713072e+000  7.8601502167111903e-001  7.2325752539404675e-001  7.2325752539404675e-001  6.7345744169369937e-001  6.7345660062164825e-001  6.7345660062164825e-001  6.7345660062164825e-001  2.1441270566879211e-001  2.1437484268608387e-001  2.1433014771332637e-001
  3.1005539945140299e+000  2.3296878282644684e+000  2.3296878282644684e+000  2.2887930764750308e+000  1.0169980553550886e+000  8.2331933301861682e-001  5.7196264342724135e-001  5.3731380924523364e-001  4.4407002200205170e-001  4.4406971567855180e-001  4.3629754364405926e-001  4.1386071585657191e-001  3.9317658651589227e-001  3.9317641960997207e-001
  3.2332846536214674e+000  2.8471518744463538e+000  2.3519691617120770e+000  4.9057443007450274e-001  2.7118634239309358e-001  2.5751993618064262e-001  2.5751196408373289e-001  2.5751196408373289e-001  2.5750224161106416e-001  2.5750053795081840e-001  2.4929383342873734e-001  2.4929337717117050e-001  2.4929337717117050e-001  2.4929337717117050e-001
  3.4330165687342742e+000  1.9864752583234804e+000  1.9864752583234804e+000  1.4152927669210840e+000  1.4152347459953489e+000  1.4152347459951216e+000  1.3813020556665379e+000  3.3188011475294843e-001  3.3180832049151832e-001  3.3180832049151832e-001  3.3180832049151832e-001  3.3180832049151832e-001  3.3180832049151832e-001  3.3180832049151832e-001
  2.8474249756218342e+000  2.7267964196983030e+000  2.2495080231683460e+000  2.2495080231683460e+000  9.9294487344809568e-001  7.9186734621589494e-001  7.9186734621589494e-001  6.7305732042677846e-001  6.4396739679273196e-001  6.4396739679273196e-001  6.4396739679273196e-001  6.4396739679273196e-001  4.5959610565410003e-001  4.3956913246120166e-001
  2.7017431050048799e+000  2.6496359795251010e+000  2.3868655284302349e+000  2.0397070945589348e+000  1.7227970459425705e+000  1.6522710673834808e+000  1.5144035122116293e+000  8.5113705261301220e-001  8.5113705261301220e-001  8.0271120434576915e-001  7.6601974549816987e-001  7.6599954487187460e-001  6.9965850046901323e-001  6.4954184467819687e-001
  2.4558762192484664e+000  2.4086191298838457e+000  2.4086191298838457e+000  1.0463965638314221e+000  1.0262007900589651e+000  1.0262007900589651e+000  1.0122529084799226e+000  1.0122529084799226e+000  7.9024352675241971e-001  7.8910549793977225e-001  7.8906992413976695e-001  7.8897681357693727e-001  7.8897681357693727e-001  7.8895726426208057e-001
  2.9407937878918347e+000  2.5917318066356074e+000  2.5917318066356074e+000  1.8706820133459132e+000  1.3171355706419945e+000  1.3171355706419945e+000  1.0250060948610553e+000  9.8689993101584150e-001  7.5013354252746467e-001  7.1857065941298970e-001  7.1857065941298970e-001  7.1857065941298970e-001  7.1853137674179379e-001  6.6503310738107757e-001
