  7.0945072720800908e+001  6.6786501390858348e+001  6.6142421549191340e+001  5.9859600332160880e+001  5.9396051119643062e+001  5.5014288946543843e+001  5.4420485568096296e+001  5.3983704393280846e+001  5.3012916693653096e+001  5.2230955724087494e+001  5.0423539523869749e+001  4.9946933986378781e+001  4.8586543758829976e+001  4.7120417410530990e+001
  7.0583245880440018e+001  6.6929185289681641e+001  6.5542494821169271e+001  6.5164401071082807e+001  5.9197653081384829e+001  5.9121028157656042e+001  5.9073116266744478e+001  5.3773915435134086e+001  5.3507847333608652e+001  5.2778579611938312e+001  5.1360191745147972e+001  5.1283886987853975e+001  5.0038328941061877e+001  4.7371466534158458e+001
  7.1447017471571826e+001  6.5910878616675518e+001  6.4961173037568642e+001  6.3180883952710928e+001  6.0286576300347633e+001  5.5462530450558688e+001  5.2657504021799923e+001  4.7106050523500699e+001  4.6388374100030774e+001  4.5260122673104661e+001  4.3143055792972291e+001  4.3143055792972291e+001  4.3143055792972291e+001  4.3143055792972291e+001
  6.8296732642821325e+001  6.8296732642821325e+001  6.7296294519766434e+001  6.2649723389625592e+001  5.4259716548939991e+001  5.3349628711522996e+001  5.2832318110709139e+001  5.1487535870498846e+001  5.0371755901122242e+001  4.8653865806130852e+001  4.7810531020816143e+001  4.7365457246842652e+001  4.7365457246842652e+001  4.7365457246842652e+001
  7.1998732235312218e+001  6.8379330097918114e+001  6.7329299624111627e+001  6.5226798465703268e+001  6.0328764762458263e+001  5.2632000549528357e+001  5.0799037007430911e+001  4.8641727056289710e+001  4.5775776995395972e+001  4.3898288655191550e+001  4.2343213320915879e+001  4.1734264463353043e+001  4.1117125157598480e+001  3.9870238619934867e+001
  7.1012290008159766e+001  6.8833995242344258e+001  6.7586926769580714e+001  6.4570541474038009e+001  5.9455465983372733e+001  5.7717981469506185e+001  5.7610193989391178e+001  5.4682869655333434e+001  5.1865920417527036e+001  5.0048631230615911e+001  4.8639918042150384e+001  4.6942227275399887e+001  4.6893790366357393e+001  4.6893790366357393e+001
  6.8557014307792201e+001  6.6619068543213871e+001  6.6619068543213871e+001  6.5180233762994021e+001  6.3077209673097741e+001  5.6745867926762571e+001  5.6745867926762571e+001  5.3936500225147142e+001  4.9953473349066144e+001  4.7824189043130104e+001  4.7053752584450308e+001  4.5297552731489645e+001  4.4933763198463566e+001  4.4156837521071679e+001
  7.1269436749704369e+001  6.4332080837097237e+001  6.3219623576093795e+001  6.2322975346169414e+001  6.1743093035592779e+001  5.8374920650316426e+001  5.6395696332878742e+001  5.1956786822242066e+001  5.1956786822242066e+001  5.1748678119448186e+001  5.1070090261780592e+001  5.0982620130621285e+001  5.0204961929660612e+001  5.0204961929660612e+001
  6.9687108012234262e+001  6.3558972532227926e+001  6.1992784380461785e+001  6.1319906961774109e+001  5.9206256974081498e+001  5.8916346360063130e+001  5.3978151623156009e+001  5.1135642770349364e+001  5.1135642770349364e+001  4.9499483558204020e+001  4.8458980506930970e+001  4.8458980506930970e+001  4.8068928844049196e+001  4.4717573001172013e+001
  6.8924653260536729e+001  6.8489614914252115e+001  6.8489614914252115e+001  6.7438262298654195e+001  6.2094297431967448e+001  5.8719001036916211e+001  5.5222282992237297e+001  5.1599325234813591e+001  4.6853521965877803e+001  4.6839515558856647e+001  4.6264935052330088e+001  4.5601370447827549e+001  4.5601370447827549e+001  4.3500650975426083e+001
  6.9537395940476358e+001  6.7678727929970819e+001  6.5700227822859802e+001  6.3959738941723685e+001  6.0337712213721261e+001  5.7620607320234740e+001  5.6945761124590263e+001  5.4595679444710413e+001  5.2792876346915136e+001  5.1562004336226551e+001  4.8624983141904863e+001  4.6882712169798310e+001  4.3790865735009561e+001  4.3790865735009561e+001
  7.2827735864491842e+001  6.5804036915914025e+001  6.5798649835885726e+001  6.5206624469744042e+001  6.0965337397767485e+001  6.0457655822515221e+001  5.4568382878078410e+001  5.3270294093939242e+001  5.1559420088034130e+001  5.0751932288456942e+001  4.9055680467206230e+001  4.7189058041852718e+001  4.6770899837337424e+001  4.5060198190405231e+001
  7.2087376606128601e+001  7.0260855563126370e+001  6.6819009944216305e+001  6.4586868519526206e+001  6.0156494857952453e+001  5.5817324682174331e+001  5.4126001069780045e+001  5.1438306504271736e+001  5.0900870842825384e+001  5.0402164273563471e+001  5.0156134604986846e+001  5.0156134604986846e+001  4.9298365013877287e+001  4.7791844121316899e+001
  6.9648630006852159e+001  6.6094661188464670e+001  6.5633863131721000e+001  6.4824566315357515e+001  6.1784260089256577e+001  5.5403015992592827e+001  5.2955880918439902e+001  5.1716268945105526e+001  4.9797395679212059e+001  4.9581861098866057e+001  4.8782268938703510e+001  4.5453766887701590e+001  4.5453766887701590e+001  4.5358654384286297e+001
  7.0495149099378978e+001  7.0495149099378978e+001  6.6760178313988717e+001  6.5261781771546339e+001  5.9943543702568263e+001  5.6423868063424720e+001  5.4171722295722248e+001  5.1453922511778160e+001  4.9003761667278695e+001  4.8077977753275832e+001  4.7616778167214306e+001  4.7205479355453235e+001  4.7151348974496159e+001  4.5018332754814082e+001
  7.1708778524408331e+001  6.8131112372853977e+001  6.3708238284333333e+001  6.2871364481761134e+001  6.0431034378993900e+001  5.6657039264943023e+001  5.2296298186590775e+001  5.2296298186590775e+001  5.0285196052747324e+001  4.9415759280878319e+001  4.9205620882993117e+001  4.8604440129157751e+001  4.7819132568294322e+001  4.7603831656361876e+001
  7.1590227006891269e+001  6.6904178433433572e+001  6.4654185536994191e+001  6.4193265370879203e+001  5.6732299202700119e+001  5.6089198613281496e+001  5.4698030508448369e+001  5.4678347787510234e+001  5.3939000302727891e+001  5.3684601528470239e+001  5.1917160583583382e+001  5.1082720223998876e+001  5.1082720223998876e+001  5.0556559101531320e+001
  7.1147618434047217e+001  6.8228473195420634e+001  6.7104355919404611e+001  6.5752138727164947e+001  6.2663481075324626e+001  5.8711678412068068e+001  5.6902994863983508e+001  5.5483076087233826e+001  5.1377009727381392e+001  5.0537659000900362e+001  4.7445017973338281e+001  4.6769514249190934e+001  4.6208657115335313e+001  4.6208657115335313e+001
  6.8579602657035025e+001  6.8016273123431802e+001  6.5242629226526901e+001  6.3258372155094094e+001  5.8781403736579705e+001  5.7325036326782310e+001  5.5850214523106047e+001  5.4520279510775822e+001  5.4264170586863429e+001  5.2468624092789014e+001  5.1165648681825473e+001  5.0634974503796798e+001  5.0145218433918444e+001  4.7446615583058701e+001
  6.7242555913170918e+001  6.7242555913170918e+001  6.1788470220920772e+001  6.1376467777543553e+001  6.1376467777543553e+001  5.7657809856979725e+001  5.3610239180582084e+001  5.2627136005098009e+001  5.2153632875465178e+001  5.0812954588910316e+001  4.8860802868685255e+001  4.8005368225187794e+001  4.4955347017949521e+001  4.4114290950518807e+001
  7.1685895696808643e+001  6.8140793960957240e+001  6.5780986291750651e+001  6.2522994666028922e+001  5.7584226443937268e+001  5.6712205583024570e+001  5.5883324142135052e+001  5.4030754370219029e+001  5.1897602993211308e+001  4.7639444977107132e+001  4.6210413299403058e+001  4.5660645764669880e+001  4.5660645764669880e+001  4.5458886636628904e+001
  7.0055982100749929e+001  6.7927439342230173e+001  6.4659536818218044e+001  6.2516995288742123e+001  6.1168611872710471e+001  5.3416982845976236e+001  5.1043936788554220e+001  4.7852850225121756e+001  4.7657028341310706e+001  4.5982764721030890e+001  4.5734681207410517e+001  4.5734681207410517e+001  4.5734681207410517e+001  4.5734681207410517e+001
  6.9711717956814709e+001  6.5505090984646017e+001  6.5505090984646017e+001  6.2557860348353074e+001  5.8382783471678067e+001  5.4482277609013977e+001  5.0850838383343785e+001  4.9747763761955980e+001  4.6773344206184674e+001  4.3775716337246081e+001  4.1479366209061254e+001  4.0066323023761697e+001  3.9997547959837107e+001  3.9997547959837107e+001
  7.0537507154724608e+001  6.7194970960882642e+001  6.3021426781505397e+001  6.3021426781505397e+001  6.1539368412476279e+001  5.7717409466771187e+001  5.1308190285423848e+001  4.8715215087934212e+001  4.8240281265431918e+001  4.6850782987982711e+001  4.3781834709388136e+001  4.3563273422500060e+001  4.3563273422500060e+001  4.3407528478461018e+001
  7.2741308469807564e+001  6.9060897782897428e+001  6.6830132173480820e+001  6.6415960391980093e+001  5.9783996414472313e+001  5.9047784652143150e+001  5.7031162009261607e+001  5.6370351387015603e+001  5.2756966244525188e+001  5.0846973507060284e+001  5.0008721245250399e+001  4.9750711763486038e+001  4.9750711763486038e+001  4.9225497496231355e+001
  6.9190219193938788e+001  6.7076228732729646e+001  6.5785637784253026e+001  6.2795802026536649e+001  6.1025318028751485e+001  6.0000774869554675e+001  5.6638417301166783e+001  5.5163212013398720e+001  5.3913885336354042e+001  5.3466073547245742e+001  5.3010337967813143e+001  5.2945197310136336e+001  5.1493960295806573e+001  5.0889998257131538e+001
  7.3284880276674357e+001  6.9339792565754692e+001  6.5740962993951371e+001  6.2612877048107975e+001  5.9654362180048565e+001  5.6098589577474399e+001  5.4977849472202820e+001  5.2938974134483942e+001  5.1964641092013380e+001  5.1964641092013380e+001  5.1964641092013380e+001  5.1279306789673228e+001  4.8572503468578020e+001  4.8380512699673318e+001
  7.0536314070062758e+001  6.6531135962568555e+001  6.5627927491304604e+001  6.4539174869371550e+001  5.9694169667002598e+001  5.7408218411046732e+001  5.1953078706477527e+001  5.1651554955209008e+001  5.1651554955209008e+001  5.0966553303032128e+001  5.0966553303032128e+001  5.0310002638716696e+001  5.0285007762383771e+001  5.0269998011610483e+001
  6.9664592422600435e+001  6.8886971395613045e+001  6.1232469010849059e+001  6.0295833891741836e+001  5.8265988365382555e+001  5.5925709618138967e+001  5.4761235134908816e+001  5.2665183389086451e+001  5.2518402220461098e+001  5.1387079283632715e+001  5.0611428466706229e+001  4.7865007203515574e+001  4.6553463650204890e+001  4.5931150728756734e+001
  7.0085472203325139e+001  6.6458095534785343e+001  6.6289741187698155e+001  6.5500659815137737e+001  6.0380427888879240e+001  5.6688934898069192e+001  5.3695374130803430e+001  5.1415786834768937e+001  4.9326140454072743e+001  4.8614987241835252e+001  4.8355725646015571e+001  4.8355725646015571e+001  4.8355725646015571e+001  4.6385034822678449e+001
  6.9168874879312398e+001  6.7319951609634245e+001  6.7319951609634245e+001  6.7319951609634245e+001  6.2426991582389064e+001  5.8083859168161894e+001  5.5494987783539500e+001  5.1694701805852560e+001  5.0643391731566908e+001  4.9291558359576470e+001  4.8105702187539919e+001  4.8104944414382544e+001  4.8104944414382544e+001  4.7307449122953471e+001
  7.0920026960195628e+001  6.4689371009049069e+001  6.4689371009049069e+001  6.4689371009049069e+001  5.9211314283963588e+001  5.5390343463866088e+001  5.3723466553588537e+001  5.3641635344968563e+001  5.2779827036245820e+001  5.1059425386931707e+001  4.7691374961939346e+001  4.6964564675887459e+001  4.6365019027810376e+001  4.6230133806334038e+001
  6.9620061986408928e+001  6.3835728155771903e+001  6.1327586017073827e+001  6.0873968741801718e+001  6.0058772118537149e+001  5.8117648638779769e+001  5.7027072000087855e+001  5.3264650004804025e+001  5.2616530476905496e+001  5.1936459667080726e+001  5.1455448891791320e+001  5.1455448891791320e+001  5.0304383280617799e+001  5.0304383280617799e+001
  7.1717742322511185e+001  6.8093800193634252e+001  6.6850751129455602e+001  6.5803671011476808e+001  6.0700044455969532e+001  5.5459136972428155e+001  5.3764887495090761e+001  5.1538510712036100e+001  5.0916650469064166e+001  5.0795540807188559e+001  4.9245822472715076e+001  4.8711656983967373e+001  4.7876237138472902e+001  4.7876237138472902e+001
  7.2099102334407576e+001  6.5117276761783387e+001  6.0100156202384824e+001  6.0100156202384824e+001  6.0100156202384824e+001  5.9666291383367252e+001  5.8641885888092247e+001  5.5488497828095433e+001  5.2453530656215321e+001  5.2198316233448622e+001  4.9099453763209908e+001  4.8566528871004834e+001  4.7321393766678966e+001  4.6600419257899944e+001
  7.3425684281844269e+001  6.9085840347508793e+001  6.7182610389900901e+001  6.3559124491719217e+001  6.1594175399020401e+001  5.4163888253391065e+001  5.0289472158989383e+001  4.9585132403199623e+001  4.8437400735072856e+001  4.8437368031364713e+001  4.7827431424320935e+001  4.7798646183233927e+001  4.7798646183233927e+001  4.7611901288298554e+001
  6.9842045298295602e+001  6.6004073093113334e+001  6.6004073093113334e+001  6.1968517247582554e+001  6.1253981157489648e+001  5.5821296681124863e+001  5.3194393073336869e+001  5.1599902891285524e+001  4.8358297750098131e+001  4.7975001125678546e+001  4.4923792724042869e+001  4.4505175203904059e+001  4.3742950866993851e+001  4.2777784456424001e+001
  7.1708446345995412e+001  6.7702255244672074e+001  6.5546708079737414e+001  6.5213437190462400e+001  6.2655197354020174e+001  5.8860697830264712e+001  5.6656078835686912e+001  5.3472538867123944e+001  5.0950505814552457e+001  4.9602421138946966e+001  4.7261160343636334e+001  4.6908692224050696e+001  4.5480514880781925e+001  4.5480514880781925e+001
  6.8377983271240851e+001  6.5171319894775820e+001  6.4318698688729455e+001  6.2576408609054624e+001  6.0941737972113629e+001  5.5680760764931847e+001  5.2733229182855325e+001  5.1930287383138079e+001  4.9346794103842967e+001  4.8002289847183192e+001  4.8002289847183192e+001  4.7374598075318886e+001  4.6766191857915942e+001  4.6594198228110713e+001
  6.9920530723607612e+001  6.4398821649942306e+001  6.2509970116736099e+001  6.1487911926319612e+001  5.8217848176439816e+001  5.5929809490333582e+001  5.4392577781131877e+001  5.3726293192559069e+001  4.9125548814669514e+001  4.6923730216502804e+001  4.6923730216502804e+001  4.6923730216502804e+001  4.6432701600515315e+001  4.5547552441748621e+001
  6.9296809992546059e+001  6.3026341437373844e+001  6.3026341437373844e+001  5.9296619641117786e+001  5.7284392087070728e+001  5.3175301527774536e+001  5.0347586245035814e+001  5.0347586245035814e+001  4.9735107278664714e+001  4.8954667529063613e+001  4.7091440091146524e+001  4.4881407327598254e+001  4.2744030903815769e+001  4.2297936010220155e+001
  6.9592889320759468e+001  6.7533286470670419e+001  6.3674429265324648e+001  6.1479112987949520e+001  5.9965957727369300e+001  5.8156844790216041e+001  5.7884042842295685e+001  5.4863691951600345e+001  5.2306411331032677e+001  5.2225048560018763e+001  5.0341991482002527e+001  5.0341991482002527e+001  4.8392035058244687e+001  4.8168302928971229e+001
  6.9801964780538697e+001  6.6731126553539525e+001  6.6019216816348489e+001  6.4396733645683298e+001  5.9873986526666840e+001  5.5933831546636384e+001  5.3941534348079699e+001  5.2637416459687870e+001  5.0618955356318452e+001  5.0478878202182614e+001  5.0478878202182614e+001  4.8699649516163618e+001  4.7373955615735895e+001  4.5812989720526161e+001
  7.3937285256393352e+001  6.7698261395370764e+001  6.5764393126470964e+001  6.4450889240582796e+001  6.2819448752661856e+001  5.6241661061564287e+001  4.9460280222732194e+001  4.9104719001673516e+001  4.8435541018587514e+001  4.7997171526151192e+001  4.7997171526151192e+001  4.5305642519679850e+001  4.5305642519679850e+001  4.4522247641751505e+001
  7.0616392849056979e+001  6.7254228036502809e+001  6.5588330248769466e+001  6.4988784212000837e+001  6.2336292516406729e+001  6.0073076259602431e+001  5.2765998635765868e+001  5.1409273967716445e+001  5.1409273967716445e+001  5.1409273967716445e+001  5.0548700259619409e+001  5.0548700259619409e+001  4.9137496037160759e+001  4.6818168737759379e+001
  7.1420462611008247e+001  6.5366182669482782e+001  6.5366182669482782e+001  6.4938027148036667e+001  6.3700987293313460e+001  5.5459615986536733e+001  5.5373301212905290e+001  5.3318269068707536e+001  5.0419272545705098e+001  5.0412580668994678e+001  4.8236633875142275e+001  4.6697841513989374e+001  4.4054759929754482e+001  4.4054759929754482e+001
  7.1903511139120383e+001  6.7324881989077426e+001  6.4223918314768071e+001  6.4063278976845709e+001  6.0135103301060894e+001  5.8653436766498658e+001  5.3474773433555583e+001  5.1869998370647750e+001  4.8593164238108443e+001  4.4277354534061942e+001  4.1930573452269641e+001  4.1823975215129508e+001  4.1000011515267033e+001  4.0070655080942856e+001
  7.0350398377768897e+001  6.8115801808068682e+001  6.6440552479516896e+001  6.3860058202379378e+001  6.0035863447201223e+001  5.5418946395305397e+001  5.3703474609038039e+001  5.2405693492682872e+001  4.8748164265550372e+001  4.6480667741218667e+001  4.6019795677009370e+001  4.3343201900902272e+001  4.2278006375529571e+001  4.2195177262668949e+001
  7.3630192516975512e+001  6.8797401286165382e+001  6.6364446715856616e+001  6.5435397913542261e+001  6.4146530607168074e+001  5.8008113474309994e+001  5.7730016564904076e+001  5.1323741869338733e+001  4.7431780595006444e+001  4.6601974914007315e+001  4.6456584846442638e+001  4.6131914315741483e+001  4.5847264699840252e+001  4.5847264699840252e+001
  7.2525613286555199e+001  6.8616521628595365e+001  6.7562505239259508e+001  6.3557928664256679e+001  6.1740747115823297e+001  5.4070856938991255e+001  5.3074705431079678e+001  5.1946397202371031e+001  5.0849718578745978e+001  5.0849718578745978e+001  5.0247473382877843e+001  4.9241193663111403e+001  4.8806909618525424e+001  4.8806909618525424e+001
  7.2221103135057888e+001  6.7340790043627635e+001  6.6090537530585721e+001  6.5874531327006480e+001  6.2099292922350742e+001  5.8498205933570375e+001  5.2907511099465069e+001  5.0712119543259405e+001  4.6421090613816887e+001  4.5750006416463521e+001  4.5288986259873809e+001  4.5017197899603730e+001  4.4278040651183233e+001  4.4009099408458951e+001
