  9.1159989795689750e+005  1.7867278459208418e+005  3.1206769407869841e+004  2.9463979952189315e+004  1.1203955780152000e+001  5.4546221156210777e+000  2.8983841781732735e+000  2.8695936137123681e+000  2.3814212970951303e+000  2.3163059642174630e+000  1.2796296471262849e+000  1.1466665755165195e+000  5.9298065576422232e-001  4.8783020414180100e-001
  5.2821354970187669e+004  1.9269077214477820e+003  8.4076690662145666e+002  8.1063352429477527e+002  7.3556661484826691e+000  6.5714314693295819e+000  3.4970657382464196e+000  2.9595099902164748e+000  2.4313158741126699e+000  2.4313158741126699e+000  2.3916274846983470e+000  2.3593510800853892e+000  2.3079974976833455e+000  2.2086303011958535e+000
  3.2750339127359563e+004  2.5420434139641769e+004  2.4763063680951367e+004  2.4726254682720883e+004  8.6871541356017588e+000  4.2022907082416623e+000  2.8405333497676111e+000  2.8405333497676111e+000  2.7438222667251466e+000  2.7438222667251466e+000  2.7438222667251466e+000  2.7438222667251466e+000  2.7436257344791102e+000  2.6467813315737203e+000
  2.2273344019725650e+004  3.0413488460913777e+003  3.0377975460191319e+003  2.4430038144729442e+003  7.7607557827993787e+000  4.4386425782620336e+000  2.6389797636468302e+000  2.6295182134417701e+000  2.4107891804515020e+000  2.3277108662962291e+000  2.1371220614171307e+000  2.0867958958262989e+000  2.0867953187971580e+000  2.0635362851942318e+000
  1.4380147378821549e+005  1.1359571754983949e+005  1.1358987409714669e+005  1.1357328905203761e+005  5.1901969509851824e+000  4.0454775307468935e+000  4.0454775307468935e+000  2.4149774042837180e+000  2.3195725525044963e+000  2.2667552372849968e+000  2.2667552372849968e+000  2.2667552372849968e+000  1.3255016801172133e+000  8.7783002511014274e-001
  8.1995728097841667e+004  2.2727783219327532e+004  2.2719422601395268e+004  6.7920954233634438e+002  6.7940048781640598e+000  3.2201372099327727e+000  2.2955236610930569e+000  2.2955192001491014e+000  1.7813238168789667e+000  1.5678603711885444e+000  1.5544682659303817e+000  1.5427766427990264e+000  1.5427766427990264e+000  7.6659352436490735e-001
  3.3549313557975221e+005  5.8571998664738880e+004  5.8567122229669592e+004  9.4950949714179460e+003  7.0483908960557073e+000  6.2576422432414347e+000  6.1738273340736214e+000  4.3508873570165179e+000  2.9533035184897471e+000  2.3623214448268754e+000  2.3332245024046188e+000  2.3332148127406072e+000  2.1720810670478841e+000  7.8790106836754603e-001
  8.8875505400382084e+004  2.5236144335167955e+004  1.5786876524316762e+004  1.5773217423789734e+004  1.4392574244922798e+001  3.5995162680176236e+000  3.4092530872951556e+000  2.1322439601262886e+000  1.9710425868727270e+000  1.7802582340730169e+000  1.7535066822010776e+000  1.5170146433329137e+000  1.3526773574719755e+000  1.3058888476393804e+000
  5.5445283504680367e+004  5.5433344775050144e+004  4.9704095811360821e+003  8.7326099121352490e+002  1.9833759455837480e+001  7.4624197830125922e+000  6.4408422644414713e+000  4.4270730932539664e+000  3.3903472425160999e+000  3.2730874855424190e+000  3.2709020890142710e+000  3.2531752050504110e+000  3.1439480763401662e+000  2.8887431922366886e+000
  2.0990633436806742e+005  2.0893791206887513e+005  1.1587687136853303e+005  6.8735050506934494e+003  1.3443984657721103e+001  4.0771537004850416e+000  2.8738922630957404e+000  2.8121407321461902e+000  2.5258181077163044e+000  2.4088345688023765e+000  2.3057171671393917e+000  2.2872834450938626e+000  2.2812406496034328e+000  2.2734693941690693e+000
  1.0785156338640365e+004  8.3268224073164365e+003  8.3095709088975200e+003  8.2798379885281684e+003  6.2457379605318692e+000  4.2126856681791196e+000  3.3573458831426706e+000  2.7358062300477286e+000  2.6972438070217777e+000  2.4952126993350703e+000  2.4952126993350703e+000  2.3835453775354836e+000  2.3809458220375745e+000  2.3799018519839592e+000
  6.2897209666082670e+005  2.1420554695560990e+004  2.0214975087071278e+004  1.2130702791779710e+004  6.1378051682902424e+000  3.4384043866618867e+000  3.4025788828078021e+000  3.1148316149117363e+000  3.0540042634524980e+000  2.9241484729268450e+000  2.9241352094675221e+000  2.8514703313574046e+000  2.8201026873814499e+000  2.7091042897534408e+000
  1.9806833637948983e+005  2.7880856320714192e+004  2.7868577545934862e+004  5.0813903264154851e+003  8.9228344342934633e+000  3.8301023339056428e+000  3.1387369369308544e+000  2.6448178417947474e+000  2.6006619796198720e+000  2.4318463628312657e+000  2.4318463628312657e+000  2.3079794863215284e+000  2.1611128760011979e+000  2.1247219722083628e+000
  3.4611868789197288e+004  3.3858794917567211e+003  3.3161709386683151e+003  6.2032395776940757e+002  1.0059363712127606e+001  2.6999534047029101e+000  1.7179046733192536e+000  1.6907026939379648e+000  1.6715853138646253e+000  1.6715853138646253e+000  1.6669473144102085e+000  1.6669473144102085e+000  1.6669473144102085e+000  1.6608325579386474e+000
  3.6660752561329532e+005  1.6189102178840991e+005  2.7765932694225012e+003  2.7391647723140932e+003  1.0069169388323871e+001  3.0945395470853327e+000  2.6745164100339025e+000  2.6745164100339025e+000  2.4199046618882676e+000  2.2829394960742775e+000  2.2828996811049365e+000  2.2440515754788066e+000  2.2440515677744770e+000  2.2057943973472902e+000
  1.0321599669962085e+005  2.1028771285786970e+004  2.0743124765788110e+004  2.0012528697403988e+004  1.9730708307909481e+001  5.6589280294251694e+000  4.5321720782612829e+000  3.6906031457394874e+000  3.6089114381825311e+000  2.4992081226957907e+000  2.3557289504062737e+000  2.3029995828874235e+000  2.1999719764196470e+000  1.9609902775625869e+000
  1.3147650667812195e+005  2.0180995754808187e+004  9.6304107157178332e+003  9.6132012405670921e+003  1.2655207266505613e+001  5.5403952145684343e+000  5.3358347828359456e+000  3.5111265055909371e+000  3.1216753548992529e+000  2.6071782653075388e+000  1.4509583331614522e+000  1.4509543725503136e+000  1.4141313840839302e+000  1.3686543856495064e+000
  6.9130714502284012e+004  4.5037565820024836e+004  4.1617556450750242e+004  2.8928455416447039e+004  4.7877829522146840e+000  3.8735318289730003e+000  3.8081860069949016e+000  3.6968128462481218e+000  3.0710248840366603e+000  2.7401324521140396e+000  2.7359201135104740e+000  2.6497229627354955e+000  2.6497229627354955e+000  2.5374383120490620e+000
  1.1491965144168362e+006  1.9581487578511229e+005  1.8827066067258027e+005  3.1055281079989058e+004  1.2154961032784968e+001  5.2468673582111478e+000  3.9935805123745922e+000  3.9680477719114151e+000  3.5429183544724765e+000  3.5429146751473581e+000  3.5429146751473581e+000  3.4989868656300587e+000  3.4989774115094860e+000  3.2463758921944645e+000
  1.2026660309044881e+004  1.1941668761667162e+004  1.1925444287318349e+004  1.1911776593592313e+004  5.3194395305238231e+000  1.2987253123289975e+000  8.5393140555788705e-001  8.2110364114191725e-001  7.2080577058068229e-001  7.2034179578577096e-001  7.1823011717083318e-001  7.1822998816082873e-001  7.1822924376488118e-001  7.1822919068722513e-001
  9.0818206304541809e+002  6.8622743034151472e+002  6.6405765548056752e+002  6.4579223525786074e+002  4.9516788595517482e+000  3.7694881800612166e+000  1.0224569695587888e+000  9.9377419096890662e-001  7.5985093268741366e-001  4.6138905036423239e-001  3.6763178864862311e-001  3.4441994971689383e-001  3.4281199935321638e-001  3.4100149957839676e-001
  4.0935079865267217e+003  1.3035406719050170e+003  1.2749738345602700e+003  1.2419278714824941e+003  1.5008832842201855e+001  3.4943830288409572e+000  2.9926220609002030e+000  2.9899133558894846e+000  2.6580429774317054e+000  2.6323808358345104e+000  2.5326607870063071e+000  2.5291360946152963e+000  2.5290559713344010e+000  2.5290378239674283e+000
  1.7584904932222501e+005  1.7190914009725006e+005  1.7173287156810655e+005  4.2565886987327303e+002  1.0054064699263563e+001  1.8966396520868329e+000  1.4649734965662446e+000  1.4615810142931878e+000  1.3035554682219299e+000  1.2516054010259268e+000  1.2516054010259268e+000  1.2516054010259268e+000  1.2516054010259268e+000  1.2515473808032311e+000
  9.0913885645271075e+004  8.9826801031868090e+004  8.9660915630583855e+004  2.2157973462103961e+004  1.5051107693717086e+001  3.0438300306618657e+000  1.9620752722607904e+000  1.9566188405080993e+000  1.7527710343085801e+000  1.7462277803113011e+000  1.7196563175482424e+000  1.7196563175482424e+000  1.6302509746562919e+000  1.6302375314180608e+000
  5.4966992444760381e+003  4.6685771992146692e+002  4.6019981280239472e+002  4.2828188276564561e+002  6.5082615953481309e+000  2.6986067626824024e+000  2.6204921319301775e+000  1.3625614744041741e+000  1.0503482513374820e+000  9.0095218990677495e-001  8.5421279691718155e-001  8.5417539375180240e-001  8.5417539375180240e-001  7.1689911590442534e-001
  2.3203662994152118e+005  3.3752846305915002e+004  1.0207605585970448e+004  1.0178944745202665e+004  2.1149880730163204e+000  1.1258130728106153e+000  8.6380595882747002e-001  8.2016434439537989e-001  8.0219695074742958e-001  7.3674365140595910e-001  6.2156991973688491e-001  6.2156991973688491e-001  6.1141941188498095e-001  5.9867703384338711e-001
  3.6485088625763444e+005  6.2882254573221013e+004  5.5868417272418636e+004  8.5626551318074553e+002  9.9472746195770014e+000  2.6578976710643474e+000  2.6381394849699973e+000  2.5513174758038986e+000  2.3505435505405785e+000  2.2920350623405739e+000  2.2920350623405739e+000  2.2851061911310353e+000  2.2851061911310353e+000  2.2178660123131522e+000
  1.0153871448204542e+006  9.9879207398913894e+005  1.0583116244954099e+004  1.3491985200901649e+003  6.1325720289946730e+000  3.3914992502509449e+000  3.0144691831815180e+000  2.1182626727786555e+000  1.9416620900228736e+000  1.8865752218887337e+000  1.8508844845025578e+000  1.8463495446787874e+000  1.8421061017379543e+000  1.8403819278823903e+000
  1.5724787592480081e+005  6.1250320412568595e+004  3.1118329689536258e+003  3.0525683539463862e+003  9.0068561479868094e+000  3.7494861332904748e+000  3.4891484024922192e+000  2.6069001319574454e+000  2.4996024694683001e+000  2.2800410130939781e+000  2.2786140382042959e+000  2.2046869075711584e+000  2.2045824869892385e+000  1.2042145837715452e+000
  4.2283135099132836e+005  3.4956431437135296e+004  1.6068241650995380e+004  1.0826570885591573e+004  5.9257538569911503e+000  4.2637363296057629e+000  3.3817266146897964e+000  3.2222518119901906e+000  3.2218794170141791e+000  2.1751152777239895e+000  2.0136432634833454e+000  1.7528994352092013e+000  1.5333547417583304e+000  1.3808362636623315e+000
  4.3673700659333124e+004  1.4332519222441055e+004  8.7947504763107536e+003  7.8162069341255992e+003  9.4278152878839592e+000  2.9036772747995201e+000  2.9031402737678036e+000  1.8922682648437785e+000  1.7573911474000852e+000  1.7534148342342633e+000  1.7517471238797953e+000  1.7193158432169184e+000  1.6414957636441159e+000  1.4340910813891696e+000
  7.9057617585248881e+003  7.4116214672594178e+003  6.9450333878436732e+002  5.4947583604909642e+002  1.0477394580042528e+001  4.1735460764991785e+000  2.6334567263254485e+000  2.4444858444855981e+000  2.1181341420444824e+000  2.0972847435270978e+000  2.0972847435270978e+000  2.0972847435270978e+000  2.0472835296827725e+000  1.7400967347937240e+000
  9.9902190263443394e+004  9.9147782827938994e+004  3.0414434383854714e+003  1.5634731865772092e+003  1.1270198181001888e+001  2.3692903812871009e+000  1.6247078903786587e+000  1.6213912843452363e+000  1.6213699798122434e+000  1.5021616232481847e+000  1.5021616232481847e+000  1.4893488550314942e+000  1.4490552256920637e+000  1.4490528156188702e+000
  9.0732824852741192e+004  1.5525507928469549e+004  1.5452767831603494e+004  1.5436108348564325e+004  6.0678246987115472e+000  4.3717487238670856e+000  4.0654038270879482e+000  2.2297186153787152e+000  1.3485849172013786e+000  1.2332920646224466e+000  1.1283246962973408e+000  1.1271099482066802e+000  1.1261185321043286e+000  1.1259694597661110e+000
  1.8878221325911328e+005  1.5020235987131498e+004  1.4997743518020357e+004  1.0357829638368967e+003  1.1837235896326320e+001  3.6779808620128733e+000  3.0685873878719576e+000  2.7830973753373200e+000  2.7447490228450988e+000  2.7446246719132432e+000  2.7446205167805147e+000  2.4010206790992470e+000  2.3954047849986182e+000  2.1961859521775295e+000
  1.0337205897498042e+006  7.4675090152039847e+004  1.1488352894784992e+004  4.9034604189821948e+002  2.2651268415773757e+001  4.1703518787799112e+000  3.3412764669983517e+000  3.0218314148655736e+000  2.8438014452062816e+000  2.7435341340465129e+000  2.5431908311900315e+000  2.5431908311900315e+000  2.0800410502865816e+000  1.9317014749069585e+000
  6.6593188167700428e+005  9.3465657276375990e+004  3.6039697230014768e+004  2.2950122883482189e+004  1.3974511469985373e+001  4.2298869026317334e+000  4.2298869026317334e+000  4.2251667704501870e+000  2.5364976824228052e+000  2.5130371172181185e+000  2.1712592110523019e+000  2.1562591722447451e+000  2.1562591354802407e+000  1.9660575346345013e+000
  4.4544320030430768e+004  4.2469803188518617e+003  4.2097267839344195e+003  8.1949163461906664e+001  6.3601750257328149e+000  3.1587292061392418e+000  3.0715474529465610e+000  3.0073978772786631e+000  2.8437329128319107e+000  2.8437329128319107e+000  2.7202088769033708e+000  2.5689216327202757e+000  2.5299398687056964e+000  2.5159443378358901e+000
  3.9594285375403974e+005  1.0705857262626540e+004  6.6281436423494670e+003  1.4126635285456737e+003  5.1726768866583370e+000  3.4617714206628989e+000  3.3589845639173745e+000  3.3298822645103883e+000  3.3298822645103883e+000  3.1486183436484225e+000  3.1486183436484225e+000  3.1459770980359281e+000  3.1342300044234435e+000  3.0526023261963928e+000
  4.2235653893051574e+004  2.5305984636733581e+004  1.4084190323490096e+004  5.2472807140720624e+003  1.1699365031371144e+001  4.1277791842885563e+000  3.5877485275850631e+000  2.9310635703379830e+000  7.6939151909095926e-001  6.6186620772350580e-001  5.2962440576288827e-001  3.7571427797411161e-001  2.6806614722227096e-001  2.3883024970768929e-001
  2.5680574239442153e+006  7.5491049635633717e+003  6.7172232647320325e+003  6.6501449585434457e+003  5.0250099350591881e+000  2.6594707910016950e+000  2.1126854301508047e+000  1.8545094480841726e+000  1.7276290776251244e+000  1.6561916682931042e+000  1.3933759656863458e+000  1.3526643836833045e+000  1.3526621043970408e+000  1.3526127334130251e+000
  2.3493591535506648e+005  1.4943438928704167e+004  1.0066051491705515e+004  1.0025230999850242e+004  6.3731555448262043e+000  3.5151432576124080e+000  1.4991431974267471e+000  1.4626196695294311e+000  1.0450212001437649e+000  9.5143200931624961e-001  9.4402767492897510e-001  7.4617950959236623e-001  7.3883523162726306e-001  6.4493330015602623e-001
  1.0115583848909802e+005  1.3277379482109178e+004  1.3194535134323203e+004  1.2562331623061982e+003  8.6143958459267651e+000  5.7490310858820521e+000  5.2400878006869789e+000  5.1648902309116238e+000  2.2660476338442095e+000  2.2048005068547809e+000  1.7229647868282427e+000  1.7218304961788817e+000  1.7218304961788817e+000  1.7218300911765709e+000
  2.7783356712686047e+006  1.4356461556533715e+005  5.6129360268179567e+004  2.5878216320058691e+003  1.4526207131580577e+001  4.4946133744545023e+000  2.6304344154050341e+000  1.8337478170424220e+000  1.8337478170424220e+000  1.7154620245357819e+000  1.7154620245357819e+000  1.6982021527524012e+000  1.3022933391794140e+000  8.8643756413853225e-001
  3.4323133625843468e+004  1.5337536768438833e+004  1.5277903509995012e+004  1.5266907288360555e+004  1.1538327569558533e+001  2.6917289680804970e+000  2.4577597155714557e+000  2.1676161739794679e+000  1.8951046258082442e+000  1.6287753730414352e+000  1.5930714825333325e+000  1.5813543253705120e+000  1.4588727178675072e+000  1.4577227778831912e+000
  4.0558606086233704e+004  3.8755735522132389e+004  3.8713989202928838e+004  6.9406024054135996e+003  9.6180722222045461e+000  4.2345740830326122e+000  2.8993303577690313e+000  2.6869866050710698e+000  2.5765116877519176e+000  2.5765116877519176e+000  2.4342707166647415e+000  1.8540656988996034e+000  1.8494542655862460e+000  1.8342450979580462e+000
  5.8637192709320028e+004  5.8604204833327713e+004  3.1591963822179270e+004  3.1551236799057559e+004  1.6690789450904276e+001  3.3461412512285733e+000  3.2093123968427335e+000  2.6404467192776337e+000  2.5377096779056956e+000  2.4631781302766740e+000  2.2098331278907608e+000  2.1840152686461352e+000  2.0724543632763925e+000  2.0724474309099605e+000
  2.6678666690941103e+004  2.6614021881266370e+004  2.6558207051300353e+004  2.6529859307883267e+004  1.1017039537492565e+001  6.6465545935752743e+000  3.3639999050983533e+000  3.2998613544014006e+000  3.2998613544014006e+000  3.2998613544014006e+000  2.9891052098892033e+000  2.9581287890880503e+000  2.9041755110604299e+000  2.9041681219189286e+000
  3.9966707095348662e+004  1.3015808421170868e+004  1.2962596376716170e+004  1.2180793779838117e+004  6.4534514128172304e+000  2.3080139739035985e+000  1.8597755937762486e+000  1.6909756139139063e+000  1.6787099063940332e+000  1.6665198444563885e+000  1.6235842352225518e+000  1.5788829035504932e+000  1.5788828699642181e+000  1.5559178966520903e+000
  1.7235881580965855e+005  1.7114878382927505e+005  1.7114483939332640e+005  7.7185003343644130e+003  1.2867936596097707e+001  2.7815947384447099e+000  2.6911721735539231e+000  2.6197333342756792e+000  2.5528413769445706e+000  2.5247020030108160e+000  2.5247020030108160e+000  2.5247020030108160e+000  2.5192455728824825e+000  2.5192400190414901e+000
  5.5232530392409274e+006  1.3210127090818933e+005  2.8053135310824680e+004  2.2654305650290706e+004  1.3439739263740876e+001  3.4477354369962541e+000  3.1720913691935948e+000  2.6999941868623409e+000  2.6999941868623409e+000  2.4046808051698463e+000  1.5842162343774362e+000  1.4500572372191982e+000  1.3947498075272051e+000  1.3715424170318329e+000
