  7.1657187227404211e+003  6.9728589038013870e+003  6.4182820920253644e+003  3.9201993777188763e+003  3.8458617940016466e+003  3.8458617940014428e+003  3.1430876588725805e+003  3.1430876588725550e+003  3.1430876588725550e+003  3.1430876588725550e+003  3.1430876588725550e+003  3.1430876588725550e+003  3.1430876588725550e+003  3.1430876588725550e+003
  7.0820079057627081e+003  6.1635508947680310e+003  6.1635508947680310e+003  3.7259169748258955e+003  3.5979758412112878e+003  3.4265340821564714e+003  3.0264609765751156e+003  3.0264609765751156e+003  3.0264609765751156e+003  3.0264609765751156e+003  3.0264609765751156e+003  3.0264609765751156e+003  3.0264609765751156e+003  3.0264609765751156e+003
  7.3245261300156453e+003  7.1614990364060322e+003  6.9608091223216234e+003  4.1743804529361532e+003  4.1743804529361532e+003  3.9639465067128840e+003  3.9639465067128840e+003  3.9639465067128840e+003  3.6091265268802672e+003  2.9047199915205420e+003  2.9047178688673630e+003  2.9047178688673630e+003  2.9047178688673630e+003  2.9047178688673630e+003
  7.2086187717099565e+003  7.1337353976348350e+003  5.9233631106486901e+003  4.9717402826011503e+003  3.2547381298703658e+003  3.2547381298703403e+003  3.2547381298703403e+003  3.2547381298703403e+003  3.2547381298703403e+003  3.2547381298703403e+003  3.2547381298703403e+003  3.2547381298703403e+003  3.2547381298703403e+003  3.2547381298703403e+003
  7.3875763594606324e+003  6.1646510638920881e+003  6.1646510638920881e+003  3.3534609351409290e+003  3.3534609351409290e+003  3.3534609351409290e+003  3.3534609351409290e+003  3.3534609351409290e+003  3.3534609351409290e+003  3.3534609351409290e+003  3.3534609351409290e+003  3.3534609351409290e+003  3.3515298345690098e+003  2.5786373382895872e+003
  6.9004541127096209e+003  6.7449569838378893e+003  6.7449569838378893e+003  4.0006797846152585e+003  3.9078556555436517e+003  3.6329610775648835e+003  3.6329610775648835e+003  3.0429619958015955e+003  3.0429619958015955e+003  3.0429619958015955e+003  2.6285068934052233e+003  2.6285068934052233e+003  2.6285068934052233e+003  2.6285068934052233e+003
  7.7318243450957416e+003  6.7750935290546067e+003  6.2736827786607173e+003  3.0943517484436743e+003  2.8759930252497961e+003  2.8167272706101794e+003  2.8167272706101794e+003  2.4652394716773724e+003  2.4652394716773724e+003  2.4652394716773724e+003  2.4652394716773724e+003  2.4652394716773724e+003  2.4652394716773724e+003  2.4652394716773724e+003
  7.5761469377540852e+003  6.8136302971569094e+003  6.3746972560760578e+003  5.6740358246425640e+003  5.2795404485187473e+003  4.1143585630513626e+003  3.7330202386257624e+003  3.7330202386257624e+003  3.1580521081888637e+003  3.1580521081888637e+003  2.3820999197935344e+003  2.3820999197935344e+003  2.3820999197935344e+003  2.3820999197935344e+003
  7.1360731941097947e+003  6.9713707701041812e+003  6.4778103035641971e+003  3.5597561891698424e+003  3.5592736203942404e+003  3.5086682429284265e+003  3.2752359345065724e+003  3.2752358368163932e+003  2.6987752924755878e+003  2.6987752530249472e+003  2.6983900013873154e+003  2.6983900013873154e+003  2.6983900013873154e+003  2.6983900013873154e+003
  7.6732557174521116e+003  6.7717118464096266e+003  6.4427086270120626e+003  3.6861744696375517e+003  3.6861744696375517e+003  3.5404052593498418e+003  3.5404052593498418e+003  3.5404052593498418e+003  3.2508309160886420e+003  3.2508309160886420e+003  3.2508309160886420e+003  3.2508309160886420e+003  3.2508309160886420e+003  3.2508309160886420e+003
  7.2354645902449593e+003  6.7938941038465755e+003  6.4285483346416186e+003  3.6261635234128080e+003  3.3818440402750566e+003  2.9757878962633495e+003  2.9757878961045644e+003  2.9757878961045644e+003  2.9757878961045644e+003  2.9757878961045644e+003  2.9757878961045644e+003  2.9757878961045644e+003  2.9757878961045644e+003  2.9757878961045644e+003
  7.8280606371807517e+003  6.5969092151730720e+003  6.4072091053422264e+003  3.0601808368971724e+003  3.0601808368971724e+003  3.0601808368971724e+003  3.0601808368971724e+003  3.0601808368971724e+003  3.0601808368971724e+003  3.0601808368971724e+003  2.8799459478236313e+003  2.7528322515205637e+003  2.7528322515205637e+003  2.7528322515205637e+003
  7.5947474487830223e+003  7.0210037934093061e+003  6.3038232975043638e+003  4.1003569147858379e+003  3.9119692709508399e+003  3.9119692709508399e+003  3.4524969104124211e+003  3.4524969104105276e+003  3.4524969104105276e+003  3.4524969104105276e+003  3.2783466808381872e+003  3.2783466781458483e+003  2.7691696364494474e+003  2.7691696364494474e+003
  7.6098587318368536e+003  6.7669136407491305e+003  6.4128038911004505e+003  3.7859749026346763e+003  3.7859749026346763e+003  2.5820592900838838e+003  2.5820592900838838e+003  2.3835730605648714e+003  2.3835730605648714e+003  2.3835730605648714e+003  2.3835730605648714e+003  2.3835730605648714e+003  2.3835730605648714e+003  2.3835730605648714e+003
  6.8750564376936109e+003  6.6245631999563084e+003  6.4181491949067822e+003  4.1367463438747091e+003  4.1367463438747091e+003  4.1367463438747091e+003  4.1367463438747091e+003  3.5116934694863812e+003  3.5116934694863812e+003  3.5116934694863812e+003  3.5116934694863812e+003  3.5116934694863812e+003  3.5116934694863812e+003  2.5672458938665022e+003
  7.2190193422338616e+003  6.7457103046526081e+003  6.4977480600226172e+003  3.6858328594383765e+003  3.6858328594383765e+003  3.6858328594383765e+003  3.6858328594383765e+003  3.6858328594383765e+003  3.6858328594383765e+003  3.6455315477266740e+003  3.6455315477266740e+003  2.8765937283490621e+003  2.8765937283490621e+003  2.8765937283490621e+003
  7.3074681648451988e+003  6.1140895313201017e+003  6.1140895313201017e+003  3.3537655294580672e+003  3.3537653715064371e+003  3.3537653715064371e+003  2.6601439079627125e+003  2.5219307538551911e+003  2.5219307538551911e+003  2.5219307538551911e+003  2.5219307538551911e+003  2.5219307538551911e+003  2.5219307538551911e+003  2.5219307538551911e+003
  7.5283227742424024e+003  6.6298303903566948e+003  6.6190403931309556e+003  3.6718438837912545e+003  3.5419639155447767e+003  3.5419639155447621e+003  3.5419639155447621e+003  3.4011694276268172e+003  3.4010514101680019e+003  3.4010514101680019e+003  3.4010514101680019e+003  3.4010514101680019e+003  3.4010514101680019e+003  3.4010514101680019e+003
  7.1967025037007843e+003  6.6704963650013315e+003  6.1971005174628535e+003  3.6674057265271240e+003  3.0078627260357316e+003  3.0078627260357316e+003  3.0078627260357316e+003  2.9291745801829238e+003  2.6129419797394767e+003  2.6129419797394767e+003  2.6129419797394767e+003  2.6129419797394767e+003  2.6129419797394767e+003  2.6129419797394767e+003
  7.2099923242335371e+003  7.0145138853700901e+003  6.8933780828681838e+003  3.4962415641613024e+003  3.4962415641613024e+003  3.1044362439437737e+003  3.0390061593980354e+003  1.9510501367267134e+003  1.9510501367267134e+003  1.9510501367267134e+003  1.9510501367267134e+003  1.9510501367267134e+003  1.9510501367267134e+003  1.9510501367267134e+003
  7.3108380724273302e+003  6.6949210602210896e+003  6.4446874376953474e+003  3.6099196450691124e+003  3.5587877124850802e+003  3.4676422057455238e+003  3.4676422057455238e+003  3.2856872922817238e+003  2.4097638400059914e+003  2.4097638400059914e+003  1.4067678779589005e+003  1.4067678779589005e+003  1.4067678779589005e+003  1.4067678779589005e+003
  7.9532534926895732e+003  6.8881985456065977e+003  6.8881985456065977e+003  3.3988475005855089e+003  3.3988475005855089e+003  3.3705663756227095e+003  2.5680715931551949e+003  2.5680715931551076e+003  2.5680715931551076e+003  2.5680715931551076e+003  2.5680715931551076e+003  2.5680715931551076e+003  2.2304933030326029e+003  2.2304933030326029e+003
  7.5037726242391582e+003  6.8597004148952601e+003  6.5242416855313841e+003  3.9651199985105286e+003  3.9651199985105177e+003  3.9597517190723902e+003  3.9597517190723902e+003  3.9597517190723902e+003  3.9597517190723902e+003  3.5642396133342882e+003  3.0396453905320232e+003  2.9694291043627418e+003  2.9694291043627418e+003  2.9694291043627418e+003
  6.9183529529416819e+003  6.6318648883955966e+003  5.4476696261117131e+003  2.4298339439860119e+003  2.4298339439860119e+003  2.4298339439860119e+003  2.4298339439860119e+003  2.4298339439860119e+003  2.4298339439860119e+003  2.4298339439860119e+003  2.4298339439860119e+003  2.4298339439860119e+003  2.4298339439860119e+003  2.4298339439860119e+003
  7.0788152761676683e+003  6.7884020299775884e+003  6.7129993688745126e+003  2.9241711673756326e+003  2.9241711673756254e+003  2.9241711673756254e+003  2.9241711673756254e+003  2.5091544009753725e+003  2.5091544009753725e+003  2.5091544009753725e+003  2.5091544009753725e+003  2.5091544009753725e+003  2.5091544009753725e+003  2.5091544009753725e+003
  7.0742781376795319e+003  6.9561687844051985e+003  6.5340711514783106e+003  2.9600030419937011e+003  2.9600030419937011e+003  2.9600030419937011e+003  2.9600030419937011e+003  2.9600030419937011e+003  2.9600030419937011e+003  2.9600030419937011e+003  2.9600030419937011e+003  2.9600030419937011e+003  2.9600030419937011e+003  2.9600030419937011e+003
  6.6924112380609195e+003  6.6924112380609195e+003  6.4225833907462957e+003  4.8767814155228352e+003  4.8767814155228216e+003  4.8767814155228216e+003  3.8397872339180940e+003  3.7439199145164912e+003  3.7439182892377357e+003  3.7439182129260080e+003  3.7439182129260080e+003  3.7439182129260080e+003  3.7439182129260080e+003  3.7439182129260080e+003
  7.3315277051328576e+003  6.9888042043457017e+003  6.1695826119476824e+003  3.1375900238901540e+003  3.1375900238901540e+003  3.1375900238901540e+003  3.1375900238901540e+003  3.1375900238901540e+003  3.1375900238901540e+003  3.1375900238901540e+003  3.1375900238901540e+003  3.1375900238901540e+003  3.1375900238901540e+003  3.1375900238901540e+003
  7.3935515212033733e+003  7.0099303801077176e+003  6.5367965527896968e+003  5.0884239392509853e+003  4.4991679169864110e+003  4.2403792074280827e+003  4.2403792074280827e+003  3.2358962507007982e+003  3.2358962422763561e+003  3.2358962422763561e+003  3.2358962422763561e+003  3.2358962422763561e+003  3.1063104016707839e+003  2.9791068154815148e+003
  6.8283519773235848e+003  6.6379331741742080e+003  6.2794780588008234e+003  2.2776435377638554e+003  2.2776435377638554e+003  2.2776435377638554e+003  2.2776435377638554e+003  2.2776435377638554e+003  1.8032709255018544e+003  1.8032709255018544e+003  1.8032709255018544e+003  1.8032709255018544e+003  1.8032709255018544e+003  1.8032709255018544e+003
  7.3562005640567677e+003  6.9810937610764777e+003  6.6464954586916010e+003  2.5451082831145286e+003  2.5451082831144831e+003  2.5451082831144831e+003  2.5451082831144831e+003  2.5451082831144831e+003  2.5451082831144831e+003  2.5451082831144831e+003  2.5451082831144831e+003  2.5451082831144831e+003  2.1362487490625608e+003  2.1362487490625608e+003
  6.9970191598134434e+003  6.9970191598134434e+003  6.7735109698551014e+003  4.6743844605599261e+003  4.5132867499258364e+003  3.5385001312284094e+003  3.5385001312284094e+003  3.5385001312284094e+003  3.2660968536629425e+003  3.2660968536629425e+003  3.2660968536629425e+003  3.2660968536629425e+003  3.2660968536629425e+003  3.2479857990341552e+003
  7.5081001002908815e+003  6.9858067969222011e+003  6.2600977000206185e+003  3.0700672763394286e+003  3.0700672763394286e+003  2.8051288306879196e+003  2.8051288306879196e+003  2.8051288306879196e+003  2.8051288306879196e+003  2.8051288306879196e+003  2.8051288306879196e+003  2.8051288306879196e+003  2.8051288306879196e+003  2.8051288306879196e+003
  7.5473413231912200e+003  6.7793278315598845e+003  6.6401801360960062e+003  3.5738370606463577e+003  3.5738370606463577e+003  3.5738370606463504e+003  2.7455037628418813e+003  2.7455037628418813e+003  2.2484471128872428e+003  2.2484471128872428e+003  2.2484471128872428e+003  2.2484471128872428e+003  2.2484471128872428e+003  2.2484471128872428e+003
  7.4433973271135510e+003  7.1543190138840764e+003  6.7937692557192886e+003  3.7455785629187285e+003  3.7455785629187285e+003  2.7840071759059065e+003  2.7840071759059065e+003  2.5631087192420928e+003  2.5631087192420928e+003  2.5631087192420928e+003  2.5631087192420928e+003  2.5631087192420928e+003  2.5631087192420928e+003  2.5631087192420928e+003
  6.9891155113202158e+003  6.4945885623969616e+003  6.4945885623969616e+003  3.8541831006156281e+003  3.8541831006156281e+003  3.8541831006156281e+003  3.8541831006156281e+003  3.8541831006156281e+003  3.8541831006156281e+003  3.6130796435444990e+003  3.6130796435444990e+003  3.1277387166864391e+003  3.1277387166864391e+003  3.1277387166864391e+003
  7.0318411382783133e+003  6.1895972756287265e+003  6.1145402921451478e+003  3.2549757440692429e+003  2.6807847351707533e+003  2.6807847351707533e+003  2.6807847351707533e+003  2.6807847351707533e+003  2.6807847351707533e+003  2.6807847351707533e+003  2.6807847351707533e+003  2.6807847351707533e+003  2.6807847351707533e+003  2.6807847351707533e+003
  7.3542687602259575e+003  6.7576096946018642e+003  6.7576096946018642e+003  2.8669470560941663e+003  2.4519056102890208e+003  2.4518886512001027e+003  2.4518886512001027e+003  2.4518886512001027e+003  2.4518886512001027e+003  2.4518886512001027e+003  2.4518886512001027e+003  2.4518886512001027e+003  2.4518886512001027e+003  2.4518886512001027e+003
  7.5098408638483015e+003  7.4241477579890925e+003  6.7279276672527067e+003  4.5175423496368230e+003  4.4815075636477222e+003  3.8763184350230567e+003  3.8763184350230567e+003  3.0343805113851831e+003  2.3634437248415288e+003  2.3634437248415288e+003  2.3634437248415288e+003  2.3634437248415288e+003  2.3634437248415288e+003  2.3634437248415288e+003
  7.6109074823136816e+003  6.6735484193666662e+003  6.4252697347088615e+003  3.6491141570651125e+003  3.6491141570651125e+003  3.0900628582244917e+003  3.0900628582244917e+003  3.0900628582244917e+003  3.0900628582244917e+003  3.0900628582244917e+003  3.0900628582244917e+003  3.0900628582244917e+003  3.0900628582244917e+003  3.0900628582244917e+003
  6.8142949329155117e+003  6.5444430860213033e+003  6.5444430860213033e+003  3.3372734540037727e+003  3.3372734540037491e+003  3.3372734540037491e+003  3.3372734540037491e+003  3.3372734540037491e+003  3.3372734540037491e+003  3.3372734540037491e+003  3.3372734540037491e+003  3.2140714687572708e+003  3.2140714687572708e+003  3.2140714687572708e+003
  6.9141729624809077e+003  6.8423915889720411e+003  6.8179136879243606e+003  3.9610870786443429e+003  3.9610870786443429e+003  3.7447725580329679e+003  3.0604341195504585e+003  3.0595230526888681e+003  3.0595230526888608e+003  3.0595230526888608e+003  2.8659422083869067e+003  2.7688311150223526e+003  2.7688311150217760e+003  2.7688311150217760e+003
  7.5951761982815042e+003  7.1043414735993101e+003  6.7684794550707074e+003  4.0126461546342762e+003  4.0126461546342762e+003  4.0126461546342762e+003  4.0126461546342762e+003  4.0126461546342762e+003  3.8101452802924687e+003  3.2564034602762586e+003  3.2564034602762586e+003  3.2564034602762586e+003  3.2564034602762586e+003  3.2564034602762586e+003
  7.0000784775038610e+003  6.5339767616236941e+003  6.3584196695978289e+003  4.0358270784011165e+003  4.0358270784011165e+003  4.0358270784011165e+003  4.0358270784011165e+003  3.4692136295791333e+003  3.4692136295791333e+003  3.4692136295791333e+003  3.4692136295791333e+003  3.4692136295791333e+003  3.4692136295791333e+003  2.0974468446542469e+003
  6.8464500515515838e+003  6.4911797720557270e+003  6.3347856772918285e+003  4.7845803643611116e+003  4.7845803643610880e+003  4.7845803643610880e+003  3.5878951448642056e+003  2.9572429333818163e+003  2.7728810757400242e+003  2.7728810757400242e+003  2.7728810757400242e+003  2.7728810757400242e+003  2.7728810757400242e+003  2.7728810757400242e+003
  7.4665988215814868e+003  7.1239452249682290e+003  6.4522478553811407e+003  3.5997940691944914e+003  3.5997940691749754e+003  3.5997940691749754e+003  3.5997940691749754e+003  3.1853389667786178e+003  3.1853389667786178e+003  3.1853389667786178e+003  3.1853389667786178e+003  3.1853389667786178e+003  3.1853389667786178e+003  3.1853389667786178e+003
  7.4805706853382817e+003  6.9943781097763340e+003  6.9408967762997827e+003  4.2030501039154606e+003  4.2030501039153733e+003  3.1533258746019710e+003  3.1533258746019710e+003  3.1533258746019710e+003  3.1533258746019710e+003  3.1533258746019710e+003  2.1487578254811015e+003  2.0160280868725131e+003  2.0160280868725131e+003  2.0160280868725131e+003
  7.3898136009385089e+003  6.4454437523668958e+003  6.3734968716056092e+003  5.2157958818132811e+003  3.5575842078395635e+003  3.5575842078394508e+003  3.5575842078394508e+003  3.5575842078394508e+003  3.5575842078394508e+003  3.5575842078394508e+003  3.5575842078394508e+003  3.5575842078394508e+003  3.5575842078394508e+003  3.5575842078394508e+003
  7.7137432779715673e+003  7.0812803272932570e+003  6.6801666748232328e+003  2.9652826841552869e+003  2.9652826841552869e+003  2.9652826841552869e+003  2.9652826841552869e+003  2.9652826841552869e+003  2.9652826841552869e+003  2.9652826841552869e+003  2.9652826841552869e+003  2.9652826841552869e+003  2.9652826841552869e+003  2.9652826841552869e+003
  7.4361628247308490e+003  7.0380672235990587e+003  6.7432388663167585e+003  4.4513901872329698e+003  4.4513901872329525e+003  4.3464049077429991e+003  4.2999908187656747e+003  2.0562676656245476e+003  2.0562676656245476e+003  2.0562676656245476e+003  2.0562676656245476e+003  2.0562676656245476e+003  2.0562676656245476e+003  2.0562676656245476e+003
  7.8492464643224594e+003  7.0225014482384549e+003  5.7805289039956115e+003  2.6426238565871663e+003  2.6426238565871663e+003  2.6426238565871663e+003  2.6426238565871663e+003  2.6426238565871663e+003  2.6426238565871663e+003  2.6426238565871663e+003  2.6426238565871663e+003  2.6426238565871663e+003  2.6426238565871663e+003  2.6426238565871663e+003
