  5.3675787673030800e+002  4.2826351040066220e+002  3.7679136109762794e+002  2.9658062375305326e+002  2.9271077107818383e+002  2.6829310011227062e+002  2.6595567700541824e+002  2.6528767748667042e+002  2.6509439468257460e+002  2.6496073930518241e+002  2.6478896152164316e+002  2.6478140736294790e+002  2.6466899295579015e+002  2.6466899294921632e+002
  5.7822743500880642e+002  4.4627544193580752e+002  3.7624341713579997e+002  2.9834794585863347e+002  2.8871925825547714e+002  2.7083465460791558e+002  2.6587094166135557e+002  2.6555758763343283e+002  2.6532378194871717e+002  2.6528112024771053e+002  2.6524421675056965e+002  2.6523440553478622e+002  2.6522961080404502e+002  2.6522715805171083e+002
  5.8691941968135234e+002  4.5164662053005623e+002  3.6216821695040744e+002  2.8948344855056894e+002  2.8948344733555678e+002  2.6994640789760160e+002  2.6557666488962377e+002  2.6163422931151672e+002  2.6042727616652792e+002  2.6031214772308249e+002  2.5874137092295678e+002  2.5809104998137036e+002  2.5809104998137036e+002  2.5808158523885595e+002
  5.5748073470356576e+002  4.3292239162799888e+002  3.8727745088678785e+002  3.0695859805391092e+002  2.8859091901518786e+002  2.7001757073889576e+002  2.6476573903885492e+002  2.6473123283204404e+002  2.6428665698263694e+002  2.6413360435503637e+002  2.6413360435503637e+002  2.6170327066063783e+002  2.5948304429450218e+002  2.5726884769745811e+002
  5.0316086141374353e+002  4.3985796296113222e+002  3.7087301186620380e+002  3.0155414686057247e+002  2.8485608920982122e+002  2.6741459514035614e+002  2.6575608280282313e+002  2.6542554619375187e+002  2.6495264909381649e+002  2.6488792085505611e+002  2.6485715087489916e+002  2.6483858630541727e+002  2.6481920659307343e+002  2.6478318427393515e+002
  5.3262803961371264e+002  4.3248285538693381e+002  3.6579911940332750e+002  2.9048680624879125e+002  2.8293300337233131e+002  2.6890595675540044e+002  2.6517766240259425e+002  2.6004696496212000e+002  2.6004696496212000e+002  2.5987507143946550e+002  2.5734107586636037e+002  2.5734107586636037e+002  2.5734107586636037e+002  2.5730204714756383e+002
  5.7236776383253573e+002  4.5333850590988095e+002  3.6826393106709065e+002  3.0116237738753080e+002  3.0062696914233538e+002  2.7036951912888162e+002  2.6534707712090767e+002  2.6524999730121499e+002  2.6520812733802404e+002  2.6520765907892201e+002  2.6520705740504900e+002  2.6520553060037582e+002  2.6520362589496744e+002  2.6520308376090725e+002
  5.7133468175950293e+002  4.4739650782828630e+002  3.8089564693936154e+002  3.0316125674955038e+002  2.9029260726064331e+002  2.6737614017314127e+002  2.6587620326249044e+002  2.6497205529150688e+002  2.6426839256473704e+002  2.6414515622354384e+002  2.6394040640681487e+002  2.6140338081321852e+002  2.5912797680622134e+002  2.5818957434581898e+002
  5.5372144720825781e+002  4.3700861136195044e+002  3.7970703498298644e+002  3.0169934437152006e+002  2.8915324677451235e+002  2.6920517014693360e+002  2.6530190380111708e+002  2.6470137318338266e+002  2.6056509071991104e+002  2.6024615462734710e+002  2.6024615462734710e+002  2.6016086005085572e+002  2.5960725111707598e+002  2.5916805200369845e+002
  5.2061664692711247e+002  4.3881599542989034e+002  3.7713208764334468e+002  3.0120356276355051e+002  2.9437520033320652e+002  2.6783304737979370e+002  2.6491214859288175e+002  2.5888154403607314e+002  2.5832260975523013e+002  2.5832260975523013e+002  2.5832260975523013e+002  2.5818503005500725e+002  2.5818503005500725e+002  2.5789571186792273e+002
  5.3108734477575081e+002  4.4156993391284368e+002  3.6074577472371220e+002  2.9300694814231656e+002  2.8965235678227646e+002  2.6764052922690189e+002  2.6517766924417310e+002  2.6467003631961779e+002  2.6467000308148909e+002  2.6467000308148909e+002  2.6467000308148909e+002  2.6121412921676892e+002  2.6065917021148562e+002  2.5976571133567359e+002
  5.6831645868602300e+002  4.3835274114340564e+002  3.7474471650743590e+002  3.0086866329256236e+002  2.9377648205960031e+002  2.6882590459491348e+002  2.6587763391764111e+002  2.6479785856692888e+002  2.6475175643906141e+002  2.6468071202925285e+002  2.6467548748909167e+002  2.6466383606840236e+002  2.6465967757191811e+002  2.6465852001402209e+002
  5.5480755943420172e+002  4.2959521936083684e+002  3.7325302520782679e+002  3.2266755877528158e+002  2.7921347807832399e+002  2.6919652942579160e+002  2.6564488121378326e+002  2.6520236353108294e+002  2.6520199049093662e+002  2.6519937452001841e+002  2.6519682503496870e+002  2.6519495711530044e+002  2.6519288524906597e+002  2.6519232496914128e+002
  5.5432576317351868e+002  4.2947265519778102e+002  3.7719337803009103e+002  2.9831180439483978e+002  2.9830902838766724e+002  2.6919771036927750e+002  2.6517766250075147e+002  2.6517766250075147e+002  2.6517766246159590e+002  2.6517766246159590e+002  2.6517766246159590e+002  2.6517766246159590e+002  2.6517766246159590e+002  2.6517766246159590e+002
  5.6444740257992089e+002  4.3551973961518433e+002  3.6072672509975382e+002  2.9449714522436261e+002  2.9447385270320137e+002  2.7157823651722993e+002  2.6633042017471689e+002  2.6517778166643348e+002  2.6517778166643348e+002  2.6517778166643348e+002  2.6517778141035160e+002  2.6517778141035160e+002  2.6517778141035160e+002  2.6517778141006147e+002
  5.5554851502481415e+002  4.3437108105300831e+002  3.6994535284112862e+002  3.1297545316119385e+002  2.8449213678930346e+002  2.6703134908220318e+002  2.6559541711430438e+002  2.6506505618374058e+002  2.6497510936493927e+002  2.6494111514167389e+002  2.6487568789013585e+002  2.6483570931057739e+002  2.6481486928702816e+002  2.6466922644501437e+002
  5.5614805430883462e+002  4.3926726063297656e+002  3.7076053229280751e+002  2.8890072717009798e+002  2.7981363833380874e+002  2.6634436463181100e+002  2.6518822928171994e+002  2.6428845734283368e+002  2.6428845734283368e+002  2.6427956489484859e+002  2.6426791956881607e+002  2.6425718998042930e+002  2.6425533778670115e+002  2.6425120770266130e+002
  5.8506467753412016e+002  4.4908909804124323e+002  3.6920588958183635e+002  2.9181387279006049e+002  2.8631500777448946e+002  2.6699700556299467e+002  2.6517766213000232e+002  2.6517766213000232e+002  2.6517766213000232e+002  2.6517766213000232e+002  2.6517766213000232e+002  2.6517766213000232e+002  2.6517766213000232e+002  2.6517766213000232e+002
  5.3977038067110198e+002  4.2765542910059366e+002  3.7489325980210106e+002  3.0452692454564658e+002  2.9179429637022849e+002  2.7143651227808459e+002  2.6565921020078895e+002  2.6062104451790037e+002  2.6062104451790037e+002  2.6062104451790037e+002  2.6062104451790037e+002  2.5945091211775798e+002  2.5935981889392360e+002  2.5916098890910098e+002
  5.7416125949566867e+002  4.2528681225172750e+002  3.7060176677118898e+002  2.9323472123764577e+002  2.8651389954574324e+002  2.6784140660974481e+002  2.6533241339801816e+002  2.6448343089665332e+002  2.6425659815829022e+002  2.6425643687099046e+002  2.6425643687099046e+002  2.6424991210499320e+002  2.6424880159795748e+002  2.6424880157903272e+002
  5.6588023038699430e+002  4.4407059287066477e+002  3.7985252164588383e+002  2.9178882835051809e+002  2.9006104834333655e+002  2.7306298983433271e+002  2.6537464240772624e+002  2.6457037246838763e+002  2.6430709235741233e+002  2.6036135047503194e+002  2.5978291115363299e+002  2.5964052406752626e+002  2.5902400666770154e+002  2.5902400666770154e+002
  5.9736223593054274e+002  4.4385177526086545e+002  3.8730918708303761e+002  2.9504690472553284e+002  2.9309666848511915e+002  2.6845146724634196e+002  2.6493101063712766e+002  2.6103964729276549e+002  2.5916997834932499e+002  2.5769635939801901e+002  2.5769635939801901e+002  2.5763661863197649e+002  2.5763661863197649e+002  2.5763661863197649e+002
  5.5282310676220777e+002  4.4594325194065914e+002  3.8374249032517127e+002  3.1324233946664799e+002  3.0166676958080961e+002  2.6832766696688941e+002  2.6491160227217915e+002  2.6478212221232479e+002  2.6474834713763767e+002  2.6470011242181954e+002  2.6468224966300022e+002  2.6467365527256243e+002  2.6467365525489322e+002  2.6467178264766108e+002
  5.8336919341891280e+002  4.3475387790634977e+002  3.8622119986457983e+002  3.0145072002368306e+002  2.9453945039968085e+002  2.7305364526843596e+002  2.6627176729948633e+002  2.5922673839091794e+002  2.5922673839091794e+002  2.5886414482168402e+002  2.5823969568743087e+002  2.5823969568743087e+002  2.5740010358934751e+002  2.5732198449381076e+002
  5.8594104428521905e+002  4.5470408972772566e+002  3.7723183153062064e+002  3.1605407823734504e+002  2.8346909378978626e+002  2.7108863286215819e+002  2.6535295377523289e+002  2.6501310324532778e+002  2.6482103020616751e+002  2.6480146005046208e+002  2.6466899299803936e+002  2.6466899299803936e+002  2.6466899299803936e+002  2.6466899299803936e+002
  5.7963971862263679e+002  4.2581257739266675e+002  3.6827857131049313e+002  3.1061976602911182e+002  2.8537477290535526e+002  2.7014683061782534e+002  2.6564990047142510e+002  2.6517775462542113e+002  2.6494708629434535e+002  2.6261123217587010e+002  2.6174353803318763e+002  2.5993154428940306e+002  2.5987723874589210e+002  2.5976247525020608e+002
  5.5081851506022531e+002  4.5321788927406760e+002  3.5962536517566423e+002  3.0727453675133529e+002  2.7968232280797338e+002  2.6729824662629744e+002  2.6354785920778158e+002  2.6354785920778158e+002  2.6061372568848219e+002  2.6049773387763071e+002  2.6040391220403990e+002  2.6040391220403990e+002  2.5927631011318772e+002  2.5786374535184996e+002
  5.5776572211119174e+002  4.3472208791589946e+002  3.7759835589999329e+002  3.0109426020423325e+002  2.9791903970204294e+002  2.6744681873031413e+002  2.6601116864991582e+002  2.6437231208388675e+002  2.6403570398544616e+002  2.6390406914632376e+002  2.6384148629401261e+002  2.6352070589053483e+002  2.6221135486830144e+002  2.6043069764260144e+002
  5.7902984153952912e+002  4.4972583349187153e+002  3.6722177270471730e+002  3.1687140221236859e+002  2.8878572369637777e+002  2.7199464744797024e+002  2.6538518345333296e+002  2.6531287379351261e+002  2.6527545859727525e+002  2.6523360238110172e+002  2.6522179448354609e+002  2.6521827587414282e+002  2.6520867888813609e+002  2.6520646442321140e+002
  5.5438023159244312e+002  4.3709279550477140e+002  3.8290732776528648e+002  2.9142348177790609e+002  2.7838647683808449e+002  2.6881304956146641e+002  2.6551104473299938e+002  2.6474925631469341e+002  2.6473595755884571e+002  2.6472401015486366e+002  2.6472380646457668e+002  2.6472335775273859e+002  2.6468274475473345e+002  2.6467468128801147e+002
  5.8075355725121108e+002  4.5180121410684978e+002  3.8236144661753178e+002  2.9465225510390428e+002  2.7969646014477075e+002  2.6962741677654139e+002  2.6517766569913556e+002  2.6517766569913556e+002  2.6517766541646870e+002  2.6517766541646870e+002  2.6517766541646870e+002  2.6517766541646870e+002  2.6517766541646870e+002  2.6517766541646870e+002
  5.5705259480324276e+002  4.1237393244012264e+002  3.5619001376571759e+002  3.0575836719634799e+002  2.8761142814719187e+002  2.7101183295678265e+002  2.6569288080508704e+002  2.6517766260074177e+002  2.6517766260074177e+002  2.6517766260074177e+002  2.6517766260074177e+002  2.6517766260074177e+002  2.6517766260074177e+002  2.6517766256312143e+002
  5.5337615549141265e+002  4.4072198270137415e+002  3.6679340002178287e+002  3.1100563073151898e+002  2.8039215355366650e+002  2.6712556957835432e+002  2.6560166372227013e+002  2.6198194276101867e+002  2.5830645379538555e+002  2.5830645379538555e+002  2.5830645379538555e+002  2.5830645379538555e+002  2.5817272889364767e+002  2.5735428941980717e+002
  5.3728937765589535e+002  4.2569269076356113e+002  3.8259206187026575e+002  2.8520995720101564e+002  2.8516681456832930e+002  2.7000327879843462e+002  2.6591934606990753e+002  2.6470485903586496e+002  2.6470485903586496e+002  2.6470485887070936e+002  2.6468409078235527e+002  2.6468409078235527e+002  2.6468363491785294e+002  2.6468363472177134e+002
  5.8213406480299500e+002  4.4181734909202351e+002  3.6748847934111245e+002  3.0365514803723045e+002  2.8724894256050584e+002  2.7136808188251871e+002  2.6605052943196006e+002  2.6547462295393007e+002  2.6547462295393007e+002  2.6539685748818283e+002  2.6533515211717622e+002  2.6531278682823950e+002  2.6527076298694919e+002  2.6525424783678727e+002
  5.6794413412504036e+002  4.0983062436925456e+002  3.7985501292494791e+002  3.0076615928396450e+002  2.9216113951892021e+002  2.6688993008233183e+002  2.6456362803159800e+002  2.6395708666808332e+002  2.6091409626018685e+002  2.5918173558706167e+002  2.5915524029702829e+002  2.5914270393191555e+002  2.5911210850802900e+002  2.5903512627684040e+002
  5.6311002875192617e+002  4.2864095995994694e+002  3.7921912481218669e+002  3.0400956903629367e+002  2.8147975764087914e+002  2.6748041347741491e+002  2.6482846676021882e+002  2.6471414254697584e+002  2.6233152372171935e+002  2.6094110931078967e+002  2.6053403812883153e+002  2.5916795796263159e+002  2.5916141241544483e+002  2.5905305929069073e+002
  5.5306766280129114e+002  4.4282749817270678e+002  3.6971555806449760e+002  2.9588697523220389e+002  2.9588697523220389e+002  2.6630344686019134e+002  2.6536025568864807e+002  2.6411770627299211e+002  2.6408576274725192e+002  2.6222333773663740e+002  2.5948363207640568e+002  2.5948363207640568e+002  2.5928552566581993e+002  2.5915540424601659e+002
  5.5955385733005824e+002  4.2121734015787342e+002  3.8458934582432539e+002  2.8479873879030356e+002  2.8479503107624623e+002  2.7321072957457682e+002  2.6639746797244652e+002  2.6475942084891904e+002  2.6218628925306257e+002  2.6218628925306257e+002  2.6218628925306257e+002  2.6070595345515039e+002  2.5946837278197336e+002  2.5792577420059251e+002
  5.4744380800986983e+002  4.0851658001458691e+002  3.7254133804077583e+002  3.0550558068908094e+002  2.8194662332746020e+002  2.6951678236310863e+002  2.6517797497977153e+002  2.6517797497977153e+002  2.6517797497977153e+002  2.6517797497977153e+002  2.6517797497977153e+002  2.6517797497977153e+002  2.6517792875409850e+002  2.6517792875409850e+002
  5.5868685687751758e+002  4.3509679685558103e+002  3.7520344357781687e+002  3.0157905678614043e+002  2.9075843171280303e+002  2.6573317529433189e+002  2.6380776123886562e+002  2.5730008724522668e+002  2.5730008724522668e+002  2.5730008724522668e+002  2.5730008724522668e+002  2.5730008724522668e+002  2.5730008724522668e+002  2.5730008724522668e+002
  5.6601243724504320e+002  4.3634363144477948e+002  3.7269622933858864e+002  2.9151145710282572e+002  2.9098699872038242e+002  2.6887890706492817e+002  2.6591819094526045e+002  2.6507133009241625e+002  2.6489031226531461e+002  2.6484545212243074e+002  2.6482292024348135e+002  2.6479531188836972e+002  2.6475690748100078e+002  2.6466985194403424e+002
  5.5840082710689512e+002  4.3707174132309729e+002  3.7638998758009757e+002  2.9252706052542089e+002  2.8977800825738814e+002  2.6786542510412301e+002  2.6548580726653927e+002  2.6541089594412006e+002  2.6525979828800246e+002  2.6522620210257674e+002  2.6522287556630590e+002  2.6522182853952381e+002  2.6522064904199851e+002  2.6522064904199851e+002
  5.6003189094948993e+002  4.3296379072191075e+002  3.6602082563905833e+002  3.0153789567595595e+002  2.9458728922728415e+002  2.7085302386222611e+002  2.6567454752912363e+002  2.6503354375405115e+002  2.6495248141938282e+002  2.6485383517202399e+002  2.6476843625469246e+002  2.6474860092494964e+002  2.6473163689835383e+002  2.6471937255619014e+002
  5.4864515964669181e+002  4.4784124590680494e+002  3.7256122653669763e+002  3.0158107188836129e+002  2.8752096120492524e+002  2.6892850575255761e+002  2.6430435472704539e+002  2.5886737298520484e+002  2.5800656019396638e+002  2.5723872830003529e+002  2.5704892004358317e+002  2.5704892004358317e+002  2.5665373910860353e+002  2.5649419321694450e+002
  5.4286671996405857e+002  4.3840477164340473e+002  3.5426442462976865e+002  3.0222276917739646e+002  2.8425808393743137e+002  2.6897082756341388e+002  2.6553943112395655e+002  2.6518399465369430e+002  2.6518330504480673e+002  2.6518330504480673e+002  2.6518330504480673e+002  2.6518330504480673e+002  2.6518330504480673e+002  2.6518330504124151e+002
  5.6862316011099892e+002  4.5477107206090704e+002  3.7507161361016733e+002  2.9912429845937277e+002  2.8337294166872925e+002  2.7019711390594102e+002  2.6560946494467044e+002  2.6489502042077174e+002  2.6489502042077174e+002  2.6489119106131011e+002  2.6483239324526448e+002  2.6467004634735213e+002  2.6466988641300486e+002  2.6466988641300486e+002
  5.4349630158455511e+002  4.5337017844562433e+002  3.7015128136382509e+002  3.0533751379006844e+002  2.8263527201919078e+002  2.6808106315482928e+002  2.6475462540892704e+002  2.6447454921415283e+002  2.6436577863827597e+002  2.6434216328085677e+002  2.6431719242368854e+002  2.6429559511685920e+002  2.6429559511685920e+002  2.6429184180020184e+002
  5.7047636082635518e+002  4.5262425964867452e+002  3.7660668242519478e+002  2.9407436520991632e+002  2.8967099687624068e+002  2.6940755369904946e+002  2.6507041624127487e+002  2.6488147024290993e+002  2.6484859467196884e+002  2.6481020079698101e+002  2.6477053291707716e+002  2.6475457437492878e+002  2.6474808251095374e+002  2.6473282180038723e+002
  5.7819242337135211e+002  4.3919185701165225e+002  3.7654040830383610e+002  2.9510567880635426e+002  2.8284830691419938e+002  2.7058807334333278e+002  2.6544946508456223e+002  2.6236455880571975e+002  2.5888952777315899e+002  2.5832368320247724e+002  2.5832368320247724e+002  2.5809095969856935e+002  2.5809095969856935e+002  2.5799052488628422e+002
  5.6111017262852192e+002  4.3251261064914706e+002  3.7661324754990392e+002  2.9777970452020281e+002  2.9101048495568193e+002  2.7048152608252167e+002  2.6271193769733509e+002  2.5933646551294623e+002  2.5830236626003534e+002  2.5830236626003534e+002  2.5824478173935404e+002  2.5824478173935404e+002  2.5824478173935404e+002  2.5806521475303043e+002
