  9.5064424010379753e+003  6.9029715658195728e+003  5.4543081917927102e+003  3.0148788654783466e+003  2.0016929375580185e+003  1.7091782936975815e+003  1.2718529077017147e+003  1.2718529075015877e+003  1.2718529075015877e+003  1.1403549459018941e+003  1.1403549459018941e+003  1.1403549459018941e+003  1.1403549459018941e+003  1.1403549459018941e+003
  9.7201300835337752e+003  7.7908330640299719e+003  5.1833445026824756e+003  3.6876419366863047e+003  2.1837913544372286e+003  1.4074339369644322e+003  1.4074339369644322e+003  1.2364687793836183e+003  1.2020306317938421e+003  1.2020271914444447e+003  1.2020271914444447e+003  1.2020271914444447e+003  1.2020271914444447e+003  1.0973117491640537e+003
  9.1393913603247711e+003  7.0838057601765940e+003  4.6101384520494248e+003  2.8601889584311884e+003  1.6582787436621147e+003  1.4024919013606886e+003  1.1094215906185300e+003  1.1094215906185300e+003  1.1094215906185191e+003  1.1094215906185191e+003  1.1094215906185191e+003  1.1094215906185191e+003  1.1094215906185191e+003  1.1094215906185191e+003
  9.7024665761789674e+003  6.3315328088214555e+003  5.0305029269937950e+003  2.8547926036278823e+003  1.7269280921444652e+003  1.3169656390065229e+003  1.2583195472546486e+003  1.1442419483042149e+003  1.1442419483042149e+003  1.1442419483042149e+003  1.0436340361560156e+003  1.0436340361560156e+003  1.0436340361560156e+003  1.0436340361560156e+003
  9.9590983452149449e+003  7.0628616753079459e+003  4.3002258555158187e+003  3.4765433841654176e+003  1.6724748983478166e+003  1.3901232011871562e+003  1.3893942768342467e+003  1.2972449828149511e+003  1.2972449828149511e+003  1.2497863153542412e+003  1.2097834897222760e+003  1.2097833784540276e+003  1.2097833784540276e+003  1.2097833784540276e+003
  9.2440091508665573e+003  6.6899910337974870e+003  4.5234205330830955e+003  3.6180777224158901e+003  1.7654537480445351e+003  1.3822456076680301e+003  1.2093755719813889e+003  1.2093755719813889e+003  1.2093755719813889e+003  1.2093755719813889e+003  1.1696284550990340e+003  1.1696284550990340e+003  1.1696284550990340e+003  1.1696284550990340e+003
  1.0026045391668929e+004  5.1359682178230969e+003  4.2919509060298797e+003  2.8426284490579592e+003  1.9643875432997975e+003  1.3399213982558431e+003  1.3399213982558431e+003  1.1923461605100420e+003  1.1923461604889289e+003  1.1923461604889289e+003  1.1816151704902090e+003  1.1711553447991532e+003  1.0742887016309596e+003  1.0742884792931391e+003
  9.3265510715139080e+003  6.6467383877060602e+003  5.1951075649374798e+003  3.4534643437433606e+003  1.7729793459670500e+003  1.3451692487907021e+003  1.3451692487907021e+003  1.2800271857117041e+003  1.2800271857117041e+003  1.1920509714704549e+003  1.1920509714704549e+003  1.1920509714704549e+003  1.1385974592828316e+003  1.1385974581776386e+003
  9.3574414783025786e+003  6.0389491366288494e+003  3.9952248986680188e+003  2.4730214104040115e+003  1.6656330500582990e+003  1.4602932441116591e+003  1.0986867141422726e+003  1.0986867141422726e+003  1.0986867141422726e+003  1.0986867141422726e+003  1.0986867141422726e+003  1.0986867141422726e+003  1.0986867141422726e+003  1.0986867141422726e+003
  9.8260809634600810e+003  6.9686363124468462e+003  4.5871516997680992e+003  3.2358780612544979e+003  1.9053241434953025e+003  1.1905131752211396e+003  1.1905131752211396e+003  1.1905131752211396e+003  1.1905131752211396e+003  1.1530332652202637e+003  1.1530332652202637e+003  1.1530332652202637e+003  1.1393659135656881e+003  1.1393659128931395e+003
  9.5614756811996103e+003  7.1798161040607192e+003  5.3717867481578651e+003  4.2361623037122954e+003  2.2836722170652229e+003  1.3676589615403027e+003  1.3058938800154201e+003  1.2601936306800644e+003  1.1629405672656007e+003  1.1629405672656007e+003  1.1629405672656007e+003  1.1629405672656007e+003  1.1581635214026001e+003  1.1527918476182213e+003
  8.3698495853277600e+003  7.3041903647121180e+003  4.7410020232743027e+003  2.9773028462661705e+003  2.1729983457626731e+003  1.4215471912844723e+003  1.2949818922145414e+003  1.2949818922145414e+003  1.2949818922145414e+003  1.1844400154457508e+003  1.1509956002265308e+003  1.1509956002265308e+003  1.1509956002265308e+003  1.1509956002265308e+003
  9.2579093441786335e+003  5.8696361775794612e+003  4.5769698714504193e+003  3.4452344838240861e+003  1.9019856633493519e+003  1.5281488054717383e+003  1.3876687475351246e+003  1.3876687475351246e+003  1.2108492196721136e+003  1.0935212426760436e+003  1.0935212426760436e+003  1.0935212426760436e+003  1.0935212426760436e+003  1.0935212426760436e+003
  9.9334669364095771e+003  7.0448488567848945e+003  4.4851705408801399e+003  2.8805774416914392e+003  2.0143003853047785e+003  1.4331937802944676e+003  1.3724640111977460e+003  1.2325280321576111e+003  1.2325280321576111e+003  1.1624954514770525e+003  1.1624954514770525e+003  1.1624954514770525e+003  1.1624954514770525e+003  1.1624954514770525e+003
  9.5637180366910652e+003  7.2167656594235195e+003  5.4403058040665255e+003  3.5291276563970132e+003  1.8353128837181148e+003  1.4504033566517410e+003  1.4379228478677123e+003  1.1749176310081521e+003  1.1749172385915408e+003  1.1749172385915408e+003  1.1749172385915408e+003  1.1583373537764924e+003  1.1583373535801506e+003  1.1327254871465366e+003
  8.5519576798347152e+003  5.2627383452482854e+003  4.2053543844964506e+003  2.4301463600516681e+003  2.1447871838135625e+003  1.6404917466676434e+003  1.3440998183931388e+003  1.1795217467318166e+003  1.1795217467318166e+003  1.1527993370195663e+003  1.1527993369743344e+003  1.1527993369743344e+003  1.1527993369743344e+003  1.1527993369743344e+003
  9.7501327451392717e+003  6.4492925537215251e+003  4.2321238299953820e+003  3.5551072565365967e+003  1.7487875678582714e+003  1.4501876949014886e+003  1.2181018479526715e+003  1.2180715082382285e+003  1.2180715082382285e+003  1.1535471775909355e+003  1.1535471614515850e+003  1.1535471614515850e+003  1.1535471614515850e+003  1.1411530936369754e+003
  9.4332014113272508e+003  6.3848255349173378e+003  4.1791245264239833e+003  3.0140959851129574e+003  1.9165977172796647e+003  1.5895564923242455e+003  1.3868298689406956e+003  1.3410568661441484e+003  1.3410568661441484e+003  1.0201431802700090e+003  1.0201431802700090e+003  1.0201431802700090e+003  1.0201431802700090e+003  1.0201431802700090e+003
  9.4917479051326518e+003  6.1638661129459324e+003  5.0196507826365378e+003  3.4923924413232126e+003  1.7967317016820871e+003  1.4132230193292471e+003  1.3302764493153200e+003  1.3302764493092382e+003  1.2059926083831751e+003  1.2059926083831751e+003  1.2059926083831751e+003  1.2059926083831751e+003  1.1239824054788114e+003  1.1239824054788114e+003
  9.9321711436754595e+003  7.5184409851139771e+003  5.1165034246090254e+003  4.8591821847607043e+003  1.9285058674951997e+003  1.4524288622873319e+003  1.2694753249148162e+003  1.2102557561586136e+003  1.2102556504154195e+003  1.2102556504154195e+003  1.2102556504154195e+003  1.2102556504154195e+003  1.2102556504154195e+003  1.2102556504154195e+003
  9.2219858436593931e+003  6.5522353497576551e+003  5.2727148208832677e+003  3.0820799049401185e+003  1.7730620588951915e+003  1.3709653952669223e+003  1.2564717934918426e+003  1.2564717934918426e+003  1.2143388750721388e+003  1.2143388750721388e+003  1.2143388750721388e+003  1.2143388750721388e+003  1.2143388750721388e+003  1.2143388750721388e+003
  7.5023258419098056e+003  5.7777409685426665e+003  4.9931800515676323e+003  2.9199863007215909e+003  1.8332468465583070e+003  1.5416032500069668e+003  1.2278234741332672e+003  1.2278234741332672e+003  1.2278234741332672e+003  1.1099643838505153e+003  1.0781528759296743e+003  1.0781528759296743e+003  1.0731734336584082e+003  1.0731734336584082e+003
  8.5262469118022400e+003  7.0388912784323402e+003  5.1889624148701478e+003  3.4768288611647440e+003  1.7603748915154902e+003  1.5362033174506205e+003  1.1916297806267839e+003  1.1028174031822605e+003  1.1028174031818294e+003  1.1028174031818262e+003  1.1028174031818262e+003  1.1028174031818262e+003  1.1028174031818262e+003  1.1028174031818262e+003
  7.4127438460707672e+003  6.3283649345439662e+003  3.9869981896694117e+003  2.1474976517274154e+003  1.6977196221794657e+003  1.3619960429664561e+003  1.2851514486307528e+003  1.2851514443990404e+003  1.1808900391342195e+003  1.1808900391342195e+003  1.1553971417053726e+003  1.1537557539364057e+003  1.1537557539364057e+003  1.1537557539364057e+003
  8.4328990408393365e+003  6.2834659932784598e+003  4.7131678065284423e+003  3.9089407382190539e+003  1.8804459397952960e+003  1.3148187604944014e+003  1.2620078270251706e+003  1.2620078270251706e+003  1.2138585999184234e+003  1.1917335766503829e+003  1.1917335766503829e+003  1.1917335766503829e+003  1.1674322158753412e+003  1.1674322158753330e+003
  9.5472055721452525e+003  7.1688991837525191e+003  4.9970294023277165e+003  3.6028572115516072e+003  1.9464600538130753e+003  1.5589461610518774e+003  1.1141088364265170e+003  1.1141088364265170e+003  1.1141088364265170e+003  1.1141088364265170e+003  1.1141088364265170e+003  1.1141088364265170e+003  1.1141088364265170e+003  1.1141088364265170e+003
  9.6721698815695981e+003  6.1470494191697126e+003  4.7679564146222556e+003  3.0646555989013359e+003  1.8521037899668518e+003  1.3624930638676615e+003  1.3624928756556965e+003  1.1973437697625795e+003  1.1973437697625795e+003  1.1898507478959259e+003  1.1110200722396967e+003  1.1110198062780742e+003  1.1110198062780742e+003  1.1110197114301345e+003
  9.3177855671548568e+003  7.2649321548779953e+003  4.8262713812456514e+003  2.4994551128087151e+003  2.2925008252328735e+003  1.5770558302416130e+003  1.3628345981150587e+003  1.3628345981150587e+003  1.2814325751628394e+003  1.2420379993231027e+003  1.2420379986343978e+003  1.1797474634500113e+003  1.1089953157629916e+003  1.0806589198726233e+003
  9.3282419163061459e+003  6.2318347212497920e+003  5.5030853131268959e+003  2.9856709288393176e+003  2.0697688610040177e+003  1.2493951275305831e+003  1.2372870010927122e+003  1.1980141885985922e+003  1.1980141885985922e+003  1.1932493378153995e+003  1.1788372100888391e+003  1.1788372100888391e+003  1.0890153098463074e+003  1.0890151537211509e+003
  9.1236945031480827e+003  6.0529071272211986e+003  4.5297442825185390e+003  2.6622231811503771e+003  1.6780810916160262e+003  1.4543676157974996e+003  1.3403589076334756e+003  1.2865936792138791e+003  1.1271905649598598e+003  1.1271905649598598e+003  1.1271905649598598e+003  1.1271905649598598e+003  1.1271905649598598e+003  1.0441789379126226e+003
  8.9371523629708227e+003  6.2810070502985345e+003  4.1658991296469194e+003  2.7963285033620878e+003  2.0114156174273203e+003  1.4978910075231488e+003  1.3439922707038695e+003  1.2269026583915870e+003  1.2084853169623325e+003  1.1732792529830085e+003  1.1732792529830085e+003  1.1732792529830085e+003  1.1732792529830081e+003  1.1732792529830081e+003
  9.8331719451773934e+003  6.4508621123618650e+003  4.0127042711652257e+003  2.9327943406415216e+003  1.7298736595355458e+003  1.2743933978916384e+003  1.2523312845842711e+003  1.0145971105027420e+003  1.0029704981349669e+003  1.0029704981349669e+003  1.0029704981349669e+003  1.0029704981349669e+003  1.0029704981349669e+003  1.0029704981349669e+003
  8.2660068157664027e+003  7.1066902354547019e+003  4.6812383740468695e+003  3.6629413722721929e+003  1.5210791627762173e+003  1.4159700297188801e+003  1.2645507393402645e+003  1.1633548267967767e+003  1.1633548267967767e+003  1.1633548267967767e+003  1.1633548267967767e+003  1.1547616316326698e+003  1.1052687855005852e+003  1.1052687855005852e+003
  9.2905516060278169e+003  6.1658945323494700e+003  4.8043571231287551e+003  4.5695693784913556e+003  2.0028415403403760e+003  1.4951723239433040e+003  1.3910283798892897e+003  1.2044658128148149e+003  1.2044658128148149e+003  1.2044658128148149e+003  1.2044657703205462e+003  1.2044657703205462e+003  1.2044657703205462e+003  1.2044657703205462e+003
  9.9917420662502773e+003  6.0383075858243410e+003  4.7951004729431152e+003  3.0242228293000080e+003  2.2064829961899250e+003  1.3313133159852305e+003  1.3313132819309285e+003  1.0532066733907177e+003  1.0532066733907177e+003  1.0532066733907177e+003  1.0532066733907177e+003  1.0532066733907177e+003  1.0532066733907177e+003  1.0532066733907177e+003
  9.4177588788702069e+003  6.1113073066355719e+003  4.8027656604729682e+003  3.5670044224573703e+003  1.9223540597266765e+003  1.3893200795856001e+003  1.2840718271427809e+003  1.2013521583010656e+003  1.2013521583010656e+003  1.1722250644939254e+003  1.1722250644939254e+003  1.1294356932123274e+003  1.1294356932123274e+003  1.1294356932123274e+003
  8.8324505144026662e+003  5.2961344090663943e+003  4.7710308229294760e+003  3.8838007299854999e+003  1.9142956916153580e+003  1.3394357158394005e+003  1.1629532296461466e+003  1.1629531500115859e+003  1.1629531500115859e+003  1.1388874611414335e+003  1.1388874611414335e+003  1.1388874611414335e+003  1.1388874611414335e+003  1.1388874611414335e+003
  1.0046904319572139e+004  5.9476392924912943e+003  4.2472949892024180e+003  2.6029152660845075e+003  1.8459234705487970e+003  1.4294746462912381e+003  1.1607234666229442e+003  1.1607234666229442e+003  1.1607234666229442e+003  1.0902090038464708e+003  1.0902089741436439e+003  1.0902089155103222e+003  1.0902089155103222e+003  1.0902089155103222e+003
  9.7862783652128419e+003  6.0286708704089633e+003  4.3599461302124646e+003  2.9448382713072551e+003  2.0405451461009816e+003  1.6684938235644440e+003  1.3109808828181485e+003  1.2167655858353965e+003  1.2167655858353965e+003  1.2167655858353965e+003  1.2167655858353965e+003  1.1524085908762190e+003  1.1524085908758248e+003  1.1524085908758248e+003
  9.1087162607511273e+003  6.8787091996462186e+003  4.7261581847622947e+003  2.8446071276008961e+003  2.0889182672863662e+003  1.3360168909007270e+003  1.3182335142817401e+003  1.3055857624877835e+003  1.1902959866174106e+003  1.0522613408532306e+003  1.0522613408532306e+003  1.0522613408532306e+003  1.0522613408532306e+003  1.0522613408532306e+003
  8.4288670362883131e+003  6.0654029681389802e+003  4.7020035211333516e+003  2.7847030684198980e+003  1.7845524231683758e+003  1.3757547914586958e+003  1.3125978305741282e+003  1.2213883460306770e+003  1.1626389809933926e+003  1.1626389809933926e+003  1.1626389809933926e+003  1.1153730899291131e+003  1.1153730899291131e+003  1.1153049147814236e+003
  8.3102445610728137e+003  6.3893162669733047e+003  5.1699955280480854e+003  3.2661512012844960e+003  1.9637209613153782e+003  1.3906464167215163e+003  1.2376037507108981e+003  1.2376036194419739e+003  1.2376036194419739e+003  1.2376036194419739e+003  1.1172931659872283e+003  1.1020018135073146e+003  1.1020018135073146e+003  1.1020018135073146e+003
  8.1685339804526047e+003  5.5400267723184625e+003  4.0182043315170758e+003  2.9273139302254322e+003  1.8727954061681266e+003  1.3196912161206319e+003  1.3196912161206319e+003  1.2528122355171386e+003  1.2502063556918547e+003  1.2496832669201749e+003  1.1687652708156120e+003  1.1687652708156120e+003  1.1687652708156120e+003  1.1220301588290336e+003
  8.9854966866004634e+003  5.8153076643909699e+003  4.3304020262865215e+003  3.5003556644916334e+003  2.0053803479383478e+003  1.7387752325349211e+003  1.3628482788558576e+003  1.2722787491868430e+003  1.2260328820616955e+003  1.2260328820616955e+003  1.2079703876381564e+003  1.2079703842754334e+003  1.2079703842754334e+003  1.1166266587652940e+003
  9.3568601912136801e+003  5.9864420045440602e+003  4.2304534845332073e+003  2.7980199091947716e+003  1.8423259754279716e+003  1.3019376713216407e+003  1.2268764395523140e+003  1.2268764395522508e+003  1.1534530079146116e+003  1.1476084100231096e+003  1.1476084100231096e+003  1.1476084100231096e+003  1.1476084100231096e+003  1.1476084100231096e+003
  8.0044347020931600e+003  6.4407561992043484e+003  4.3862886315414326e+003  2.1211362150835675e+003  1.6008907806808147e+003  1.3156603299097060e+003  1.3156603298920618e+003  1.3156603298920618e+003  1.2760004547358294e+003  1.1097534778591216e+003  1.1094792058268331e+003  1.1094792058268331e+003  1.1094792058268331e+003  1.1094792058268331e+003
  8.6990209733383181e+003  6.0172648700922127e+003  4.2790022651256950e+003  3.8014956825689196e+003  1.6153892178147034e+003  1.3590989401643083e+003  1.3011022122812356e+003  1.3011022122812356e+003  1.2025134324163359e+003  1.2025134324163359e+003  1.2025134324163359e+003  1.0869137849147291e+003  1.0869137849147291e+003  1.0869137849147291e+003
  9.6841349128410111e+003  5.8114016014322715e+003  5.1188164700555253e+003  3.7714992093248602e+003  2.0772001840903231e+003  1.4133105482134233e+003  1.1798626575840663e+003  1.1154368306034885e+003  1.1014116840181282e+003  1.1014115347192437e+003  1.1014115347192437e+003  1.1014115345081436e+003  1.0971816445206928e+003  1.0971816445206928e+003
  9.5831114302485803e+003  6.6773763557097591e+003  4.3447547507342515e+003  2.7849126300979606e+003  1.7507916682440164e+003  1.5489311183423988e+003  1.2138916321475140e+003  1.2138916321475140e+003  1.1546939584845168e+003  1.1546938910044678e+003  1.1546938910044678e+003  1.1546938910044678e+003  1.1546938910044678e+003  1.1546938366993127e+003
  8.9393398075235382e+003  6.5542241099162948e+003  5.4930652664691443e+003  3.5220323895733572e+003  2.0277569563966917e+003  1.3998770593089639e+003  1.3549958546710850e+003  1.2147121941519231e+003  1.2147121938344112e+003  1.2147121938344112e+003  1.1289081254303769e+003  1.1289081254303769e+003  1.1289081254303769e+003  1.1289081254303769e+003
  8.8571786264233506e+003  6.5383449222479976e+003  5.5258959997245365e+003  2.9559344878908114e+003  1.8879517822809412e+003  1.4262290774885851e+003  1.3555948805094085e+003  1.2888190543357714e+003  1.2888190543357714e+003  1.2442801620749751e+003  1.2074686694196121e+003  1.2074686694196121e+003  1.1565738106189065e+003  1.1565738106189065e+003
