  7.7615066763001209e+001  4.8911886047269945e+001  4.2903280983942523e+001  3.0025863027962487e+001  1.6914268660416610e+001  8.9546264760222130e+000  8.9546264760222130e+000  8.9546264760222130e+000  8.9546264760222130e+000  8.9546264760222130e+000  8.9546264760222130e+000  8.9546264760222130e+000  3.9798362283743245e+000  3.9798362283743245e+000
  7.7436559516513626e+001  4.8763938221825811e+001  4.8763938221825811e+001  2.6084410285019317e+001  6.9647133996536468e+000  6.9647133996536468e+000  6.9647133996536468e+000  6.9647133996536468e+000  6.9647133996536468e+000  6.9647133996536468e+000  6.9647133996536468e+000  6.9647133996536468e+000  6.9647133996536468e+000  6.9647133996536468e+000
  7.0749629664611916e+001  6.9371097788638281e+001  5.8549974930272128e+001  3.6883551235719779e+001  2.4361949892659709e+001  1.2611880904574832e+001  7.9596674189278929e+000  7.9596674189278929e+000  7.9596674189278929e+000  7.9596674189278929e+000  7.9596674189278929e+000  7.9596674189278929e+000  6.9647083618344823e+000  6.9647083618344823e+000
  9.5845030885226493e+001  6.9633311839485486e+001  5.7361605423137235e+001  3.6989417724477221e+001  1.6914288857144129e+001  1.4924355584047134e+001  5.9697493047416401e+000  5.9697493047416401e+000  5.9697493047416401e+000  5.9697493047416401e+000  5.9697493047416401e+000  5.9697493047416401e+000  5.9697493047416401e+000  5.9697493047416401e+000
  6.3074347825476366e+001  5.3919104056316996e+001  5.3919104056316996e+001  3.6970468670259265e+001  1.3929416723668737e+001  3.9798362283742108e+000  3.9798362283742108e+000  3.9798362283742108e+000  3.9798362283742108e+000  3.9798362283742108e+000  3.9798362283742108e+000  3.9798362283742108e+000  3.9798362283742108e+000  3.9798362283738697e+000
  6.6470771818035473e+001  5.7107329846759171e+001  4.5435900369396677e+001  3.5026026863602624e+001  1.7747659903502154e+001  1.0944539552388846e+001  1.0944539552388846e+001  1.0944539552388846e+001  1.0944539552388846e+001  6.9647083618349370e+000  6.9647083618349370e+000  6.9647083618349370e+000  6.9647083618349370e+000  6.9647083618349370e+000
  9.2853471363295398e+001  5.5845651205323634e+001  4.5634367697548555e+001  3.3586245347521867e+001  1.7986098380479802e+001  1.2934457666575440e+001  1.2934457666575440e+001  1.2934457666575440e+001  1.2934457666575440e+001  1.2934457666575440e+001  5.9697543425626236e+000  5.9697543425626236e+000  5.9697543425626236e+000  5.9697543425626236e+000
  5.8514612419828836e+001  3.8586529759166865e+001  3.8586529759166865e+001  3.8226381374891844e+001  1.4924355584047248e+001  6.7673852099370606e+000  5.9697543425606909e+000  5.9697543425606909e+000  5.9697543425606909e+000  5.9697543425606909e+000  5.9697543425606909e+000  5.9697543425606909e+000  5.9697543425606909e+000  5.9697543425606909e+000
  7.7893448971700309e+001  6.5297562031971211e+001  4.8877074657425851e+001  4.1528911161621068e+001  2.1304928224041760e+001  1.5919329800037531e+001  1.5919329800037531e+001  8.9546264760213035e+000  8.9546264760213035e+000  8.9546264760213035e+000  8.9546264760213035e+000  8.9546264760213035e+000  8.9503751834828336e+000  6.9647083618350507e+000
  8.0213309710781118e+001  6.6021627507100675e+001  3.7992605477002030e+001  3.3825959248246363e+001  2.3909132312927909e+001  7.9596674189434680e+000  7.9596674189285750e+000  7.9596674189285750e+000  7.9596674189285750e+000  4.9747952854675077e+000  4.9747952854675077e+000  4.9747952854675077e+000  4.9747952854675077e+000  4.9747952854675077e+000
  7.0088570983345221e+001  5.5695631557749948e+001  4.4360595432549644e+001  4.0643148629980828e+001  2.0894104888788206e+001  1.1939498609485554e+001  1.1848051333235503e+001  1.0944544590215855e+001  1.0944544590215855e+001  1.0944544590208125e+001  1.0944544590208125e+001  8.9546264760211898e+000  8.9546214382036169e+000  8.9546214382022526e+000
  5.7062691313712662e+001  4.6894970397283032e+001  3.7271733648563668e+001  3.1113822594437579e+001  2.7858788016089534e+001  9.9495855331157372e+000  9.9495855331152825e+000  9.9495855331152825e+000  9.9495855331152825e+000  9.9495855331152825e+000  9.9495855331152825e+000  9.9495855331152825e+000  4.9747952854752384e+000  4.9747952854670530e+000
  8.4622869642737669e+001  6.0468191530743297e+001  4.1872436357406855e+001  3.7043542197299530e+001  5.9697543425608046e+000  5.9697543425608046e+000  5.9697543425608046e+000  5.9697543425608046e+000  5.9697543425608046e+000  5.9697543425608046e+000  5.9697543425608046e+000  5.9697543425608046e+000  5.9697543425608046e+000  5.9697543425608046e+000
  7.0542680376854378e+001  5.3284037124247789e+001  4.2515699450972534e+001  3.2228478464279874e+001  2.2884017965155408e+001  1.2934457666577373e+001  1.2934457666577373e+001  4.9115200255506579e+000  4.9115200255506579e+000  3.3681878776433223e+000  3.3681878776433223e+000  3.2302435661142681e+000  2.9848771712809139e+000  2.9848771712809139e+000
  6.5758683389629823e+001  5.9535334189811010e+001  4.7350624902796199e+001  3.2087623469481969e+001  2.1889058908062452e+001  1.3219241585280884e+001  1.0827842447567150e+001  9.8404642809143752e+000  8.9546264760215308e+000  8.2073526806939299e+000  5.9697543425606909e+000  5.9697543425606909e+000  5.9697543425606909e+000  5.9697543425606909e+000
  7.9976559428707901e+001  5.7682025094646065e+001  4.7498260842158402e+001  3.3717188774782358e+001  2.1629689502663496e+001  1.5919309603322290e+001  1.5919309603322290e+001  1.2934457666575554e+001  1.0896363332597275e+001  5.9697543425691038e+000  5.9697543425635331e+000  5.9697543425627373e+000  5.9697543425606909e+000  5.9697493047409580e+000
  5.8490478088010377e+001  4.3173220245056655e+001  2.9621756996485601e+001  2.9084090634062136e+001  1.8904206971316512e+001  8.9546264760358554e+000  6.9647083618352781e+000  4.9747952854683035e+000  4.9747952854683035e+000  4.9747952854683035e+000  4.9747952854683035e+000  4.9747952854683035e+000  4.9747952854683035e+000  4.9747952854683035e+000
  7.8345948068628786e+001  4.6381109907020459e+001  4.6381109907020459e+001  4.0946182562259764e+001  2.6481163929207014e+001  1.6914268660415587e+001  9.9495804952957769e+000  7.9596674189298255e+000  7.9596674189298255e+000  7.9596674189298255e+000  7.9596674189298255e+000  5.9697543425611457e+000  5.9697543425611457e+000  5.9697543425611457e+000
  8.6065639469038047e+001  6.6138101714546792e+001  4.7224374348186075e+001  3.2792274076033777e+001  1.8904201933496893e+001  1.1939498609482257e+001  1.1939498609482257e+001  1.1939478412768040e+001  7.9596674189284613e+000  7.9596674189284613e+000  5.9697543425612594e+000  5.9697543425612594e+000  5.9697543425602362e+000  5.9697543425602362e+000
  8.9509550285047908e+001  4.8383872323988840e+001  4.2840086832158590e+001  3.2868933515401295e+001  8.9546264760216445e+000  8.9546264760216445e+000  8.9546264760216445e+000  8.9546264760216445e+000  8.9546264760216445e+000  8.9546264760216445e+000  8.9546264760216445e+000  8.9546264760216445e+000  8.9546264760216445e+000  8.9546264760216445e+000
  7.8305238153555706e+001  4.5430352907426823e+001  3.9615681861533631e+001  2.7181333782259685e+001  1.2934457666576463e+001  1.2934457666576463e+001  8.9546264760215308e+000  8.9546264760215308e+000  8.9546264760215308e+000  2.9848771712813686e+000  2.9848771712813686e+000  2.9848771712813686e+000  2.9848771712812550e+000  2.9848771712812550e+000
  8.2841947240222680e+001  5.2693212845815083e+001  4.5994801161049622e+001  3.8812117216648630e+001  1.5919329800036735e+001  1.5919329800036735e+001  1.5919329800036735e+001  4.9747952854689856e+000  4.9747952854689856e+000  4.9747952854689856e+000  4.9747952854683035e+000  4.9747952854683035e+000  4.9747952854683035e+000  3.9798362283745519e+000
  5.9532757403755340e+001  4.9886268713208096e+001  3.9977232367516990e+001  3.3116969553296144e+001  9.3733535952160310e+000  9.3733535952160310e+000  9.3733535952160310e+000  7.9596674189282339e+000  2.9848771712813686e+000  2.9848771712804592e+000  2.9848771712803455e+000  2.9848771712803455e+000  2.9848771712803455e+000  2.9848771712803455e+000
  6.2978496798179322e+001  5.6860048658954156e+001  4.4495825517821459e+001  3.7014382376650588e+001  1.7909227717507747e+001  1.3929416723670784e+001  3.9798362283737561e+000  3.9798362283737561e+000  3.9798362283737561e+000  2.9848771712806865e+000  2.9848771712806865e+000  2.9848771712806865e+000  2.9848771712806865e+000  2.9848771712806865e+000
  7.1553762115067229e+001  4.4667755066942277e+001  3.9978702259223269e+001  3.1104458126579289e+001  2.1889058908065408e+001  1.6690384468629873e+001  8.9546264760211898e+000  8.9546264760211898e+000  8.9546264760211898e+000  8.9546264760211898e+000  5.9697543425608046e+000  5.9697543425608046e+000  5.9697543425608046e+000  5.9697543425608046e+000
  7.9006217587384754e+001  6.2268612146669170e+001  3.0096014925246550e+001  3.0096014925246550e+001  1.2089588527986393e+001  9.9495804952958906e+000  9.9495804952958906e+000  9.9495804952958906e+000  9.9495804952958906e+000  3.9798362283743245e+000  3.9798362283743245e+000  3.9798362283743245e+000  3.9798362283743245e+000  3.9798362283743245e+000
  8.1156754111406940e+001  6.5420866684924022e+001  5.3351734954814106e+001  3.4087266436395453e+001  1.6478730263971556e+001  7.9596674189289160e+000  4.9747952854677351e+000  4.9747952854677351e+000  4.9747952854677351e+000  4.9747952854676214e+000  4.9747952854676214e+000  4.9747952854676214e+000  4.9747952854676214e+000  4.9747952854676214e+000
  5.0213993824026943e+001  4.2433291083645599e+001  3.1718711451233162e+001  2.9466233922207834e+001  1.3929416723668851e+001  1.3929416723668851e+001  1.2348846947281459e+001  5.9697493047428907e+000  5.9697493047414127e+000  5.9697493047414127e+000  5.9697493047414127e+000  5.9697493047414127e+000  5.9697493047414127e+000  5.9697493047414127e+000
  7.0938763751994657e+001  5.2160322619457588e+001  3.7076900799668920e+001  2.9825231552235550e+001  1.0944544590208466e+001  1.0944544590208466e+001  1.0937988936730221e+001  8.9546264760213035e+000  8.9546264760213035e+000  8.9546264760213035e+000  8.9546264760213035e+000  8.9546264760213035e+000  8.9546264760213035e+000  8.9546264760213035e+000
  7.0908547455169696e+001  4.7899200100376561e+001  4.7731747651613773e+001  3.8475026181403678e+001  1.4924370742943324e+001  1.2675106105638633e+001  1.2011248848306082e+001  4.9747952854679625e+000  4.9747952854679625e+000  4.9747952854679625e+000  4.9747952854679625e+000  4.9747952854679625e+000  4.9747952854679625e+000  4.9747952854679625e+000
  7.4079405285365056e+001  5.8928227805536949e+001  4.3659396814023580e+001  2.8964067062923050e+001  1.6914283819310185e+001  1.1939503647301422e+001  1.1939503647301422e+001  1.1939503647301422e+001  1.1012656621764791e+001  6.9647133996534194e+000  4.9747952854675077e+000  4.9747952854675077e+000  4.9747952854675077e+000  4.9747952854675077e+000
  9.1933376462514275e+001  5.4015675063698836e+001  3.6081276018663061e+001  3.1741321768869625e+001  2.1889058908061884e+001  1.0944544590207329e+001  1.0944544590207329e+001  7.9596674189284613e+000  7.9596674189284613e+000  7.9596674189284613e+000  7.9596674189284613e+000  7.9596674189284613e+000  7.9596674189284613e+000  7.9596674189284613e+000
  8.3152377619222761e+001  5.3791920217853544e+001  5.0427898040073728e+001  3.4856225576837573e+001  2.0894099850968814e+001  1.9899140793877109e+001  1.9899140793877109e+001  1.8904201933496779e+001  8.9546264760213035e+000  8.9546264760213035e+000  8.9546264760213035e+000  8.9546264760213035e+000  8.9546264760213035e+000  8.9546264760213035e+000
  5.4635409265802650e+001  5.4635409265802650e+001  3.6687129651704936e+001  3.0266037107832290e+001  1.5487601315891084e+001  1.2934457666575327e+001  7.9596674189281202e+000  7.9596674189281202e+000  7.9596674189281202e+000  7.9596674189281202e+000  5.9697543425610320e+000  5.9697543425610320e+000  5.9697543425604636e+000  5.9697543425604636e+000
  7.6609958024685511e+001  5.1927072048130071e+001  3.7494049579616899e+001  3.1983401378389999e+001  1.1939498609481916e+001  7.7923174437393072e+000  6.9647083618343686e+000  6.9647083618343686e+000  6.9647083618343686e+000  6.9647083618343686e+000  6.9647083618343686e+000  6.9647083618343686e+000  6.9647083618343686e+000  6.9647083618343686e+000
  7.4168574056458738e+001  4.6982031866363286e+001  4.6982031866363286e+001  2.8687744191737465e+001  1.7977337268542783e+001  1.3929416723668282e+001  1.3929416723668282e+001  5.9697543425604636e+000  5.9697543425604636e+000  5.9697543425604636e+000  5.9697543425604636e+000  5.9697543425604636e+000  2.9848771712826192e+000  2.9848771712826192e+000
  7.4598104307879112e+001  5.0856379855577075e+001  3.8861857035063849e+001  3.3539947158601990e+001  7.9596674189276655e+000  7.9596674189276655e+000  7.9596674189276655e+000  7.9596674189276655e+000  7.9596674189276655e+000  7.9596674189276655e+000  7.9596674189276655e+000  7.9596674189276655e+000  7.9596674189276655e+000  7.9596674189276655e+000
  8.3950356551547088e+001  6.7530053412402026e+001  5.7159013882825434e+001  3.3411269905806307e+001  1.6904493876608285e+001  1.0944539552388505e+001  1.0944539552388505e+001  6.9647133996538741e+000  6.9647133996538741e+000  6.9647133996538741e+000  6.9647133996538741e+000  6.9647133996538741e+000  6.9647133996538741e+000  4.9747952854676214e+000
  7.3074588582290744e+001  5.1485408514072674e+001  4.0858172335999143e+001  2.1995525212727898e+001  8.9546264760220993e+000  8.9546264760220993e+000  8.9546264760220993e+000  7.9596724567472847e+000  3.9798362283739834e+000  3.9798362283739834e+000  3.9798362283739834e+000  3.9798362283739834e+000  3.9798362283739834e+000  3.9798362283739834e+000
  6.6347943937911396e+001  5.7360519361768411e+001  4.8992945855767516e+001  3.3193175404188537e+001  1.3929396526954179e+001  1.1939498609481916e+001  1.1939498609481916e+001  5.9697543425609183e+000  5.9697543425609183e+000  5.9697543425609183e+000  5.9697543425609183e+000  5.9697543425609183e+000  5.9697543425609183e+000  5.9697543425609183e+000
  9.6183757029540288e+001  5.3550602234291091e+001  4.4113818928794331e+001  3.2331940573987936e+001  1.5919309603323200e+001  1.1939503647301422e+001  3.9798362283744382e+000  3.9798362283744382e+000  3.9798362283744382e+000  3.9798362283744382e+000  3.9798362283744382e+000  3.9798362283744382e+000  2.9848771712802318e+000  2.9848771712802318e+000
  7.3177978528953872e+001  5.6367752618030067e+001  2.3859622949161462e+001  2.2364988322444560e+001  7.9596724567470574e+000  7.9596724567470574e+000  7.9596724567470574e+000  7.9596724567470574e+000  7.9596724567470574e+000  7.9596724567470574e+000  7.9596724567470574e+000  7.9596724567470574e+000  7.9596724567470574e+000  7.9596724567470574e+000
  5.7769279665313093e+001  5.6267096713076626e+001  5.3096263265048378e+001  3.0324379051405231e+001  2.4270643005235115e+001  8.9546264760218719e+000  8.9546264760218719e+000  8.9546264760218719e+000  5.9697902870528878e+000  5.9697493047416401e+000  5.9697493047416401e+000  5.9697493047416401e+000  5.9697493047416401e+000  5.9697493047416401e+000
  7.6100643214509546e+001  5.7984707387041226e+001  5.2057735037972975e+001  4.2223779919240201e+001  2.4873946200419937e+001  1.1939503647300967e+001  5.9697543425613731e+000  5.9697543425613731e+000  5.9697543425613731e+000  5.9697543425613731e+000  5.9697543425613731e+000  5.9697543425613731e+000  5.9697543425613731e+000  5.9697543425613731e+000
  7.0514101538436989e+001  5.3819273951724995e+001  5.1091422478248660e+001  3.3960294124572897e+001  2.1889058908064158e+001  8.9546264760244867e+000  8.9546264760244867e+000  8.9546264760244867e+000  8.9546264760244867e+000  8.9546264760244867e+000  8.9546264760244867e+000  8.9546264760244867e+000  8.9546264760244867e+000  3.9798362283739834e+000
  6.6162041273666091e+001  5.5358711484286800e+001  4.8408286534771605e+001  3.9746389332478884e+001  8.9546264760216445e+000  6.9647083618348233e+000  6.9647083618348233e+000  6.9647083618348233e+000  6.9647083618348233e+000  5.9697543425611457e+000  5.9697543425611457e+000  5.9697543425611457e+000  5.9697543425610320e+000  4.9747952854673940e+000
  8.9618180153149069e+001  6.3658718745727128e+001  4.6385097712225161e+001  3.5538852935310956e+001  2.7858788016088170e+001  1.5919329800053788e+001  7.9596674189282339e+000  7.9596674189282339e+000  7.9596674189282339e+000  5.9697543425606909e+000  5.9697543425606909e+000  5.9697543425606909e+000  5.9697543425606909e+000  5.9697543425606909e+000
  6.2968328627537403e+001  4.4954082441910259e+001  4.1068109773388642e+001  3.0967259117741150e+001  1.1939498609484758e+001  1.1939498609484758e+001  1.1939498609484758e+001  5.9697543425616004e+000  5.9697543425616004e+000  5.9697543425616004e+000  5.9697543425616004e+000  5.9697543425616004e+000  5.9697543425616004e+000  5.9697543425616004e+000
  6.8158044656797301e+001  4.5540777905739787e+001  4.5540777905739787e+001  3.6480544322172932e+001  7.9596674189280066e+000  2.9848771712813686e+000  2.9848771712813686e+000  2.9848771712813686e+000  2.9848771712813686e+000  2.9848771712813686e+000  2.9848771712813686e+000  2.9848771712808002e+000  2.9848771712808002e+000  2.9848771712802318e+000
  6.5663681382167397e+001  5.1749856113329884e+001  4.1769856819230881e+001  2.5689044041890156e+001  1.2934457666575554e+001  7.9596674189295982e+000  7.9596674189295982e+000  7.9596674189295982e+000  7.9596674189295982e+000  7.9596674189295982e+000  7.9596674189295982e+000  7.9596674189295982e+000  7.9596674189295982e+000  7.9596674189295982e+000
  6.5277378257267742e+001  5.7893975488303454e+001  5.6301073841308153e+001  2.9239926145226377e+001  8.9546264760215308e+000  4.9747952854750110e+000  4.9747952854669393e+000  4.9747952854669393e+000  4.9747952854669393e+000  4.9747952854669393e+000  4.9747952854669393e+000  4.9747952854669393e+000  4.9747952854669393e+000  4.9747952854669393e+000
