  2.6450134489249701e+009  1.1489005940041001e+009  2.3444555846832797e+008  2.1997704520637684e+007  9.7952618074259590e-004  9.7952618074259590e-004  9.6933479258609623e-004  9.5994249184627733e-004  9.1860780395336405e-004  3.1473939543502638e-007  3.1248390541804838e-007  2.0859999949607300e-007  2.0859999949607300e-007  2.0859999949607300e-007
  3.5777689413827982e+009  8.7192633266304219e+008  2.5997874007900032e+008  1.1987984382802032e+007  4.1769919072862649e-003  1.3129316385800394e-003  8.3013616529115097e-004  5.1007534284508438e-004  3.4298380364816694e-004  3.3979999241751102e-004  3.3979847404452812e-004  3.3948061280852926e-004  3.3948061280852926e-004  4.9122890402486519e-005
  3.7660879572134132e+009  5.5175996059765947e+008  2.1630145205879775e+008  1.8092431883821681e+007  8.1300696308517217e-005  8.1300696308517217e-005  8.1300696308517217e-005  8.1300696308517217e-005  8.0822397734436890e-005  7.6582695697879899e-005  7.6576313801979268e-005  7.6576312721954309e-005  7.6574186834932334e-005  5.1543564580924794e-005
  8.2772952907663751e+008  2.0998805348087737e+008  1.4477721965641797e+008  1.5655001017181534e+007  1.1866551624564181e-003  6.6652900324015718e-004  3.2631173084496368e-004  2.4475725388128922e-004  2.3998349774956296e-004  2.0123644424074882e-004  2.0099904639891975e-004  2.0099904639891975e-004  1.7266318138808856e-005  1.2166850638095639e-006
  2.9749836073708930e+009  1.7210926075772658e+008  1.7210926075772658e+008  1.3443417782599861e+007  4.7400453357226979e-003  1.2483539336471949e-003  5.2586531796805502e-004  5.1975825769545736e-004  5.1129109590419830e-004  3.2339203039555287e-004  2.5363849792370274e-004  9.4384535600511299e-006  9.4379603297056747e-006  2.9352106309943338e-006
  2.4855388913610091e+009  9.1275921039267063e+008  2.8317899657545131e+008  3.9362419358544499e+007  2.3659233397665957e-003  1.7889887593014464e-004  2.5918821251025292e-005  2.5547667718228695e-005  2.5199487481586402e-005  2.5173810143996889e-005  2.5173716096560383e-005  2.5173716096560383e-005  2.5173716096560383e-005  2.5173716096560383e-005
  4.2023417398772926e+009  5.2490874646229059e+008  2.0625055419568288e+008  2.9189454122371323e+007  5.2771748411828412e-004  5.2771748411828412e-004  1.2945827072030625e-004  1.2945827072030625e-004  7.8687800879606584e-005  7.7702659524447881e-005  7.7505025899426983e-005  7.7505025899426983e-005  7.7505025899426983e-005  7.7505024307811254e-005
  1.4397162154278138e+009  4.9374004205947053e+008  1.7546123734553462e+008  2.4828723393160511e+007  5.4339044890108125e+003  3.4185852958898977e-003  1.5910633077851344e-003  1.8926356574411329e-005  8.7531569192833558e-007  5.1808262924168957e-007  5.1473875828378368e-007  5.1473841722327052e-007  5.1473767825882533e-007  1.4022415939507482e-007
  3.5609257465908389e+009  6.5713336885066164e+008  1.5395441542431414e+008  3.5932668781981751e+007  3.4811128340095365e-003  3.2807922800373035e-003  1.1926309674663571e-003  6.8965643401952548e-004  3.4991061465916573e-004  3.4933812523263441e-004  3.4930238149399884e-004  3.4930229341512131e-004  4.7724613693844731e-005  3.0165408588800346e-005
  4.2905111268943563e+009  3.8263585176897979e+008  2.5222666197357905e+008  1.2500462677395256e+007  6.2691949398185898e-004  1.9563933386734789e-004  1.9563933386734789e-004  1.9563933386734789e-004  4.3319804234442927e-005  4.3315634712826068e-005  4.3315633405427434e-005  4.3315633064366921e-005  4.3315633007523502e-005  4.3307265826797448e-005
  3.1496173936987467e+009  7.9092089743730342e+008  2.4051735701730409e+008  2.2049906547850948e+007  6.0130938365432485e-004  4.0368386049749461e-004  1.0685205285199117e-004  1.0679649429334859e-004  1.0678286392362679e-004  1.0653188434162075e-004  1.0651752640455925e-004  1.0651752640455925e-004  1.0651752640455925e-004  1.0649964823983282e-004
  2.2951410410636573e+009  6.7025357875525224e+008  1.9942285485497403e+008  1.4788634522851797e+007  4.7331625507922581e-003  4.1547286209606682e-003  1.8528309043688296e-003  9.0446690373369165e-004  5.3640511680441705e-005  4.3000280413707515e-005  4.2982111068567974e-005  4.2982111068567974e-005  4.2982109675904212e-005  4.2982109619060793e-005
  2.1674005084418783e+009  8.4375164071328986e+008  3.3235734811324024e+008  1.9434125297372852e+007  3.6615831896540385e-003  1.4255649128926962e-003  1.4255649128926962e-003  1.4255293959308801e-003  1.4252838101924681e-003  6.5729836134664765e-004  6.5729671877079454e-004  6.5729671877079454e-004  6.5729671561598479e-004  6.5702082642360438e-004
  3.4479730441386042e+009  5.9639629013053882e+008  2.8305331888984108e+008  1.8201464177400924e+007  1.4361214871598804e-003  7.4802672997975606e-006  7.4802672997975606e-006  6.7807852701662341e-006  3.7459311954535224e-006  3.4527539298778720e-006  3.4526898389231064e-006  3.4526886736330198e-006  3.4526886452113104e-006  3.4526886452113104e-006
  3.6179134089587650e+009  4.2587734152783108e+008  1.1148290636201994e+008  2.4710459885047290e+007  1.8464507492694793e-003  1.4565074587835625e-003  1.7961387152354291e-004  1.7961387152354291e-004  1.2069068785081072e-004  1.1654909295089055e-004  1.1654909195613072e-004  1.1654908936975517e-004  1.1654908905711636e-004  1.1654895612878136e-004
  2.9920845079742432e+009  1.1202840859268923e+009  1.5745118619450551e+008  1.5310001324768780e+007  4.7424990275715118e-003  1.9347172641630550e-003  1.1333694368431679e-004  1.1320545974058405e-004  1.2638402012044025e-005  5.3635893664250034e-006  5.3632982144335983e-006  5.3632980439033417e-006  5.3632980439033417e-006  5.3624596318968543e-006
  1.7779098062436874e+009  2.9990110342297494e+008  2.0925455145311025e+008  1.8261753243965458e+007  1.0632812858659690e-003  1.0632812858659690e-003  1.5895241372732016e-004  3.7062729518311244e-005  6.1864738256645069e-006  6.1072632036029972e-006  6.1072623509517143e-006  6.1072618677826540e-006  6.1072227595104778e-006  6.1066252783348318e-006
  1.3047680556853831e+009  6.9843748865835786e+008  5.8992565884981200e+007  1.0627423296503635e+007  4.5651467685843272e-003  3.2712490375104153e-003  2.8673107749455085e-004  2.5949271758918258e-004  1.4472166085965910e-004  7.1756322654437099e-005  7.1722723731681981e-005  7.1722723617995143e-005  7.1722723617995143e-005  6.9550406209373250e-005
  2.7229557527171416e+009  5.9168605567421818e+008  1.8435727470507270e+008  2.6944192999771953e+007  1.7115979666484520e+001  4.7287301995311282e-003  2.0993095045014343e-003  4.3055173023276438e-005  1.6708628663764102e-005  1.6136245506004343e-005  6.2389634649662185e-006  6.2388795925016893e-006  6.2388753008235653e-006  5.7281794454411283e-006
  1.6671990663148310e+009  1.0660103191940178e+009  1.4182534424358934e+008  8.9014557691899594e+006  2.2782155201639398e-003  1.9547182775454530e-003  1.9535138198705226e-003  1.9535079001400391e-003  4.3894523145127096e-004  4.3894523145127096e-004  4.3894523145127096e-004  4.3894523145127096e-004  4.3894523145127096e-004  2.5445742369356594e-004
  2.0322778845659606e+009  5.3422325188844228e+008  9.8710117267116070e+007  8.9537442709618919e+006  1.5916990309392531e-003  1.0895918194648857e-003  7.7523280597802113e-004  7.7523280597802113e-004  7.7490781066558156e-004  3.0174201870636352e-004  3.8452433869906599e-005  1.9065936015749685e-005  1.6368284093459806e-005  1.4077153025482403e-006
  1.7510110570510252e+009  2.0101908944645134e+008  5.7840498565458469e+007  1.0143529018911401e+007  4.0071646252783921e-003  1.5921519587891453e-003  1.0258791234321052e-003  2.1961092500077939e-006  3.7309305866983777e-007  3.7309305866983777e-007  3.7309305866983777e-007  2.5726592411956517e-007  2.5703840833557479e-007  1.9807140461125528e-007
  4.6536780799361429e+009  2.9152489638871485e+008  1.6496609224124324e+008  1.2764963353835555e+007  2.3026344979086844e-003  5.5533096258386649e-004  2.0054932582524998e-004  8.2227701255987995e-005  2.2115120799526267e-005  2.1539698565220533e-005  2.1539584480478879e-005  2.1539583542562468e-005  5.8524031771867158e-006  5.8425403040018864e-006
  2.5994135117049532e+009  8.1993653088909340e+008  2.2387811211504504e+008  3.3047199033270039e+007  8.4003912459706953e-004  6.2717686495261660e-004  1.0493567623370836e-004  1.0485838339491238e-004  1.2595693135608599e-005  4.9308866323372058e-006  4.9308866323372058e-006  4.9308866323372058e-006  4.9308866323372058e-006  4.9249850633259484e-006
  2.7725888376146655e+009  6.1716049277409935e+008  1.8633685162590975e+008  1.7905814133749794e+007  2.1256917925143171e-003  1.1814189342089776e-003  1.1814189342089776e-003  3.1794121639450168e-005  3.0107084114661120e-005  2.9838043133167957e-005  2.9838043133167957e-005  2.9838043133167957e-005  2.9838043133167957e-005  2.9837639971219687e-005
  2.7296182938599987e+009  6.3576645668718481e+008  1.6399614394837153e+008  2.2616470441299435e+007  1.1590532500918016e-003  1.1590532500918016e-003  1.1706679165968126e-004  1.1694048984622896e-004  1.1689190046126896e-004  6.1397237686833250e-005  5.3908804602542659e-005  5.3898335266922004e-005  5.3898335266922004e-005  5.3898335153235166e-005
  1.7582915972360616e+009  5.8675596518376231e+008  1.3948522405775964e+008  9.0593782927237898e+006  7.2763556568133936e-004  7.2763556568133936e-004  5.7453765413129076e-004  1.1950710546670962e-004  1.1950710546670962e-004  1.1950710546670962e-004  1.1950710546670962e-004  1.1950710546670962e-004  9.9380313088204275e-005  5.5731716571472134e-005
  2.8579800494012561e+009  8.6542267668587935e+008  1.6822999286013621e+008  1.5708248242001617e+007  1.7640780963290581e-003  1.5896911966137850e-003  1.5896911966137850e-003  5.0011544053063517e-004  5.0011544053063517e-004  5.0011544053063517e-004  5.0011544053063517e-004  8.9355461483364707e-005  8.9355461483364707e-005  3.3459542692071409e-006
  3.9651693103315430e+009  9.8693086931713820e+008  9.3709998368293300e+007  1.6981292088502403e+007  6.4019002519444257e-003  8.3616947412679110e-004  2.3323078778503259e-005  1.6369515492442588e-005  1.6369515492442588e-005  1.6001483828631535e-005  1.5873100039698329e-005  1.5631973127483434e-005  1.5630442561587188e-005  1.5572949479292220e-005
  4.6536780799361429e+009  2.9152489638871485e+008  1.6496609224124324e+008  1.2764963353835555e+007  2.3026344979086844e-003  5.5533096258386649e-004  2.0054932582524998e-004  8.2227701255987995e-005  2.2115120799526267e-005  2.1539698565220533e-005  2.1539584480478879e-005  2.1539583542562468e-005  5.8524031771867158e-006  5.8425403040018864e-006
  2.8811014604023247e+009  1.0465714563701215e+009  3.2384824178886592e+008  1.3647061103083655e+007  3.4954563558358132e-003  2.2435097935158410e-004  2.5308902195320115e-005  2.2703242279931146e-005  7.3100896429423301e-006  7.0703009669159655e-006  6.8966968456152244e-006  6.8893339459918934e-006  6.8859512794006150e-006  6.7496748101802950e-006
  3.4345552319135056e+009  6.7068199354955506e+008  3.3991269166900253e+008  3.8324288263720214e+007  4.7415407231881090e-003  1.8110645289368676e-003  3.0843191893836774e-006  3.0843191893836774e-006  2.2052102508496318e-006  4.4981317159908940e-007  4.4981317159908940e-007  4.4981317159908940e-007  4.4981317159908940e-007  4.4981317159908940e-007
  2.6263691966368418e+009  4.8290768889425844e+008  1.1058297276188776e+008  3.6937313715041056e+007  8.1630463375859108e-004  5.8569753349502207e-005  1.6322016961112240e-005  1.6322016961112240e-005  1.6163081625109044e-005  1.5621321125536269e-005  1.5621161509216108e-005  1.5621161509216108e-005  1.5621161281842433e-005  1.5615074886454750e-005
  1.8156659349719143e+009  6.3838959662072277e+008  1.9934137551199901e+008  1.5343754827798299e+007  3.7929184803999760e-003  3.2956062736388958e-004  2.7097317797597498e-005  2.6924792933868957e-005  2.6923103916942637e-005  2.6869517711247681e-005  2.6819164787639238e-005  2.6508711101769222e-005  2.6508711101769222e-005  2.6506072288157156e-005
  2.5306358795842590e+009  5.8592558617435777e+008  2.0615637791762882e+008  1.2369507569018325e+007  2.8395661246349846e-004  2.8395661246349846e-004  1.0179451777503346e-005  1.0179451777503346e-005  9.8512697945807304e-006  9.8484700288281601e-006  9.8287142975550523e-006  9.8287140701813769e-006  9.8287138712294109e-006  9.8286811578418565e-006
  2.7838475112860293e+009  6.3382703961354017e+008  2.5181408507160538e+008  7.6618993734037923e+006  1.0235221010361784e-003  1.0235221010361784e-003  4.3450560855262665e-004  4.2932335873047123e-004  2.8829388267581635e-004  7.0136715919488779e-006  6.2140380236996862e-006  6.2139859267063002e-006  6.2139826582097157e-006  5.1869923538561125e-006
  2.9999172086278834e+009  2.7508747219818807e+008  1.4113636379308745e+008  1.2336958529707408e+007  4.7402104994773708e-003  2.0215062377815229e-004  2.0215062377815229e-004  1.8573130088839207e-004  6.8042051310612806e-005  6.3953572919217549e-005  6.3734749886634745e-005  6.3734611188692725e-005  6.3734569351936443e-005  5.9533991702664935e-005
  1.5476990394795780e+009  2.3698936288250864e+008  2.1802636243288735e+008  1.4898594149547759e+007  4.7363242205165079e-003  1.4746296398584491e-003  2.7467364387234738e-004  1.5748270101312301e-005  1.5729720473700581e-005  1.5664599089859621e-005  1.5650360296604049e-005  1.5650297456204498e-005  1.5650297427782789e-005  1.5650296660396634e-005
  1.6858395903878195e+009  4.7872182442290843e+008  1.1847750600475252e+008  2.2098022015303254e+007  1.1004269096019925e-003  1.1004269096019925e-003  5.5454680685329549e-004  5.5454680685329549e-004  5.5013845869211764e-004  4.7893594140191453e-004  4.5601628318081566e-004  4.5577632738513785e-004  3.4722430143574456e-005  3.4624970339791616e-005
  2.9361627386584897e+009  8.6753700075581002e+008  2.6565726346888795e+008  1.8183769843505900e+007  2.8916277233292931e-003  2.8916277233292931e-003  2.8503509125243909e-004  2.8503509125243909e-004  2.4351935849153961e-004  2.4270622765243388e-004  2.4270622765243388e-004  2.4269853946634612e-004  2.1124789336113281e-004  5.8655782453342908e-005
  2.4106350150286746e+009  9.0424625660958934e+008  1.7128817639996803e+008  2.6997598052044075e+007  4.6033665671245672e-003  4.5862467239885518e-003  2.1723683423147122e-004  2.1723683423147122e-004  2.1649644259014167e-004  2.1561392648550282e-004  2.1560902541750693e-004  2.1560899816108758e-004  2.1560886995075634e-004  2.1560886995075634e-004
  6.1700678167985439e+008  3.7914366273232758e+008  1.0279770404355347e+008  2.0371373982785776e+007  2.1443408318475576e-003  2.1443408318475576e-003  8.7480720620192187e-004  8.7480720620192187e-004  8.7480720620192187e-004  8.7480720620192187e-004  1.0002793342778205e-004  1.0002784003404486e-004  1.0002783898244161e-004  1.0002783898244161e-004
  3.9485514781906166e+009  5.2088204100067443e+008  2.1919711577096716e+008  3.2712829930081941e+007  9.0528075946849640e-004  8.8022015648903107e-004  8.7421957499600467e-004  8.7421957499600467e-004  8.7218225718288522e-004  8.7217901301528400e-004  8.7217901250369323e-004  8.7217901193525904e-004  8.7217901193525904e-004  2.5723799822685578e-004
  4.8801629468704376e+009  4.8993690550749010e+008  3.4562669263643676e+008  2.3978944025007430e+007  4.8637424453106905e+003  4.7303289615570066e-003  1.0886580994906581e-004  1.0886580994906581e-004  7.1799648424075713e-005  4.0623014768925714e-005  3.8221906606850098e-005  3.8221906265789585e-005  3.7186229150165673e-005  1.4499885025998083e-006
  3.6341765289916382e+009  8.2811486558007443e+008  2.6447942237309781e+008  1.2516959777143056e+007  4.7061994186208267e-003  4.7061994186208267e-003  4.3866959358638269e-003  3.7415885230984713e-005  2.0810589546726987e-005  1.9284985484091521e-005  1.9281317207742177e-005  1.9281315530861320e-005  1.9281314820318585e-005  1.9190895670817554e-005
  4.2635061462345314e+009  4.7627402836511183e+008  1.4166574833945316e+008  3.5968410301265135e+007  2.4172830414102009e-003  2.0271809503640270e-003  1.1426369251523738e-003  1.1425752219054175e-003  1.1093904765004936e-003  1.1092094407274544e-003  1.1092094407274544e-003  4.4704885112878401e-005  1.9702632727103264e-005  1.9702586428138602e-005
  3.5523946196562157e+009  5.6284769451179910e+008  2.4272889528739160e+008  1.5105546297192570e+007  2.4811515944804796e-003  2.4811515944804796e-003  1.0258036169830120e-004  1.0258036169830120e-004  1.0211342146249081e-004  1.0185575490595511e-004  1.0185252972405578e-004  1.0185204740764675e-004  1.0185203515788999e-004  1.0184662761503205e-004
  1.6671990663148310e+009  1.0660103191940178e+009  1.4182534424358934e+008  8.9014557691899594e+006  2.2782155201639398e-003  1.9547182775454530e-003  1.9535138198705226e-003  1.9535079001400391e-003  4.3894523145127096e-004  4.3894523145127096e-004  4.3894523145127096e-004  4.3894523145127096e-004  4.3894523145127096e-004  2.5445742369356594e-004
  3.5405409507263474e+009  9.8778293474612403e+008  1.6978745302240628e+008  2.1835829125432476e+007  2.6689143353166855e-003  1.5176417227849015e-003  1.0694325401345850e-003  1.0694325401345850e-003  1.0581387718957558e-003  9.8029287016743183e-006  4.0419453455342591e-006  4.0419453171125497e-006  4.0419453171125497e-006  4.0417881734811090e-006
  3.9485514781906166e+009  5.2088204100067443e+008  2.1919711577096716e+008  3.2712829930081941e+007  9.0528075946849640e-004  8.8022015648903107e-004  8.7421957499600467e-004  8.7421957499600467e-004  8.7218225718288522e-004  8.7217901301528400e-004  8.7217901250369323e-004  8.7217901193525904e-004  8.7217901193525904e-004  2.5723799822685578e-004
  1.4896151830932484e+009  2.9447438134067708e+008  1.3552742581181881e+008  1.2983013706476906e+007  3.4838908611902752e-003  3.4838908611902752e-003  3.4706218647500009e-003  3.4672384562384195e-003  1.3171737523691718e-003  5.7538020760716790e-004  5.7536168858973724e-004  2.5865611206654648e-005  2.5865598530572242e-005  1.7442171071024859e-005
