  2.6383528183105420e+007  1.2102228415101420e+007  1.6988755461855655e+005  2.8785932744963513e+004  2.8785932744963513e+004  2.7453308477605606e+004  1.4507057266101041e+004  1.4507057266101041e+004  1.4507057266101041e+004  1.4507057266101041e+004  6.9841212117522919e+003  6.9841212117522919e+003  6.9841212117522919e+003  6.8431334354078535e+003
  4.3335704431924492e+007  1.2665546014473630e+007  1.1733782435886172e+005  4.9368214252958845e+004  1.6024826967021269e+004  1.1401914030326920e+004  1.1401914030326920e+004  1.1401914030326920e+004  1.1401914030326920e+004  1.0479992500562996e+004  9.1328464713807807e+003  9.1328464713807807e+003  8.5210273760584387e+003  4.6181613522888019e+003
  3.6626275713889033e+007  1.1356440303018568e+007  1.1467913237403118e+005  5.6248936798375551e+004  4.0838368444863416e+004  1.9110021406390355e+004  1.9110021406390355e+004  7.8413194496624619e+003  7.8413194496624619e+003  7.8413194496624619e+003  5.4608003438496780e+003  5.4608003438496780e+003  5.4608003438496780e+003  5.2242558640498628e+003
  3.0069860073418107e+007  5.6281940121178403e+006  3.9523376653687010e+004  2.7086436269702517e+004  2.7086436269702517e+004  2.4775628076654808e+004  1.2739454502424383e+004  1.2653984477133024e+004  1.2653984477133024e+004  1.2653984477133024e+004  1.2653984477133024e+004  1.2653984477133024e+004  5.9919383029481760e+003  5.5045762621744288e+003
  3.6432805926676445e+007  1.3023093100152833e+007  9.1939076652032702e+004  8.5207639505003099e+004  2.4413086338604244e+004  2.4413086338604244e+004  2.4413086338604244e+004  1.2547813646283694e+004  1.2547813646283694e+004  1.2547813646283694e+004  1.2547813646283694e+004  1.0446986542821531e+004  1.0446986542821531e+004  9.7551750400642377e+003
  3.1169705409504723e+007  8.8745392300905883e+006  5.3068965453465062e+004  1.8883220676909339e+004  1.8883220676909339e+004  1.8883220676909339e+004  1.8883220676909339e+004  1.8883220676909339e+004  1.6921738527678805e+004  8.2744092231483155e+003  6.7406588295145193e+003  6.7406588295145193e+003  6.7406588295145193e+003  6.6324940015750199e+003
  3.3629921754351594e+007  1.5315194844360184e+007  6.1177159024531036e+004  2.9256951159688651e+004  2.9256951159688651e+004  2.9256951159688651e+004  1.7906528439854443e+004  1.7367238544721557e+004  1.7367238544721557e+004  1.7367238544721557e+004  1.7280149761891153e+004  7.1382968268823170e+003  7.1382968268823170e+003  6.4726162840851521e+003
  2.1463749574825779e+007  9.3759597189345881e+006  1.2198863526736040e+005  3.8819184117412791e+004  3.8819184117412791e+004  2.8120489548737933e+004  2.6496167005929758e+004  2.3730184939401941e+004  1.2243716050772739e+004  8.1612292339202268e+003  8.1612292339202268e+003  8.1612292339202268e+003  8.1612292339202268e+003  5.4383013648957203e+003
  4.1805077051976353e+007  1.2523462636099700e+007  8.1937289628203740e+004  3.0953223376869486e+004  2.0201132937835660e+004  2.0201132937835660e+004  1.6375738935164576e+004  1.6375738935164576e+004  5.6471007495652029e+003  5.6471007495652029e+003  5.6471007495652029e+003  5.6471007495652029e+003  5.6471007495652029e+003  5.3662109903356049e+003
  3.9086628018466011e+007  1.0823038470083712e+007  4.0795952799967388e+004  2.3857472454202230e+004  2.0189648086265399e+004  1.5638237325672329e+004  1.5638237325672329e+004  1.5638237325672329e+004  1.5638237325672329e+004  1.3832900337920772e+004  1.3832900337920772e+004  1.3832900337920772e+004  1.3832900337920772e+004  7.5890065563859753e+003
  3.5613592957862213e+007  1.3286889926637139e+007  6.3046171560112169e+004  5.9599342755824895e+004  4.7955580142952123e+004  2.5098317538421648e+004  2.0219558256882294e+004  1.3750142532232101e+004  1.2380651251839678e+004  1.2380651251839678e+004  1.2092242137911035e+004  1.2092242137911035e+004  1.2092242137911035e+004  1.2089053498559981e+004
  3.3276439641927637e+007  6.5982271579664368e+006  9.9755756106844827e+004  9.9755756106844827e+004  2.5620858286583323e+004  2.4007783732504966e+004  2.0060003881763412e+004  2.0060003881763412e+004  1.6948583764285446e+004  1.6948583764285446e+004  1.6948583764285446e+004  1.6948583764285446e+004  1.6948583764285446e+004  1.1157046093441451e+004
  3.2008532011361919e+007  1.0096949655345336e+007  5.0527564414127191e+004  2.4893660029249004e+004  2.4893660029249004e+004  1.9653282099788994e+004  1.9653282099788994e+004  1.9653282099788994e+004  1.4202234540308793e+004  1.4202234540308793e+004  1.4202234540308793e+004  1.4202234540308793e+004  1.4202234540308793e+004  9.7658867900647456e+003
  3.4626149754130445e+007  1.0341481976793423e+007  1.0294536035341797e+005  3.1463103321240837e+004  3.1463103321240837e+004  1.9401403759596436e+004  1.3658688285714165e+004  1.3658688285714165e+004  1.3658688285714165e+004  1.3658688285714165e+004  1.3658688285714165e+004  1.3658688285714165e+004  6.2977564073478316e+003  5.8674202446666477e+003
  4.0925887103042006e+007  1.0496267264440298e+007  5.1703422356662821e+004  5.1703422356662821e+004  5.1703422356662821e+004  2.3858016188920938e+004  5.1578405912181379e+003  5.1578405912181379e+003  5.1578405912181379e+003  5.0430828428859259e+003  5.0430828428859259e+003  5.0430828428859259e+003  4.0990635339881592e+003  3.9542462889956751e+003
  2.4013020780486207e+007  1.2493949038839201e+007  7.8342192022520379e+004  5.2116700539487210e+004  5.2116700539487210e+004  1.9534251748138173e+004  1.5924827349569958e+004  1.5924827349569958e+004  1.4034179277124491e+004  1.4034179277124491e+004  1.4034179277124491e+004  1.1342587627673785e+004  7.8580203553176307e+003  7.8580203553176307e+003
  2.7855992737483308e+007  1.1116083283435736e+007  6.2777889306969431e+004  2.8947323788388272e+004  2.2222423025617107e+004  1.7989459781072197e+004  1.7989459781072197e+004  1.7989459781072197e+004  1.7989459781072197e+004  1.1013715291835491e+004  1.1013715291835491e+004  1.1013715291835491e+004  1.1013715291835491e+004  1.1013715291835491e+004
  2.8742644045658570e+007  8.7107530617148243e+006  1.8859418979551736e+005  6.6497107854523420e+004  5.5011705448592933e+004  2.7859240297341981e+004  2.7859240297341981e+004  2.0152975326882563e+004  1.5670637003063362e+004  1.5670637003063362e+004  1.5670637003063362e+004  8.9487811268356472e+003  8.9487811268356472e+003  8.0447141089125034e+003
  3.2710456211115249e+007  1.0056939654745800e+007  1.6509074087440193e+005  8.6981175035466338e+004  4.5477164073622924e+004  1.8219200248783542e+004  1.6655825350496907e+004  1.5264813039763489e+004  1.5264813039763489e+004  1.5264813039763489e+004  1.3613542502578777e+004  1.3613542502578777e+004  9.6727179023033350e+003  5.5895005831417075e+003
  2.9815674773780704e+007  1.3136691439612320e+007  6.2107257816347948e+004  2.7836758211294247e+004  2.7836758211294247e+004  2.7836758211294247e+004  1.4705966852843794e+004  1.4705966852843794e+004  1.3181891208584333e+004  1.3181891208584333e+004  1.3181891208584333e+004  1.3181891208584333e+004  9.3852536542003545e+003  6.7484275114811971e+003
  3.6238628498364680e+007  1.2155460756453821e+007  1.0741557861588836e+005  2.4178006811640720e+004  1.8598380843730607e+004  1.4655220478158451e+004  1.4655220478158451e+004  1.3748349902189799e+004  1.3748349902189799e+004  9.6217336830795357e+003  9.6217336830795357e+003  9.6217336830795357e+003  8.9190280068920874e+003  7.5460143190606723e+003
  1.7833405782165073e+007  1.2530602562217353e+007  2.5103202880228557e+004  2.5103202880228557e+004  2.5103202880228557e+004  2.5103202880228557e+004  1.1839428562646663e+004  1.1824176426931394e+004  1.1824176426931394e+004  1.1824176426931394e+004  1.1824176426931394e+004  1.1824176426931394e+004  1.1824176426931394e+004  1.1824176426931394e+004
  4.1137401905861244e+007  1.3897199027913641e+007  2.1963740280277714e+004  9.3427968363908985e+003  9.3427968363908985e+003  9.3427968363908985e+003  9.3427968363908985e+003  9.3427968363908985e+003  9.3427968363908985e+003  9.3427968363908985e+003  8.8652832529711741e+003  8.8652832529711741e+003  8.8652832529711741e+003  7.1087730965973078e+003
  3.1465825990815718e+007  7.4350189563012123e+006  1.0533831080223326e+005  2.9908309051884971e+004  2.9908309051884971e+004  1.9210172377155264e+004  1.8167642540868754e+004  1.1636950708190800e+004  1.1306809438595061e+004  1.1306809438595061e+004  1.1306809438595061e+004  1.1306809438595061e+004  1.1306809438595061e+004  6.0730519292618956e+003
  3.8646787583217219e+007  1.3213988905818075e+007  1.0300791853427998e+005  5.0938474517209426e+004  3.5885613062085060e+004  1.0070311778102274e+004  1.0070311778102274e+004  9.1899383571928847e+003  9.1899383571928847e+003  9.1899383571928847e+003  9.1899383571928847e+003  9.1899383571928847e+003  9.1899383571928847e+003  7.0543855377964410e+003
  3.9886457985829353e+007  1.0175477068649672e+007  1.2764597051053247e+005  3.9259444506709056e+004  3.8765554618687253e+004  2.0210284576786209e+004  1.8059452913440353e+004  1.8059452913440353e+004  1.8059452913440353e+004  1.8059452913440353e+004  1.6551317092878809e+004  1.6551317092878809e+004  1.4423651608566139e+004  1.0586886133296543e+004
  1.8554120628049012e+007  9.5159455678678043e+006  2.2013365645002224e+005  6.5825418048306659e+004  6.4459511223346664e+004  3.3744511241388827e+004  1.9274402094706536e+004  1.9274402094706536e+004  1.9274402094706536e+004  1.3926801764457261e+004  1.3926801764457261e+004  1.3926801764457261e+004  1.3926801764457261e+004  7.6042930458273586e+003
  1.9548771351266809e+007  6.8684606217899835e+006  2.4064750822033013e+004  2.3478738011830581e+004  2.3478738011830581e+004  2.0105466510785249e+004  2.0105466510785249e+004  1.3882658328190006e+004  1.3882658328190006e+004  1.1358984117325384e+004  1.0714422629257486e+004  6.1324658073000555e+003  6.1324658073000555e+003  5.4109229452575382e+003
  3.2790676966715146e+007  1.1330823754968703e+007  1.2545312641083708e+005  4.4001334430651841e+004  4.4001334430651841e+004  1.2923089109438803e+004  1.2923089109438803e+004  1.2923089109438803e+004  1.2923089109438803e+004  1.2390653570049359e+004  1.1987080004849082e+004  6.4463823019152933e+003  6.4463823019152933e+003  6.2189924820200631e+003
  5.0367111140853733e+007  8.4110379301736131e+006  3.0342767615925462e+004  3.0342767615925462e+004  3.0342767615925462e+004  2.6411852098424097e+004  5.5621465006549552e+003  5.5621465006549552e+003  5.5621465006549552e+003  5.5621465006549552e+003  5.5621465006549552e+003  5.5621465006549552e+003  5.5621465006549552e+003  5.5056210740324714e+003
  3.6572938338879317e+007  1.1146490771730268e+007  1.5784909213238006e+005  3.5419935314564471e+004  3.5419935314564471e+004  3.5419935314564471e+004  2.5945385462332502e+004  1.5664625641811719e+004  1.2420764276770129e+004  1.0763737211376501e+004  1.0763737211376501e+004  1.0763737211376501e+004  1.0763737211376501e+004  9.8799783934825391e+003
  3.4184097880172580e+007  1.0136165527892847e+007  1.4808644534306001e+005  2.6957356714178910e+004  2.1210400429803813e+004  2.0664745196498523e+004  1.4485603643094058e+004  1.2844993536347039e+004  9.1878686535488850e+003  9.1878686535488850e+003  9.1878686535488850e+003  9.1878686535488850e+003  9.1878686535488850e+003  5.8849064148314865e+003
  3.3290598985450935e+007  1.0383439640145414e+007  2.3206092425666204e+004  1.8794409035589146e+004  1.8794409035589146e+004  1.8794409035589146e+004  1.8794409035589146e+004  1.8794409035589146e+004  1.8794409035589146e+004  1.8794409035589146e+004  1.8794409035589146e+004  9.5008580207156010e+003  9.5008580207156010e+003  4.3122865827754631e+003
  4.1276245098092869e+007  1.2984530352696173e+007  9.7981930168087201e+004  9.7981930168087201e+004  3.9261635449655107e+004  3.6876062788348012e+004  2.9795509496765990e+004  1.9730454632974433e+004  9.4869350111934236e+003  9.4869350111934236e+003  9.4869350111934236e+003  9.4869350111934236e+003  6.8738150245535344e+003  6.0224224843492739e+003
  3.3230211307642113e+007  8.4578808874721657e+006  1.0635111230769820e+005  3.6808309147388354e+004  2.6668743509674139e+004  2.3256547615760835e+004  1.8079690639862183e+004  1.1413973978565344e+004  1.1413973978565344e+004  1.1413973978565344e+004  1.1413973978565344e+004  1.1413973978565344e+004  1.1413973978565344e+004  6.8971619763041308e+003
  3.0351588267372437e+007  1.1340331354674509e+007  8.9077000934768788e+004  2.9663470971827650e+004  2.7744834329665835e+004  1.5723407094239006e+004  1.5723407094239006e+004  1.5723407094239006e+004  1.2673600475348798e+004  1.2673600475348798e+004  1.2673600475348798e+004  1.2673600475348798e+004  1.2673600475348798e+004  1.1345485544785537e+004
  1.5738952082194151e+007  8.1668942903644983e+006  1.8143657482614441e+005  6.1960202304288650e+004  4.1005493287840538e+004  1.5064303458151786e+004  1.5064303458151786e+004  1.5064303458151786e+004  1.1875086017305068e+004  1.1875086017305068e+004  1.1875086017305068e+004  1.1875086017305068e+004  1.1875086017305068e+004  7.0965148690217975e+003
  2.7372858205257226e+007  1.1845609607629970e+007  1.7751458594307231e+005  9.4678996597735924e+004  2.4363477628620472e+004  1.3107813124666780e+004  1.3107813124666780e+004  1.3107813124666780e+004  1.3107813124666780e+004  1.3107813124666780e+004  1.3107813124666780e+004  1.3107813124666780e+004  1.3107813124666780e+004  1.3102642213670415e+004
  2.9534245198670253e+007  1.1695802364453083e+007  2.1218201310187488e+005  2.6615177668816716e+004  2.3724854683598496e+004  2.2409413549572597e+004  2.2409413549572597e+004  2.0156921868741279e+004  1.0997026999853315e+004  1.0997026999853315e+004  1.0997026999853315e+004  1.0997026999853315e+004  1.0997026999853315e+004  5.5764247572398745e+003
  2.6262629245740913e+007  1.1113812418236205e+007  1.4155088940031538e+005  7.0230674260309141e+004  6.9483182695311480e+004  7.6798362195279115e+003  7.6798362195279115e+003  7.6798362195279115e+003  7.6798362195279115e+003  7.6798362195279115e+003  5.4537275823299588e+003  5.4537275823299588e+003  5.4537275823299588e+003  3.4655100108835750e+003
  3.8349900384596482e+007  1.4825980403960781e+007  2.8575650945846726e+004  1.6734655243561625e+004  1.6734655243561625e+004  1.6734655243561625e+004  1.2126801171935876e+004  7.1753422511452372e+003  5.2115628749991993e+003  5.2115628749991993e+003  5.2115628749991993e+003  5.2115628749991993e+003  5.2115628749991993e+003  5.1761689170411291e+003
  3.0245679202591218e+007  1.3474629209019365e+007  1.5593739534415750e+005  8.5793305080671780e+004  2.6803721664500441e+004  2.6803721664500441e+004  1.8177378282140729e+004  1.8177378282140729e+004  1.8177378282140729e+004  1.3767436280994090e+004  1.3767436280994090e+004  1.3375015271698485e+004  1.1802691442254709e+004  4.6569557808016334e+003
  3.1775756399949007e+007  8.9264741187456790e+006  6.2127973858545112e+004  4.8265280667373881e+004  4.8265280667373881e+004  1.8357770708715158e+004  1.1443349992020689e+004  1.1443349992020689e+004  9.7384413824359908e+003  6.8068281195115887e+003  6.8068281195115887e+003  6.8068281195115887e+003  6.8068281195115887e+003  6.8068281195115887e+003
  3.2054989603423238e+007  1.0287797292631645e+007  5.9939091416935087e+004  4.5032529197147684e+004  3.7823765674775736e+004  2.3227780377329022e+004  1.7919096974613261e+004  1.4349770358699781e+004  1.4349770358699781e+004  1.4349770358699781e+004  6.3581634096851649e+003  6.3581634096851649e+003  6.3581634096851649e+003  6.3404727584678567e+003
  3.5586049897219494e+007  1.1981055469960643e+007  9.3122637357451866e+004  5.0002457656287559e+004  5.0002457656287559e+004  7.3754283008233760e+003  7.1312013396128405e+003  7.1312013396128405e+003  7.1312013396128405e+003  7.1312013396128405e+003  7.1312013396128405e+003  7.1312013396128405e+003  7.1312013396128405e+003  6.2618960085685612e+003
  2.5426762947122671e+007  9.8004063860531505e+006  3.4153037331719024e+004  3.3632762094508515e+004  3.3632762094508515e+004  1.2988058309105647e+004  1.2988058309105647e+004  1.2988058309105647e+004  1.2988058309105647e+004  1.2988058309105647e+004  1.2988058309105647e+004  1.2988058309105647e+004  1.2926144517234203e+004  8.7635326332279656e+003
  3.5417836828291766e+007  1.3329372443129135e+007  3.4220760536436355e+004  3.4220760536436355e+004  3.4220760536436355e+004  2.3429422369360225e+004  1.9618286147837105e+004  6.0932010973558845e+003  6.0932010973558845e+003  5.6762882744131621e+003  5.6762882744131621e+003  5.6762882744131621e+003  5.6762882744131621e+003  3.6106386737259891e+003
  3.3506005507991195e+007  1.0779210535658795e+007  1.2029523121076921e+005  7.3603960933727300e+004  4.7285355796001328e+004  2.8839393822709069e+004  1.4223106178504760e+004  1.4223106178504760e+004  1.4223106178504760e+004  1.4223106178504760e+004  1.3129957990655168e+004  1.3129957990655168e+004  1.0339944963290476e+004  1.0332187611734258e+004
  4.4062130628192753e+007  1.1910338915107790e+007  1.1920442379587502e+005  3.3167726200390527e+004  3.3167726200390527e+004  2.2173433569240326e+004  1.9266738422898125e+004  7.9445269779063347e+003  7.9445269779063347e+003  7.9445269779063347e+003  7.9445269779063347e+003  7.9445269779063347e+003  7.9445269779063347e+003  7.9223714927545661e+003
  3.5826625103208981e+007  7.9163176237580953e+006  7.7510601207242289e+004  2.4797535561891978e+004  2.1395553164941124e+004  2.1395553164941124e+004  1.3849621928808028e+004  6.7565578700576662e+003  6.7565578700576662e+003  6.7565578700576662e+003  6.7565578700576662e+003  6.7565578700576662e+003  6.7565578700576662e+003  6.7233175948248172e+003
  3.1002013619369149e+007  1.0008566592771590e+007  3.9361150046262366e+004  2.4472233181896059e+004  2.4472233181896059e+004  1.7374713720288459e+004  1.7374713720288459e+004  1.7374713720288459e+004  1.7374713720288459e+004  1.7091642830640165e+004  1.7091642830640165e+004  1.7091642830640165e+004  1.7091642830640165e+004  7.2381796834578308e+003
