  3.5682409048319869e+002  2.7235362984597236e+002  2.6326527129789201e+002  1.0745523976659069e+002  1.0745523976659069e+002  4.4773102107755676e+001  4.4773102107755676e+001  4.4773102107755676e+001  4.4773102107755676e+001  4.4773102107755676e+001  4.4773102107755676e+001  4.4773102107755676e+001  4.4773102107755676e+001  4.4773102107755676e+001
  3.6541223503856145e+002  2.9111612219978201e+002  2.3380815430344842e+002  6.6662054811529856e+001  6.6662054811529288e+001  6.6662054811529288e+001  6.6662054811529288e+001  6.6150038564973102e+001  5.1737719424223314e+001  5.1737719424195120e+001  5.1737719424195120e+001  5.1737719424195120e+001  5.1737719424195120e+001  5.1737719424195120e+001
  3.4459233329236258e+002  3.0178462001322373e+002  2.5978554785230222e+002  9.5515684868558878e+001  9.5515684868558878e+001  6.3677218033678173e+001  6.3677218033678173e+001  6.3677218033678173e+001  6.3677218033678173e+001  6.3677218033678173e+001  6.3677218033678173e+001  5.3727698311422387e+001  5.3727698311422387e+001  5.3727698311422387e+001
  3.5424626373957244e+002  2.6229115846913010e+002  2.5058100071055242e+002  1.0447024104922775e+002  4.0793265879380328e+001  4.0793265879380328e+001  4.0793265879380328e+001  4.0793265879380328e+001  4.0793265879380328e+001  4.0793265879380328e+001  4.0793265879380328e+001  4.0793265879380328e+001  4.0793265879380328e+001  4.0793265879380328e+001
  3.7898610063815181e+002  2.6573322012992207e+002  2.2788165203227959e+002  6.1687304957325296e+001  6.1687304957314268e+001  6.1687304957311085e+001  6.1687304957311085e+001  6.1687304957311085e+001  6.0692345900217447e+001  6.0692345900217447e+001  6.0692345900217447e+001  6.0692345900217447e+001  6.0692345900217447e+001  6.0692345900217447e+001
  3.6260891526248929e+002  2.6672290064426488e+002  2.2667283736953641e+002  1.2934412610617505e+002  9.8500679101427409e+001  7.9596568213380920e+001  6.6662115584569733e+001  6.6662115584569733e+001  5.0742831215780370e+001  5.0742831215780370e+001  5.0742831215780370e+001  5.0742831215780370e+001  5.0742831215780370e+001  5.0742831215780370e+001
  3.7246371431686885e+002  3.0365585085585644e+002  2.3954886824897130e+002  1.1839973388772808e+002  1.1839973388772808e+002  5.2732764488864177e+001  4.3778122853946343e+001  4.3778122853946343e+001  4.3778122853946343e+001  4.3778122853946343e+001  4.3778122853946343e+001  4.3778122853946343e+001  4.3778122853946343e+001  4.3778122853946343e+001
  3.7475873538689621e+002  2.7441153207550724e+002  2.4627807687590575e+002  6.0692280089357268e+001  6.0692280089357268e+001  6.0692280089357268e+001  5.2732739254328294e+001  5.2732739254328294e+001  5.2732739254328294e+001  5.2732739254328294e+001  5.2732739254328294e+001  5.2732739254328294e+001  5.2732739254328294e+001  5.2732739254328294e+001
  3.7165256763742786e+002  2.9040118219154078e+002  2.4094366081782323e+002  1.1740465776904693e+002  1.1710256304530003e+002  6.1687345533634698e+001  6.1687345533634698e+001  6.1687345533634698e+001  6.1687345533634698e+001  6.1687345533634698e+001  6.1687345533634698e+001  6.1687345533634698e+001  4.9747846924153464e+001  4.9747846924153464e+001
  4.0173903752106753e+002  3.0193361973672813e+002  2.6989170433923300e+002  9.7505639074577516e+001  9.7505639074577516e+001  7.5616757219484043e+001  7.5616757219484043e+001  6.1687360692532138e+001  6.1687360692532138e+001  6.1687360692532138e+001  6.1687360692532138e+001  6.1687360692532138e+001  6.1687360692532138e+001  6.1687360692532138e+001
  3.6105001450223381e+002  2.7497330420678281e+002  2.6576923725799679e+002  1.0049059721561684e+002  1.0049059721561684e+002  9.0541031879213165e+001  6.1687299919491124e+001  6.1687299919491124e+001  6.1687299919491124e+001  5.6712610838312798e+001  5.6712610838312798e+001  5.6712610838312798e+001  5.6712610838312798e+001  5.6712610838312798e+001
  3.4490049934347985e+002  2.8728997258001255e+002  2.5901870985222922e+002  8.0591542429312994e+001  8.0591542429311517e+001  5.6712494512946364e+001  5.6712494512946364e+001  5.6712494512946364e+001  5.6712494512946364e+001  5.6712494512946364e+001  5.6712494512946364e+001  5.6712494512946364e+001  5.6712494512946364e+001  5.6712494512946364e+001
  3.4862529825597426e+002  2.4841023424407740e+002  2.3294163557597017e+002  6.7657049224231969e+001  6.7657049224231287e+001  6.7657049224231287e+001  6.7657049224231287e+001  6.7657049224231287e+001  6.7657049224231287e+001  6.7657049224231287e+001  6.7657049224231287e+001  6.7657049224231287e+001  3.4823546846992713e+001  3.4823546846992713e+001
  3.9641429183788819e+002  2.7446575909297349e+002  2.3334983146497143e+002  9.8500598131670813e+001  9.8500598131670813e+001  9.8500598131670813e+001  9.8500598131670813e+001  7.8601644511840277e+001  7.2631915403819789e+001  7.2631915403819789e+001  7.2631915403819789e+001  7.2631915403819789e+001  5.8702503717964760e+001  5.8702503717964760e+001
  3.6729137440320642e+002  2.7798252405330572e+002  2.4099176854100529e+002  4.0793291113914393e+001  4.0793291113914393e+001  3.7808418980452075e+001  3.7808418980452075e+001  3.7808418980452075e+001  3.7808418980452075e+001  3.7808418980452075e+001  3.7808418980452075e+001  3.7808418980452075e+001  3.7808418980452075e+001  3.7808418980452075e+001
  3.5817067375312922e+002  3.0244965737668917e+002  2.6095518094256295e+002  1.3232861566173437e+002  1.3232861566173437e+002  1.3232861566173437e+002  7.7606629902421105e+001  5.9697432457267155e+001  5.9697432457267155e+001  5.9697432457267155e+001  5.9697432457267155e+001  5.9697432457267155e+001  5.9697432457267155e+001  5.9697432457267155e+001
  3.3282126711361661e+002  2.2669284314153697e+002  2.0674330984681137e+002  8.2581328921779118e+001  6.8652064016546319e+001  6.8652064016546319e+001  6.8652064016546319e+001  6.8652064016546319e+001  6.8652064016546319e+001  6.8652064016546319e+001  6.8652064016546319e+001  6.8652064016546319e+001  6.6662090167215410e+001  6.6662090167136739e+001
  3.4917492001561959e+002  2.8188994530806667e+002  2.3067838541274887e+002  7.8601502769045737e+001  7.8601502769045396e+001  6.2682319749624071e+001  6.2682319749624071e+001  6.2682319749624071e+001  6.2682319749624071e+001  6.2682319749624071e+001  6.2682319749624071e+001  6.2682319749624071e+001  6.2682319749624071e+001  6.2682319749624071e+001
  3.6000503094845067e+002  3.0219159256945977e+002  2.1800392590485535e+002  9.4520847910872590e+001  9.3246537035366259e+001  7.8601604118412865e+001  7.8601604118412865e+001  7.8601604118412865e+001  7.8601604118412865e+001  7.8601604118412865e+001  7.8601604118412865e+001  7.8601604118412865e+001  7.8601604118412865e+001  7.8601604118412865e+001
  3.3281742989670238e+002  2.7079147163137122e+002  2.6724482255481780e+002  1.4128317128907725e+002  1.0845011785392626e+002  9.1535874428054967e+001  6.6662115584599519e+001  4.5768056127030036e+001  4.5768056127030036e+001  4.5768056127030036e+001  4.5768056127030036e+001  4.1788224936476126e+001  4.1788224936476126e+001  4.1788224936476126e+001
  3.6185065405291812e+002  3.0231765973464235e+002  2.2242466632423611e+002  6.8652048857647515e+001  6.8652048857647515e+001  6.8652048857647515e+001  6.7657089800554104e+001  6.7657089800554104e+001  6.7657089800554104e+001  6.7657089800554104e+001  6.7657089800554104e+001  6.7657008830802170e+001  6.7657008830802170e+001  6.6662049773710464e+001
  3.2723562412608089e+002  2.2456927146512066e+002  2.1968232442959288e+002  1.7809607831129119e+002  1.1740467292794222e+002  5.9697447616162094e+001  5.9697447616162094e+001  5.8079151396692737e+001  5.6712575482703414e+001  5.5717631584504147e+001  5.5717631584504147e+001  5.5717631584504147e+001  4.9747882279763871e+001  4.9747882279763871e+001
  3.7118556637546590e+002  2.7734833024626164e+002  2.5591030273469505e+002  6.6662090167325005e+001  6.6662090167136512e+001  6.6662090167136512e+001  6.6662090167136512e+001  5.2732744292149391e+001  5.2732744292149391e+001  5.2732744292149391e+001  5.2732744292149391e+001  5.2732744292149391e+001  5.2732744292149391e+001  5.2732744292149391e+001
  3.7579184350404716e+002  2.9995259211981579e+002  2.4829697621902369e+002  1.2436936109306339e+002  8.7555961714414934e+001  8.3031327738381378e+001  7.6611508169597528e+001  7.6611508169597528e+001  7.6611508169597528e+001  7.6611508169597528e+001  7.6611508169597528e+001  7.6611508169597528e+001  6.5667191883084911e+001  6.5667191883084797e+001
  3.2636608934067726e+002  2.6964039650788072e+002  2.4955706189727471e+002  1.0646027567167516e+002  1.0646027567167516e+002  5.2732769526682205e+001  5.2732769526682205e+001  5.2732769526682205e+001  5.0742846374676446e+001  5.0742846374676446e+001  5.0742846374676446e+001  5.0742846374676446e+001  5.0742846374676446e+001  5.0742846374676446e+001
  3.5893821395452687e+002  2.8058708919140759e+002  2.6295704486133127e+002  9.9495495862400389e+001  9.9495495862400389e+001  6.3677212995856621e+001  6.3677212995856621e+001  6.2795413974103553e+001  6.2682253938762301e+001  6.2682253938762301e+001  6.2682253938762301e+001  6.2682253938762301e+001  6.2682253938762301e+001  4.8752892904879104e+001
  3.9152239226871961e+002  2.9285523786848216e+002  2.3498692512439311e+002  1.0347536799970726e+002  1.0347536799970726e+002  5.2732764488862358e+001  5.2732764488862358e+001  5.2732764488862358e+001  5.2732764488862358e+001  5.2732764488862358e+001  4.9747892355401632e+001  4.9747892355401632e+001  4.5117953216367596e+001  4.0793291113914506e+001
  3.3845899693877664e+002  2.8073589851417205e+002  2.5014639252393408e+002  1.1740469386088034e+002  1.0546528125897146e+002  7.1636860218069728e+001  6.5667212079800038e+001  6.5667212079800038e+001  5.0742846374677697e+001  5.0742846374677697e+001  5.0742846374677697e+001  4.1788235012122755e+001  4.1788235012112523e+001  4.1788235012112523e+001
  3.5971862636335163e+002  2.8720412343427961e+002  2.4234572624078373e+002  8.3576191296898287e+001  8.3576191296898287e+001  8.3576191296898287e+001  8.3576191296898287e+001  8.3576191296898287e+001  8.3576191296898287e+001  8.3576191296898287e+001  7.0641901160976659e+001  6.3674644096274506e+001  6.1687299919489305e+001  6.1687299919489305e+001
  3.7549882994635436e+002  2.7308388905672041e+002  2.4818269162335082e+002  8.6561251340624949e+001  8.6561251340624949e+001  8.6561251340624949e+001  6.0692223800808620e+001  6.0692223800808620e+001  6.0692223800808620e+001  6.0692223800808620e+001  6.0692223800808620e+001  6.0692223800808620e+001  6.0692223800808620e+001  6.0692223800808620e+001
  3.6462371352968103e+002  2.9119669600261568e+002  2.2996790689421528e+002  7.6611645427897429e+001  7.6611645427897429e+001  4.5768061164849087e+001  4.5768061164849087e+001  4.5768061164849087e+001  4.5768061164849087e+001  4.5768061164849087e+001  4.5768061164849087e+001  4.5768061164849087e+001  4.5768061164849087e+001  4.5768061164849087e+001
  3.6700655416632458e+002  2.7421935557480242e+002  2.0935132996112156e+002  6.7657084762741874e+001  6.7657084762741874e+001  6.7657084762741874e+001  6.7657084762741874e+001  6.4672212629278079e+001  6.4672212629278079e+001  6.4672212629278079e+001  6.4672212629278079e+001  6.4672212629278079e+001  6.4672212629278079e+001  6.4672212629278079e+001
  3.3325001441996073e+002  2.6231199199722937e+002  2.4052392227526207e+002  7.0641987168550259e+001  7.0641987168550259e+001  5.9697412260553506e+001  5.9697412260553506e+001  5.9697412260553506e+001  5.9697412260553506e+001  5.9697412260553506e+001  5.9697412260553506e+001  5.9697412260553506e+001  5.9697412260553506e+001  5.9697412260553506e+001
  3.9023962842144556e+002  2.9777439235078009e+002  2.5648952253185371e+002  4.3778127891766076e+001  4.3778127891766076e+001  4.3778127891765962e+001  4.3778127891765962e+001  4.3778127891765962e+001  4.3778127891765962e+001  4.3778127891765962e+001  4.3778127891765962e+001  4.3778127891765962e+001  3.9798291663403575e+001  3.9798291663393684e+001
  3.6595482035458917e+002  3.0589857947150017e+002  2.6442908321772370e+002  1.0745530072252450e+002  1.0745530072252450e+002  6.8652048857651380e+001  6.8652048857651380e+001  6.8652048857651380e+001  6.8652048857651380e+001  6.8652048857651380e+001  5.5717636622322971e+001  5.5717636622322971e+001  5.5717636622322971e+001  5.5717636622322971e+001
  3.6088375472374946e+002  3.1606740815667217e+002  2.7048880813754340e+002  1.0049055682218511e+002  8.0591278587127817e+001  8.0591278587109969e+001  5.6712514709660468e+001  5.6712514709660468e+001  5.6712514709660468e+001  5.6712514709660468e+001  5.6712514709660468e+001  5.6712514709660468e+001  5.6712514709660468e+001  5.6712514709660468e+001
  3.5318716384871436e+002  2.7896749783432642e+002  2.5431976494760511e+002  1.0049063779193852e+002  8.6561266499517956e+001  8.6561266499517956e+001  8.3576394366057457e+001  8.3576394366057457e+001  8.3576394366057457e+001  8.3576394366057457e+001  8.3576394366057457e+001  8.3576394366057457e+001  8.3576394366057457e+001  8.1586445934082462e+001
  3.9000184687877004e+002  2.9608716046024756e+002  2.5789199389731948e+002  1.0944501054683383e+002  5.6712575482701141e+001  5.6712575482701027e+001  5.6712575482701027e+001  5.6712575482701027e+001  5.6712575482701027e+001  5.6712575482701027e+001  5.6712575482701027e+001  5.6712575482701027e+001  5.6712575482701027e+001  5.6712575482701027e+001
  3.5135291131677059e+002  2.7537097361730480e+002  2.4740141699192554e+002  1.0447026591333179e+002  1.0447026591333167e+002  1.0447026591333167e+002  1.0447026591333167e+002  1.0447026591333167e+002  7.2631733267608070e+001  7.2631733267603863e+001  7.2631733267603863e+001  7.2631733267603863e+001  7.2631733267603863e+001  7.2631733267603863e+001
  3.4397283093311353e+002  2.7771419512644366e+002  2.3093085094715229e+002  8.0591522232598891e+001  8.0591522232598891e+001  8.0591522232598891e+001  7.1636717922011030e+001  7.1636717921951799e+001  5.8702473400175109e+001  5.8702473400175109e+001  5.6882530363943033e+001  5.5717601266717452e+001  5.5717601266717452e+001  5.5717601266717452e+001
  3.9143088773233694e+002  3.1792523485245010e+002  2.7331368703359544e+002  1.1541492252730541e+002  1.1541492252730541e+002  1.1541492252730541e+002  6.9646982680209135e+001  6.9646982680209135e+001  6.9646982680209135e+001  6.9646982680209135e+001  6.9646982680209135e+001  6.9646982680209135e+001  6.9646982680209135e+001  6.9646982680209135e+001
  3.8581740252146687e+002  3.0584082793654693e+002  2.6249882477995061e+002  1.5819757739068905e+002  1.2436930050292085e+002  6.8652013502039836e+001  6.8652013502039836e+001  6.8652013502039836e+001  6.6662095387854265e+001  6.6662095387854265e+001  6.6662095387854265e+001  6.6662095387854265e+001  6.6662095387854265e+001  6.6662095387854265e+001
  3.5986032813845782e+002  2.5718322527282567e+002  2.3294743547984422e+002  7.9596497364643938e+001  7.9596497364643938e+001  7.9596497364643938e+001  6.8652043819829487e+001  6.8652043819829487e+001  6.8652043819829487e+001  6.8652043819829487e+001  6.8652043819829487e+001  6.7657084762738236e+001  6.7657084762738236e+001  6.4672212629276260e+001
  4.0519762144735159e+002  2.6458690426102839e+002  2.4921970832634747e+002  7.7606645061317863e+001  7.7606645061317863e+001  7.7606645061317863e+001  7.4621772927856114e+001  7.4621772927856114e+001  7.4621772927856114e+001  7.4621772927856114e+001  5.7707534539795461e+001  5.7707534539795461e+001  5.7707534539795461e+001  5.7707534539795461e+001
  3.5113352072512384e+002  2.9678226919498502e+002  2.5537140621584308e+002  1.1342484173739069e+002  1.1342484173739069e+002  3.7808413942634729e+001  3.7808413942634729e+001  3.7808413942634729e+001  3.7808413942634729e+001  3.7808413942634729e+001  3.7808413942634729e+001  3.7808413942634729e+001  3.7808413942634729e+001  3.7808413942634729e+001
  3.6803745719328504e+002  2.6598719979947759e+002  2.5718495514696906e+002  1.0845021920329611e+002  1.0845021920329611e+002  9.1159965884625421e+001  8.6561246302807604e+001  8.6561246302807604e+001  8.6561246302807604e+001  8.6561246302807604e+001  8.6561246302807604e+001  8.6561246302807604e+001  5.5717636622322516e+001  5.5717636622322516e+001
  3.3249175826811506e+002  2.4027335629794743e+002  2.2644340902732165e+002  8.8551144220277365e+001  8.8551144220277365e+001  8.8551144220277365e+001  8.8551144220277365e+001  8.8551144220277365e+001  8.8551144220277365e+001  7.3626798711867195e+001  7.3626798711867195e+001  6.7657023989697223e+001  5.3727683152528698e+001  5.3727683152528698e+001
  3.7892967585794031e+002  2.5115699527609218e+002  2.3596607234907742e+002  1.4625808363613191e+002  1.0049038910863419e+002  8.7556078775999254e+001  8.7556078775999254e+001  8.4571206642537504e+001  7.3626753097723849e+001  7.3626753097723849e+001  5.3727718508135808e+001  5.3727718508135808e+001  5.3727718508135808e+001  5.3727718508135808e+001
  3.6807448677753473e+002  2.7268781267168515e+002  2.3041292491191052e+002  5.6712570444883113e+001  5.6712570444883113e+001  5.2732724095432786e+001  4.6763000025225210e+001  4.6763000025225210e+001  4.6763000025225210e+001  4.6763000025225210e+001  4.6763000025225210e+001  4.6763000025225210e+001  4.6763000025225210e+001  4.5768040968131345e+001
  3.1320746266964943e+002  3.0195644194323586e+002  2.4476747853912184e+002  1.2138460602118835e+002  4.6763010146302804e+001  4.6763010146302804e+001  4.6763010146302804e+001  4.6763010146302804e+001  4.6763010146302804e+001  4.6763010146302804e+001  4.6763010146302804e+001  4.6763010146302804e+001  4.6763010146302804e+001  4.6763010146302804e+001
  3.1702974782823230e+002  2.8630262151300462e+002  2.3995528246888125e+002  1.1640973462089028e+002  1.1640973462089028e+002  8.9545976510573610e+001  8.9545976510573610e+001  8.9545976510573610e+001  6.0692386476543561e+001  6.0692386476543561e+001  6.0692386476543561e+001  6.0692386476543561e+001  6.0692386476543561e+001  6.0692386476543561e+001
