  1.0142729981105012e+004  6.7974126752383345e+003  3.1993831394596309e+003  3.1993831394596309e+003  2.8071911380688598e+003  2.7994325203401395e+003  1.6888434934172556e+003  1.6320703712769423e+003  1.6318104854484673e+003  1.6288485814270120e+003  1.6288485695409845e+003  1.6283046731202376e+003  1.6283046731202376e+003  1.5451431603329488e+003
  1.4874183966262699e+004  5.9643882127005181e+003  5.1095372985739277e+003  4.9141058824277470e+003  2.8608889617399500e+003  2.8014262449735616e+003  2.6195537682092618e+003  2.0020291669163871e+003  2.0020291669163871e+003  2.0020291669163871e+003  2.0020291615344122e+003  2.0020291615344122e+003  2.0020291615344122e+003  2.0020291615344122e+003
  1.0246614453398659e+004  6.2737012584324148e+003  4.4639791930215197e+003  4.4221315308704798e+003  2.0516351445390865e+003  1.9396550181423117e+003  1.9396550181423117e+003  1.9396550181423117e+003  1.9396550181423117e+003  1.9393567770177724e+003  1.9393567770177724e+003  1.7480506122442976e+003  1.7182531338314093e+003  1.6935673747181295e+003
  9.6824110806061417e+003  6.6827025603484653e+003  3.8941803612698295e+003  3.4523452097592244e+003  3.3213230929674601e+003  3.1058965479448507e+003  3.0360601332839287e+003  2.1008333540120611e+003  1.9517650929019546e+003  1.8960109212434454e+003  1.6952928653873469e+003  1.6557293990929365e+003  1.6557293990929365e+003  1.6556745168616335e+003
  1.1776724555733719e+004  6.0318156069339275e+003  3.7134480548396095e+003  3.7133702117340727e+003  3.7133681621224059e+003  2.0006284673786668e+003  1.9998242472828333e+003  1.9975767464249984e+003  1.9971269906323250e+003  1.9971269906323250e+003  1.9966249008730374e+003  1.9966249008730374e+003  1.9966249008730374e+003  1.9932585370602683e+003
  7.6066472101952422e+003  5.3370174365265493e+003  3.2180245805426139e+003  3.1095664912718812e+003  2.6077149250676930e+003  2.5355435775206461e+003  2.3133812007329316e+003  2.3131890994227033e+003  2.2911132027704934e+003  2.2907867319482048e+003  2.2743930318714447e+003  2.2743927049164131e+003  2.2743927049164131e+003  1.9744834630894393e+003
  1.0629085997518188e+004  6.1386754495802979e+003  4.6339509087590923e+003  4.3577251785968883e+003  2.2120197420002378e+003  2.0965823409328405e+003  2.0965823409328405e+003  1.9195878604801783e+003  1.9195878604801783e+003  1.9182041596225936e+003  1.9182041596225936e+003  1.9182041596225936e+003  1.9137549533029869e+003  1.9123124446721604e+003
  8.7062965741153639e+003  6.2387889411937122e+003  3.6871229080550638e+003  3.3304199098994650e+003  2.3074593348013623e+003  2.1582987097867845e+003  2.1235036747971963e+003  2.1115528243332556e+003  2.0864544723625386e+003  2.0864544723625386e+003  2.0864544723625386e+003  1.8067457677746597e+003  1.7965156146992194e+003  1.7783411807941966e+003
  1.1711583483630495e+004  5.3828748353520796e+003  3.9103659509050613e+003  3.9087482931334926e+003  2.7544084836732782e+003  2.7302730824190594e+003  2.2347656858072305e+003  2.1986925911351591e+003  2.1986925911351591e+003  2.1968146600479113e+003  2.1967803005607739e+003  2.1967803005607739e+003  2.1967803005607739e+003  2.1967800903833322e+003
  7.5921695419923708e+003  6.6216034615568424e+003  3.8099241097011891e+003  3.8098420391305517e+003  3.3832580887869135e+003  3.0995064317203469e+003  2.7497848974820490e+003  2.3848330459207282e+003  2.3297003864285543e+003  1.9926521092499279e+003  1.9313099757242726e+003  1.9276810749561928e+003  1.9195377247539063e+003  1.8892507818897679e+003
  8.1389688535600471e+003  6.0452615567791509e+003  4.1357766482839506e+003  2.9794565475983254e+003  2.9789978602096962e+003  2.1350462222924525e+003  2.1156784147008002e+003  1.8572600197091833e+003  1.7728385156734207e+003  1.7703070290615692e+003  1.7663281736629710e+003  1.7655370336112483e+003  1.7580031848215640e+003  1.7397893486196485e+003
  1.0641619169922413e+004  6.6150640929306501e+003  3.7984616765621658e+003  3.7984616765621658e+003  3.1202682669994019e+003  2.6701893340841070e+003  2.3530871834970521e+003  2.3345809773450619e+003  2.3301105305149540e+003  2.3218287113689057e+003  2.3041844954947373e+003  2.3018080775074850e+003  2.2938464595082396e+003  2.2600478910828970e+003
  1.0438982756516285e+004  6.2928743159732221e+003  3.2275700388596688e+003  2.6131950434989194e+003  2.2210787950183076e+003  1.9732015179864720e+003  1.9675189887079541e+003  1.9575166796899703e+003  1.9490887103771620e+003  1.9472292320228789e+003  1.8938760620986363e+003  1.8938760620986363e+003  1.8938760620986363e+003  1.8814388426057117e+003
  9.4026593554457195e+003  6.2128814798610510e+003  3.9087150753403639e+003  2.9052724703694039e+003  2.8874793011112451e+003  2.5747198306235941e+003  2.5511229634046595e+003  2.5507831677857248e+003  2.5507831677857248e+003  2.5503075903175977e+003  2.5435109842434067e+003  2.5397157596168690e+003  2.5397157596168690e+003  2.5375047342539683e+003
  1.2401807007442525e+004  6.4684918001359838e+003  3.8223644713985450e+003  3.7667384941132741e+003  2.2359226095714203e+003  1.9979652014676067e+003  1.9979652014676067e+003  1.9965272418090481e+003  1.9930269334057502e+003  1.9930269334057502e+003  1.9894205336092491e+003  1.9739127478910996e+003  1.9692735137329655e+003  1.9609049654056344e+003
  1.0756751760583436e+004  6.1473160570418331e+003  3.3593737178413185e+003  3.3489275864939009e+003  2.4674263035755057e+003  2.4088450223398359e+003  2.3542762965224138e+003  2.3542762965224138e+003  2.3528642900653485e+003  2.3431086961038891e+003  2.2822218772661790e+003  2.1595885328437562e+003  2.1595885328437562e+003  2.1595885328437562e+003
  8.5070998270983946e+003  6.4225315704158274e+003  2.4045640349508994e+003  2.4031118326038186e+003  2.1892621765745207e+003  2.1882841292850080e+003  2.1882841292850080e+003  2.1882841292850080e+003  2.1882841292850080e+003  1.8007497721947288e+003  1.5902068013814005e+003  1.5814305013996809e+003  1.5810698111196334e+003  1.5542476985511876e+003
  7.3549591793149302e+003  6.5043076852966296e+003  4.6019237885946686e+003  4.6001542680887505e+003  2.4286198503877231e+003  1.8636478777136876e+003  1.8541615739952440e+003  1.8500874783036834e+003  1.8419483352849284e+003  1.8419483352849284e+003  1.8223385349576220e+003  1.8223385349576220e+003  1.8223385349576220e+003  1.8218955906775518e+003
  1.2895954664266705e+004  5.8824061313186821e+003  3.0828639382353213e+003  3.0828639382353213e+003  2.7929942417500706e+003  2.4621290724233804e+003  2.4621290724233804e+003  2.4621290724233804e+003  2.3184481967284137e+003  2.3184481967284137e+003  2.0070642201098326e+003  2.0070642201098326e+003  2.0070642201098326e+003  2.0024406015860914e+003
  9.5252550670654909e+003  6.2717675071387202e+003  3.4582310009345720e+003  3.4582310009345720e+003  2.6256652512555684e+003  2.3401097673964614e+003  2.2444196942739109e+003  2.2444196942739109e+003  2.2444196745295321e+003  2.2444187435416261e+003  1.4361798149908700e+003  1.4156725769537106e+003  1.4156725768466149e+003  1.4156725768466149e+003
  1.0552171808550062e+004  6.5695044853806394e+003  3.1698830326521911e+003  3.1673021984615443e+003  2.3173735208600247e+003  2.3173735208600247e+003  2.2352664398866582e+003  2.2206889081349527e+003  2.1498581111358799e+003  2.1498581111358799e+003  2.1493108549789804e+003  2.1483767607466762e+003  2.1483767607466762e+003  2.1461223067188257e+003
  8.4704684544811898e+003  5.9927567206234380e+003  3.6739908476421651e+003  3.6681420969452201e+003  3.6575355442566324e+003  2.4856307551493719e+003  2.4856307551493719e+003  2.4793878544244235e+003  2.4761731358715751e+003  2.4736906865482888e+003  2.3179550748965648e+003  2.3169032114929960e+003  2.2812838168305807e+003  2.2812838168305807e+003
  9.1453744058022548e+003  6.4904417022984853e+003  2.9906919574476415e+003  2.9668039727023515e+003  2.9668039727023515e+003  1.7022724467065382e+003  1.7022724467065382e+003  1.7022724467065382e+003  1.7022724467065382e+003  1.7022724467065382e+003  1.7022724467065382e+003  1.7022724467065382e+003  1.6957899224792345e+003  1.6148520895506999e+003
  8.9621819711141870e+003  6.2801763795224506e+003  2.6072074855241499e+003  2.5456705780856246e+003  2.5214534385310199e+003  2.4561612347824739e+003  2.4553617421362651e+003  2.4553617421362651e+003  2.4464162249571109e+003  2.2928115223956956e+003  2.2688592007792467e+003  2.2397920062874509e+003  1.9073132006468086e+003  1.7536296380524268e+003
  9.1418842407557022e+003  6.5701352796160136e+003  3.8900100589187587e+003  3.8894562303395451e+003  3.1950738759400010e+003  2.7616874170800220e+003  2.0056875158868943e+003  1.9986835443983164e+003  1.9976582677703409e+003  1.9960126937721525e+003  1.9933097905521017e+003  1.9933097905521017e+003  1.9907421101280379e+003  1.8795851253819992e+003
  8.6453321995328388e+003  6.3389059623177855e+003  2.9030469053210682e+003  2.9009316509197834e+003  1.9889321638050287e+003  1.9498804800130956e+003  1.9308072929742475e+003  1.9087801316970972e+003  1.9025770408075996e+003  1.6174051021326936e+003  1.5571435681479406e+003  1.5423688925359584e+003  1.4962885229321519e+003  1.4726410658618333e+003
  1.3005557388989675e+004  6.4706449558708500e+003  3.5287645179777164e+003  2.6441964808022003e+003  2.5933185348350489e+003  2.5530913880046237e+003  2.3056447433184612e+003  2.1764844070883792e+003  2.1752766841187695e+003  2.1732781574413493e+003  1.9876077799783652e+003  1.9295024578949342e+003  1.9294695157813549e+003  1.9049285058733876e+003
  1.1094152433251187e+004  6.3446705657055863e+003  3.5061107925516399e+003  3.5059630849258992e+003  3.1963132671916137e+003  2.9145666617929455e+003  1.9578964973909824e+003  1.9578963132795070e+003  1.9578963132795070e+003  1.9578962751650779e+003  1.9578961961230143e+003  1.9578961961230143e+003  1.9578961961230143e+003  1.9557807333443843e+003
  1.1945930006789738e+004  6.2324948664958283e+003  2.8897777312153903e+003  2.8896883333406222e+003  2.4187890554877577e+003  2.2345819313215516e+003  2.1684529073667436e+003  2.1684529073667436e+003  2.1684529073667436e+003  2.1684529073667436e+003  2.0700469592674808e+003  2.0420695892773911e+003  2.0320640513688841e+003  2.0151714966881518e+003
  1.1848609429654476e+004  6.4426806654937682e+003  4.6209563951366690e+003  4.6209563951366690e+003  3.0982021832805885e+003  2.7861734346089261e+003  2.3880164652036829e+003  2.3880164652036829e+003  2.3880164652036829e+003  2.1963118536794373e+003  2.1641683926470905e+003  2.1641683926470905e+003  2.1641683926470905e+003  2.1387580636228631e+003
  1.0698807629591127e+004  5.9076634176833250e+003  3.1222907250696280e+003  2.9794672210753797e+003  2.2810692137422129e+003  2.2345132904544880e+003  2.2339735592924535e+003  2.1755449722157373e+003  2.1377384420798571e+003  2.1349119645697810e+003  2.1349119645697810e+003  2.1291717330990523e+003  2.1291717330990523e+003  2.1279711853144727e+003
  1.9029906572481115e+004  5.0891172352459425e+003  3.9807825126144453e+003  3.9807149603951439e+003  2.4281637160400078e+003  2.3701337504072144e+003  2.1517651615927116e+003  2.1121286764161650e+003  2.0948229679604410e+003  2.0915305874976020e+003  2.0898640756060477e+003  2.0898640756060477e+003  2.0846195491271565e+003  2.0703210828437932e+003
  9.8777859796605881e+003  6.0914142347362504e+003  2.6668460080248442e+003  2.6668460043192536e+003  2.6668460043192536e+003  2.3538421462481647e+003  2.3192085490834488e+003  2.2667175643070304e+003  2.2118744032745390e+003  2.1893559350012692e+003  2.1868019117904278e+003  2.1705366534491795e+003  2.1705366534491795e+003  1.5411835493315907e+003
  8.7731789872081099e+003  6.5825196507751898e+003  3.6108898012707104e+003  3.5845766421538583e+003  2.9928080940012351e+003  1.9627120925830077e+003  1.9557654853194799e+003  1.9197211479122161e+003  1.9191721269100772e+003  1.9191721269100772e+003  1.9191719760296919e+003  1.9191478110124081e+003  1.9191478110124081e+003  1.9132729321809293e+003
  9.5535469972252886e+003  6.2091439061488672e+003  5.5016279331964024e+003  5.1537634176672709e+003  3.2874396709719877e+003  1.6164878317814760e+003  1.5148666807725881e+003  1.5145629287094985e+003  1.5139674913658491e+003  1.5133083428924738e+003  1.5129559438177448e+003  1.5129559438177448e+003  1.5129555888158875e+003  1.5129555888158875e+003
  1.0846486405940241e+004  6.1103454945069334e+003  3.9537263889042542e+003  3.9521891804689885e+003  3.2086882593596138e+003  2.6015644245777712e+003  2.5994379146281372e+003  2.5930062609351462e+003  2.5859270190166881e+003  2.4764139261634673e+003  2.4764139261634673e+003  2.4764139261634673e+003  2.4424632898015607e+003  2.3884306032439599e+003
  9.7499576796648871e+003  5.8295799194322090e+003  4.4825878304536036e+003  4.0164030884694039e+003  2.2896439959347663e+003  2.2710721853847444e+003  2.2410668141638052e+003  1.7041889762087335e+003  1.7041218148231455e+003  1.7013297395942827e+003  1.7011664314643399e+003  1.7006564788114338e+003  1.7005262628635805e+003  1.6981578031878098e+003
  1.0758607426322962e+004  6.6800904344431401e+003  3.5065140357756864e+003  2.2782665449419746e+003  2.2782665449419746e+003  2.2782665449419746e+003  2.2782665449419746e+003  2.2782665449419746e+003  2.2782518564181210e+003  2.2782518564181210e+003  2.1262840768760707e+003  2.1161125280723609e+003  1.8688012323785847e+003  1.7137869167512190e+003
  8.7456607235594602e+003  5.9843282604124661e+003  3.6395825568395485e+003  3.4499097720904410e+003  3.3668406202997612e+003  2.4456441108041727e+003  2.4443253123322311e+003  2.4442497758344707e+003  2.4402966109405661e+003  2.4399812924072776e+003  2.4375703335015587e+003  2.4363763731098807e+003  2.4363763698529228e+003  2.3457233625308309e+003
  8.2282883022403221e+003  6.7886931530632864e+003  2.8119800741017116e+003  2.7778081435896474e+003  2.5963608464659083e+003  2.5945278112843716e+003  2.5932727123066379e+003  2.5932348739216195e+003  2.5929504174733365e+003  2.1100928906468507e+003  2.0834058892033154e+003  2.0834058892033154e+003  2.0834058892033154e+003  2.0832965747610015e+003
  8.2347976296969100e+003  5.3204790000861167e+003  4.5578598643387468e+003  4.5539647969161888e+003  2.7537408710652307e+003  2.7372339769744758e+003  1.9333612270723243e+003  1.9332154975727681e+003  1.9323746782348280e+003  1.9323746782348280e+003  1.9286028079275547e+003  1.9286028079275547e+003  1.9274792765620014e+003  1.9271911803664916e+003
  8.4690605776190205e+003  6.4613301915733355e+003  2.8241952868761673e+003  2.8241952846221538e+003  2.8241952846221538e+003  2.5650585010913837e+003  2.5650585010913837e+003  1.6786974677475373e+003  1.6732826922401396e+003  1.6708873412853241e+003  1.6440373018366613e+003  1.6432560945583855e+003  1.6405006629955587e+003  1.6207309654756955e+003
  8.5392376064088839e+003  5.8758174135094441e+003  3.4309710732255180e+003  3.4104316814589611e+003  3.4104316814589611e+003  2.4245244750081129e+003  2.2516010061710458e+003  2.2419617867604293e+003  2.2407135112342821e+003  2.2340362685613527e+003  2.2280410894473134e+003  1.1536617645024417e+003  1.1399914925187663e+003  1.1311142646227763e+003
  9.3815598204022463e+003  6.3357171690947143e+003  3.2376660205647941e+003  3.2376341536744221e+003  3.2376341536744221e+003  3.2376341536744221e+003  1.8568453305095218e+003  1.8336286918156693e+003  1.8255550060187534e+003  1.8255550060187534e+003  1.8255550060187534e+003  1.8253080437037270e+003  1.8248373688281645e+003  1.8054686648190468e+003
  1.2509140528545280e+004  6.0604120403006200e+003  3.0884633354766556e+003  2.4969709503329605e+003  2.0902738865498450e+003  1.9623005269618316e+003  1.9623005269618316e+003  1.6634296702230195e+003  1.5504460640991010e+003  1.5504460640991010e+003  1.5504460640991010e+003  1.5504460640991010e+003  1.5504460640991010e+003  1.5503739143334010e+003
  9.1550659022250729e+003  6.2128042183591497e+003  4.9995212696624840e+003  4.4525221914344902e+003  2.8285034401298290e+003  2.3892818788082132e+003  2.3869194692790861e+003  2.3380416861060321e+003  2.1161554272261164e+003  2.1161554272261164e+003  2.1161554272261164e+003  2.1161554272261164e+003  2.1161554272261164e+003  2.1154257347955881e+003
  1.2753495411877970e+004  6.0538719985405914e+003  3.7053167649843690e+003  3.7034353873667133e+003  2.3809210161163146e+003  2.3062170562598603e+003  2.2796634353041682e+003  2.2793053978298140e+003  2.1323183099891885e+003  2.1323183099891885e+003  2.1323183099891885e+003  2.1323183099891885e+003  2.1323183099891885e+003  2.1323183099891885e+003
  1.0387210188906538e+004  6.5397643701364832e+003  4.1658836473454221e+003  2.9047361343109160e+003  2.3639068819614804e+003  2.3171325465050722e+003  2.2771532914121253e+003  2.2770342130841473e+003  2.2770342130841473e+003  2.2765127779571158e+003  2.2724969163842561e+003  2.2656986203287988e+003  2.2656986156539060e+003  2.2628854698110317e+003
  1.0692522258804598e+004  6.5829043281063387e+003  3.3349220721214651e+003  3.3348750491921237e+003  3.3348750491921237e+003  2.8063346806725476e+003  2.7832653865532866e+003  2.3162834183208124e+003  2.2184952834968135e+003  2.1671567960216698e+003  2.1663837406250577e+003  2.1663837406250577e+003  2.1565620916949174e+003  2.1545865163960170e+003
  9.6009251667636272e+003  6.3292358887022237e+003  2.4455898252723546e+003  2.3913867028451668e+003  2.3913867028451668e+003  2.3850289421633079e+003  2.3814655468865867e+003  2.2733067677967356e+003  2.2282870262261331e+003  2.2239555279641381e+003  2.2237281331629001e+003  2.2198100850036990e+003  1.7602415438849921e+003  1.6701585982799434e+003
  1.0448999030288473e+004  6.4321532295590332e+003  3.7047157280059491e+003  3.6635610041456039e+003  3.3106447390610847e+003  2.7255077135682441e+003  2.3272296028464789e+003  2.3268158017189307e+003  2.3231553845011185e+003  2.3181719557938304e+003  1.9214674051686461e+003  1.8837402155633126e+003  1.8834823377915800e+003  1.8624664749734029e+003
