  3.8990644839605875e+006  2.6600665172870974e+006  2.0945510439895669e+006  9.5029380807036906e+005  4.3714144339512632e+002  1.7106868633489808e+002  1.7093164335257484e+002  1.7093164335257484e+002  1.2046382917956180e+000  1.2046382917956180e+000  1.2046382917956180e+000  1.2046382917956180e+000  1.2046382917956180e+000  1.2046382917956180e+000
  1.0144597699651067e+006  5.2559752939415607e+005  5.2528416047244077e+005  4.8169068070854666e+005  1.0155740653825569e+002  7.8489485866403356e+001  2.6321573260014702e+001  1.7572969057569935e+001  1.7572969057569935e+001  1.7567959845142013e+001  1.7567959845142013e+001  1.7567959845142013e+001  1.6440443574683968e+001  1.6387545266376492e+001
  1.6932491880767632e+006  1.4064951236908455e+005  1.4060593906602173e+005  4.6117165984363251e+004  4.6345705987149267e+002  2.3620147006643379e+002  3.4794687247463344e+001  2.8347651681848902e+001  2.7517009630931170e+001  9.9848654915979296e+000  9.9841083944702405e+000  9.9841083944702405e+000  9.9841083944702405e+000  8.6096439125994948e+000
  7.1194156541552453e+005  6.9893435658463615e+005  6.9875363359649689e+005  6.5755422927040156e+004  3.9173206271498020e+002  3.8523322405556337e+002  2.6944572251753198e+002  5.7451932836150490e+001  4.3109379641374517e+001  1.2965254440492345e+001  1.2874804361671977e+001  3.1934421800128803e+000  3.1934421800128803e+000  3.1934421800128803e+000
  4.6289195869890344e+005  4.6219642512819101e+005  2.4380437164383716e+005  1.9472634150035298e+005  6.3675481536204779e+002  1.8001845105399798e+002  1.8001845105399798e+002  1.7944710548443072e+002  1.6320044510203047e+002  8.1150733956703334e+001  4.9702269927294310e+001  4.9702269927294310e+001  4.9478909395474147e+001  4.2856927640851609e+001
  1.1409827017355124e+006  2.8500226424741850e+005  2.8452764274998120e+005  1.9106406844164513e+005  4.1763753927145626e+002  1.2076671236876359e+002  1.1855968067539766e+002  5.1930332834548153e+001  4.9979778743521138e+001  7.0487962391910060e+000  7.0487624631455219e+000  7.0487624631455219e+000  7.0151091911611729e+000  7.0032668139933776e+000
  1.4965309237259205e+006  1.4964285033846365e+006  1.0738548435252653e+006  1.0397319166726897e+006  3.9221814032029806e+002  2.5565609267027139e+002  1.9891300323740120e+002  1.4285826450966420e+002  1.7153697103410877e+001  1.7153697103410877e+001  1.5724045956206055e+001  1.4193961409433541e+001  3.9857727576475099e+000  1.6933139080008459e+000
  7.7035047744453151e+005  7.6951139060138201e+005  7.6948973849117232e+005  5.7676378667482035e+005  4.9764927068267662e+002  2.2577698146409330e+002  2.1123989423531179e+002  2.1123989423531179e+002  1.1800026182490274e+002  8.9227988821437521e+000  8.9201171858194357e+000  6.4040548006582867e+000  3.4907977319933252e+000  3.4907962794120522e+000
  3.0099371287794635e+006  2.2641644948109454e+006  8.9188725520868157e+005  7.4260270573648333e+004  2.1252266429789620e+002  1.9753339393736633e+002  1.9753339393736633e+002  1.7634439658667270e+002  9.8759475453550976e+001  9.2793244245035567e+001  3.3481836036992945e+001  2.9410928939500081e+001  2.7006716013839196e+001  2.4093897515040226e+000
  3.1013134021200771e+006  3.0217221964148399e+006  1.9180218135835771e+006  6.4655383418250817e+005  4.8460932525413227e+002  1.1247341093261230e+002  6.3557269184665074e+001  6.2148308332046781e+001  1.4010647089291297e+001  9.7588029088153689e+000  2.4092897879095290e+000  2.4083046925629787e+000  2.4070270299982894e+000  2.4064066643579736e+000
  5.7292287939900188e+006  4.6509483179062298e+006  4.1562889443875290e+006  1.6815574304547780e+006  8.5228868192838718e+001  5.4360050093255040e+001  3.9895731288174602e+001  1.5011901990856131e+000  1.4818601624890562e+000  1.4379837528454118e+000  1.4365840029506671e+000  1.4365805581683162e+000  1.4365803644830066e+000  1.4365785515551579e+000
  2.2292829687213274e+006  4.5363640716900321e+005  4.5359145141965366e+005  4.5327495359901286e+005  2.6764508226340786e+002  2.4015676928317748e+002  1.0267411711322893e+002  6.9568265319168177e+001  1.8904694871379206e+001  1.4136878688255820e+001  1.2439646325749209e+001  6.3902501008831223e+000  4.6220565972701024e+000  3.3695258273990021e+000
  6.7240221859628055e+005  6.7196183578137972e+005  6.0904405449067464e+005  1.4025901022571331e+005  6.6083908941978325e+002  1.1636602204250266e+001  8.7722152883177387e+000  8.7722152883177387e+000  8.7722152883177387e+000  8.7722152883177387e+000  8.0884346924619877e+000  8.0884346924619877e+000  8.0619038204476965e+000  7.1535467339949719e+000
  2.0501546918778219e+006  9.9971004992098385e+005  9.9970383858154097e+005  2.2155127535864149e+005  4.3768223997945415e+002  5.9594680019709585e+001  5.7775884173634722e+001  2.6639661562601987e+001  2.6639661562601987e+001  2.6639661562601987e+001  2.6639661562601987e+001  2.6639661562601987e+001  2.6639661562601987e+001  2.6639647306887809e+001
  2.4657118669029824e+006  4.8653692045790498e+005  4.8653551602881361e+005  1.6090824431146064e+005  6.5235838388069897e+002  1.8314626431735883e+002  7.9667283565569505e+001  6.8505626505450437e+000  6.8505626505450437e+000  6.3181494132445550e+000  6.3181494132445550e+000  2.4748089131830966e+000  2.4747891433298719e+000  2.4747309666374804e+000
  3.9920927101931190e+006  1.7694431738704278e+006  1.3445496532240892e+006  1.1104636233679762e+006  4.5036720718635570e+002  1.3814693729012561e+002  1.0993756728502899e+002  8.5910070241116273e+001  3.1196274562626058e+000  3.0403472378447987e+000  2.9971439803998692e+000  2.9970098642725134e+000  2.4750994826554233e+000  2.4750645229194106e+000
  4.4302387380689727e+006  7.8776402167639241e+005  2.7583039716084016e+005  2.7582970873859123e+005  5.9587392458335944e+002  1.2236883551355731e+001  4.6247606705019280e+000  3.7257454314969891e+000  1.6655012419209925e+000  1.6655012419187187e+000  1.6655012419187187e+000  1.6655007521139851e+000  1.6654988850359587e+000  1.6654947185891160e+000
  2.9093856678628079e+006  3.6972896207654418e+005  3.6972896207654418e+005  1.6453017744466357e+005  5.1238633565994405e+002  3.0426187975747712e+002  8.6260323531254699e+001  7.1856526436135482e+001  2.7370899125131928e+001  2.4396530335670832e+001  1.4160873136138434e+001  1.4160873136138434e+001  1.4160873136138434e+001  1.4057691470635973e+001
  2.9499197280385648e+006  9.7540602541457303e+005  9.7538345882901305e+005  9.7495933987392904e+005  2.8014051485995947e+002  3.7351705818984328e+001  2.5345913515019220e+001  2.4372532753660380e+001  2.4372531884459931e+001  6.6559938955733742e+000  6.6038810656070837e+000  6.4623255386900382e+000  6.4623255386900382e+000  6.4500676804100294e+000
  2.4252563626340749e+006  5.1586991310660803e+005  5.0595505849795870e+005  5.0554035158126394e+005  1.6804859493916820e+002  1.5571721181118846e+002  1.5571721181118846e+002  7.5383738292109228e+001  2.4094405725513752e+000  2.3042568684675189e+000  2.3042568684675189e+000  2.3042568684675189e+000  2.3042568684675189e+000  2.2654096384922013e+000
  1.9765143592448628e+006  5.9005557309606124e+005  8.4106725377820811e+004  6.4808793028717919e+004  3.1399214870048627e+002  2.0706045744952371e+002  3.3900543628663172e+001  2.5097865267414363e+001  2.4789750702695073e+001  2.2169641935516665e+001  7.9032226432400421e+000  7.9032226432400421e+000  6.0023365166759959e+000  5.5077152410378858e+000
  2.8502021167052356e+006  9.4981098438364628e+005  8.9394153713838267e+005  5.7460282302903233e+005  5.8210364638087640e+001  1.5833263499753912e+001  1.5833263499753912e+001  1.5833263499753912e+001  7.1615131931353062e+000  1.4425454555489523e+000  1.4327212293528646e+000  1.3579194979236036e+000  1.3563992300175869e+000  1.3562499568774911e+000
  6.5363683591838144e+006  4.4372419680127846e+006  1.5302998010943136e+006  7.2720832808839728e+005  2.6633013313504148e+002  2.6605262821341421e+002  2.3300810643932527e+002  1.5467495902552082e+002  1.2656150002956451e+002  1.4018785155529940e+001  1.3258898351251901e+001  1.2450368661445737e+001  1.2450368661445737e+001  1.2450367149622480e+001
  4.4765033675502287e+006  1.2096966732731641e+006  3.8205045087250898e+005  3.8104100043015648e+005  6.1984802935874131e+002  4.5639666507064248e+001  1.7435160864256659e+001  1.2945128264906089e+001  1.0368812655455031e+001  1.0368812655455031e+001  1.0368812655455031e+001  1.0368439268346037e+001  9.1999874852187986e+000  9.0956153816450751e+000
  4.3435374625826703e+005  1.2535381572180041e+005  1.2518544711713096e+005  1.2484421745536364e+005  3.4291205223970701e+002  1.5825620652222187e+002  5.8944865595210558e+001  5.0866594109252219e+001  4.9989134107993550e+001  3.3700666593024835e+001  2.0632714534676552e+001  2.0632714534676552e+001  2.0632714534676552e+001  1.3936555453049550e+001
  4.3311408137658238e+006  3.9539214483191213e+005  3.9514830380710505e+005  3.9472931487772893e+005  3.0935199379953769e+002  1.3765639994584058e+002  2.3908189998444186e+001  9.6045448188640421e+000  5.5050990400911815e+000  5.5050990400911815e+000  4.9294865415636195e+000  4.4352108950258753e+000  4.4352107139607142e+000  2.4441447192459691e+000
  9.2578504630706797e+005  6.7522037000938656e+005  1.1746431951942059e+005  1.1618415997909186e+005  2.6013866385237930e+002  1.1382295568095083e+002  7.9476145389768362e+001  4.1800664175713564e+001  3.7456366206251232e+001  2.4320350446870179e+001  1.2292645812833598e+000  1.2292645812833598e+000  1.2292645812833598e+000  1.2192961736902816e+000
  3.8761000606242445e+005  3.8735534797740396e+005  2.5215843229271955e+005  2.5194595803728019e+005  5.9062574558670485e+002  2.4734088152365598e+002  2.4734088152365598e+002  2.9473811113427473e+001  3.5480800989471390e+000  1.4407876482798656e+000  1.4401666344997466e+000  1.4190837763196669e+000  1.4190837763196669e+000  1.4190763824965416e+000
  3.5701612086678599e+006  2.4144139341240795e+006  2.9817020940126543e+005  2.4722185964086771e+005  2.7629507031005141e+002  2.0831232085144916e+002  2.2928633550873883e+001  1.9574322635235376e+001  1.9574322635235376e+001  9.5861443029302791e+000  4.4425312773696533e+000  4.4425312773696533e+000  4.4425312773696533e+000  3.3198328963242147e+000
  1.5821455267998448e+006  1.5819415910114795e+006  5.2085015188518428e+005  5.2052598707871942e+005  3.8393953159802368e+002  5.8698211207989061e+001  5.1704820112405287e+001  5.0247966024461221e+001  4.9175102214014487e+001  4.9175102214014487e+001  1.6356507135227275e+001  1.6356507135227275e+001  1.6356507135227275e+001  1.6356506948483002e+001
  6.2813663175689112e+006  9.5260638254509796e+005  6.5295177045217925e+005  6.5293535314301623e+005  1.7947418019055476e+002  1.7947418019055476e+002  7.0371605816938654e+001  2.7206831542398277e+001  1.3580084628613349e+001  1.3580084628613349e+001  1.3580084628613349e+001  1.3580084628613349e+001  1.3580082990373057e+001  1.3580082309541240e+001
  5.2866518729716884e+006  4.4009058543120883e+006  4.4006533389808582e+006  8.9753522284068156e+005  3.3204534359369518e+002  2.1772679334778195e+002  1.7039475682489592e+002  1.6583182917476006e+002  1.3467140533946235e+002  1.3461398332025669e+002  1.3461398332025669e+002  7.0689027236371658e+000  2.2917144158898282e+000  1.2042489146979278e+000
  7.8293577747436939e+005  7.0810461005691777e+005  7.0736452665586234e+005  3.6585576999575802e+004  6.3830496554135971e+002  1.4214324159584044e+002  4.8399243696078202e+001  4.0533584973937195e+001  1.5927326398257264e+001  1.4853281106880786e+001  1.1608924334854009e+001  1.1591841390629952e+001  1.1591597107844336e+001  5.3926156841653210e+000
  1.9018571165981696e+006  7.0916663085091929e+005  7.0883742868541135e+005  1.5392467371572572e+005  1.2890122169262190e+002  9.3737628685958043e+000  7.0951751924756081e+000  6.6354669501288299e+000  6.6354669501288299e+000  1.4469654130728031e+000  1.4469654130728031e+000  1.4469607025309870e+000  1.4469607025309870e+000  1.4469359013041867e+000
  3.5286293864067132e+006  2.0167516885085712e+005  1.1229167390768693e+005  8.8529315662321897e+003  4.1737842260622801e+002  2.4630773457105533e+002  1.6642472923332662e+002  5.4005310046160503e+001  2.9112814253655870e+001  2.9112814253655870e+001  2.9112814253655870e+001  2.9112060660613224e+001  2.8813252596005668e+001  1.8727956070056507e+001
  1.7238583043591012e+006  4.0963001763495035e+005  4.0960416926289495e+005  4.0959978051384666e+005  3.3544702284111054e+002  2.0349136282559425e+002  2.0255886116843772e+002  8.5542805306585024e+001  8.5499894350713248e+001  2.6145300888792917e+000  2.6145300888792917e+000  2.6145300888792917e+000  2.6145300888792917e+000  2.6145299394927406e+000
  8.3306740740150260e+005  2.3922179537435743e+005  1.1513416531073021e+005  1.1471201596873785e+005  3.6533320522952999e+002  2.5302994351737357e+002  1.8008589647691497e+002  4.4768321404568269e+001  1.1443608711968636e+001  6.4981287826954031e+000  6.4981287826954031e+000  6.4981188691517673e+000  6.4980485738087737e+000  6.4980085020254137e+000
  2.4616527931547025e+006  3.1645310342744371e+005  3.1637593568384921e+005  2.3085812435962795e+005  5.7277478384503775e+002  4.5760170096735692e+001  1.0920652332586087e+000  1.0920652332586087e+000  4.4507492828392969e-001  4.4384604541824046e-001  4.4384604541824046e-001  4.4384604541824046e-001  4.4384604541824046e-001  4.4384491805681137e-001
  2.7134110440459056e+006  1.8448993532012179e+006  1.3331273187406117e+006  6.8846048081559478e+005  5.4326063642424515e+002  1.4978077631917768e+002  1.4881970690944900e+002  1.0992209594082715e+002  3.4842706247648039e+000  3.4842706247648039e+000  3.4842706247648039e+000  3.4842615389791263e+000  3.4065776388501945e+000  3.4065773206903032e+000
  1.7893246182928816e+005  1.7855521014978219e+005  1.7853862108082997e+005  1.7852030040204371e+005  5.3791288913467906e+002  2.1574025580398256e+001  1.2041793464573402e+001  5.7062180000343687e+000  5.5846364581343551e+000  5.5846364581343551e+000  4.4061413962542701e+000  2.2080725972057280e+000  1.4344068713783145e+000  1.4308518412083231e+000
  2.5175243769576354e+006  2.5172908711372232e+006  7.4833152719803737e+005  6.7368659581900178e+005  4.8119644626766922e+002  3.3358612750081420e+001  2.9044892407123825e+001  1.8610918560251321e+001  1.8518811580982856e+001  1.8518811580982856e+001  1.8518811580982856e+001  1.6233783353435456e+001  1.6231715471991720e+001  1.6153366639237447e+001
  3.9418193099220814e+006  3.7870182808115222e+006  1.5025205545251302e+006  1.0259948464967011e+006  8.0073938345879378e+002  1.9677906451502577e+002  1.5322977809658232e+002  1.4838008441642432e+002  1.3814899896624433e+002  5.2056200597192401e+001  2.0601699770721325e+001  2.0601699770721325e+001  1.0975938678487637e+001  8.3878290510792795e+000
  1.9239702849740439e+005  1.9191982441147606e+005  1.8756974285008237e+005  1.8739674016921272e+005  5.3272025994180694e+002  1.7013424372467375e+002  6.3736091900873134e+001  6.1439998090928611e+001  6.1439998090928611e+001  5.1221564639567305e+001  5.1221564639567305e+001  2.2968483245145762e+001  1.9355622273703148e+001  1.2297129546331689e+001
  7.1279147852798365e+005  7.1279147852798365e+005  7.1243821996497584e+005  1.3279114187808824e+005  4.8901050044624253e+002  6.0000321157331427e+001  3.6667638707242759e+001  1.3753722458040102e+001  1.3306271683759860e+001  1.0151270305655089e+000  1.0150036430311502e+000  1.0150036430311502e+000  1.0150036430311502e+000  1.0149817520509714e+000
  5.8408345800664963e+005  5.8343402908733604e+005  3.8588020145393186e+005  3.7862714784022165e+005  1.9540354989410685e+002  1.5984414238305408e+002  1.0371109638197277e+002  1.7668594368807817e+001  1.3199513874980084e+001  9.2545826725033749e+000  7.1454335203886785e+000  6.2354460711489992e+000  6.2354460711489992e+000  6.1893642337577148e+000
  5.4357148213830637e+006  2.8601201591163729e+006  1.1270332201614911e+006  6.5341883102499566e+005  3.4513537527943117e+002  4.4112849355544995e+001  4.4112849355544995e+001  4.2773511432792475e+001  4.2434435162055479e+001  4.2185758939640209e+001  4.2185758939640209e+001  4.2185758939640209e+001  4.2185758939640209e+001  4.2185758939640209e+001
  3.4999195036238050e+006  2.4409522715425570e+006  9.6381746636733052e+005  6.4867809360330598e+005  2.4351579290572909e+002  1.3590928901259235e+002  9.5335714921119688e+001  9.5335714921119688e+001  9.5335714921119688e+001  9.1154514627256958e+001  8.9772835623321498e+001  8.9772835623321498e+001  3.2378795871969260e+001  3.2152282573212915e+001
  4.2620047989001987e+005  4.2551399534190568e+005  3.8405229696215549e+005  3.8380007405368710e+005  5.9099212544130842e+002  8.5481309170106670e+001  8.0786075084135291e+001  7.9833684875292874e+001  7.2477940752069344e+001  3.5827442296791332e+001  1.1115597569214970e+001  7.6765962549354754e+000  5.6985791229990355e+000  2.8027716081921881e+000
  1.1191331526189377e+006  1.1185036889436417e+006  1.1181133351858875e+006  3.8973801433236263e+005  4.7474312250083995e+002  4.1659834078298900e+001  4.1659834078298900e+001  4.1244882277692341e+001  1.7967392444229517e+001  1.7605721943848721e+001  3.4895510262344942e+000  2.4999207824491805e+000  2.4999207824491805e+000  2.4994986992089707e+000
  1.2297429259654076e+006  1.2294725881202363e+006  4.0962211835661292e+005  1.1735326540000718e+005  7.4868965267713929e+002  3.4856629066010146e+002  3.4485144541843056e+000  3.4429832905091189e+000  3.4429832905091189e+000  2.8842891486110602e+000  2.6856346275601481e+000  2.6731093553401024e+000  2.6731043332476929e+000  2.6727541296502295e+000
  1.8579957403980175e+006  1.8578864256009464e+006  3.9906996217421943e+005  2.9050819902674685e+005  5.6390363612234796e+002  8.6235910428555144e+001  2.2455143874716441e+001  2.2455143874716441e+001  1.5940159327763240e+001  1.5940159327763240e+001  1.4274864298013654e+001  1.4261746476643566e+001  1.4261746476643566e+001  1.4259916080811308e+001
