  5.7977997630904065e+002  4.2664663961452698e+002  4.2664663961452698e+002  4.2664663961452698e+002  1.0278060921164933e+002  2.7921211699634569e+001  2.3115504744071586e+001  2.3115504744071586e+001  2.3115504744071586e+001  2.2726986683358064e+001  1.2946926795507352e+001  8.7739653791395540e+000  8.7739653791395540e+000  6.5631286333655225e+000
  4.9683414337413024e+002  4.9058108494132284e+002  4.9058108494132284e+002  4.7775604648754552e+002  4.1187476224938746e+002  3.6417911528172908e+002  3.5788257348182833e+002  3.5201354525277520e+002  1.4221046073762636e+002  3.1240787831675334e+001  2.4842951758190338e+001  2.4842951758190338e+001  2.4006050406462691e+001  2.4006050406462691e+001
  2.0662932596412020e+002  1.8223737451527677e+002  1.3090119379900398e+002  1.0130667396168428e+002  3.3715670469238830e+001  3.3715670469238830e+001  3.0212685544857322e+001  1.5092106909334234e+001  7.5852956313674440e+000  7.5852956313674440e+000  6.5075897964043179e+000  6.5075813471139554e+000  6.5075813471139554e+000  6.5075813471139554e+000
  3.0252901895446985e+002  1.8688654471474320e+002  1.0157502673156478e+002  1.0099974180959816e+002  7.8620176716268361e+001  1.0237926311830961e+001  9.6758003853583432e+000  9.6758003853583432e+000  9.6758003853583432e+000  9.6758003853583432e+000  9.3457512881777802e+000  7.2530162304306032e+000  5.9689303978452699e+000  4.6835582352309757e+000
  3.2021247525714034e+002  1.0666717436263662e+002  5.3868433566513431e+001  2.7194666937079546e+001  1.7930878078142996e+001  8.8695405987696176e+000  7.3509014413702971e+000  7.3509014413702971e+000  7.3509014413702971e+000  7.3509014413702971e+000  7.3509014413702971e+000  7.3509014413702971e+000  7.3509014413702971e+000  7.3509014413702971e+000
  4.6931398244096818e+002  3.8708105126999226e+002  2.0058581191175153e+002  1.0060046618727074e+002  5.8976479917455435e+001  1.0457287088324392e+001  7.9600429879496915e+000  7.7482783914488209e+000  7.7482783914488209e+000  3.8647554615063200e+000  3.8647554615063200e+000  3.8647554615063200e+000  3.8647554615063200e+000  3.8647554615063200e+000
  4.8745227994376273e+002  4.5682230341390277e+002  4.2951477013631802e+002  6.2553175201144768e+001  3.4482849577519119e+001  1.6675611825690794e+001  1.6675611825690794e+001  1.4947714983757123e+001  1.4481838876688926e+001  1.4481838876688926e+001  1.0434844688872090e+001  5.9742505960130075e+000  5.9742505960130075e+000  5.9742505960130075e+000
  4.7378403257928585e+002  4.1723849401419056e+002  4.1188847284519670e+002  4.1035678336035880e+002  4.1002343707996488e+002  3.8870391810350247e+002  3.6398473168963301e+002  3.5593659793707729e+002  3.4565130774194677e+002  3.4565130774194677e+002  3.3508035709728165e+002  3.3507085419156874e+002  1.6297560913378175e+002  8.9498218220571289e+001
  4.7754960180689204e+002  4.7754960180689204e+002  4.3798586133534172e+002  4.3502275935051466e+002  4.1511077174980892e+002  4.0861192767951161e+002  3.7639665254006150e+002  3.5886879384225722e+002  3.5046025125426422e+002  3.3625395104337440e+002  3.3506949534653040e+002  3.3157194019071676e+002  3.2786626762827382e+002  3.2763480594753173e+002
  4.7607118718525317e+002  3.6032151906689251e+002  3.1072380975235774e+002  1.7301188677792379e+002  1.5354712767863975e+002  1.0029065242338675e+001  1.0027512729251157e+001  8.1777088945259493e+000  8.1777088945259493e+000  8.1777088945259493e+000  8.1777088945259493e+000  8.1777088945259493e+000  8.1777088945259493e+000  8.1777088945259493e+000
  4.5354930833926619e+002  2.8405704424687883e+002  2.1086624550132547e+002  1.7458521860869905e+002  1.0665532380284412e+002  1.6337933579584842e+001  1.6337933579584842e+001  1.5061381343392441e+001  1.5061381343392441e+001  1.5061381343392441e+001  1.5038681685091888e+001  1.2020491796292390e+001  5.7407181501107516e+000  5.7407181501107516e+000
  4.2468310336597870e+002  4.2202076626495636e+002  4.2199032413879286e+002  4.1786713448923001e+002  5.0275602090795928e+001  1.1575611202583332e+001  1.0359587324472159e+001  9.5883062721527494e+000  8.9634092593469177e+000  8.9634092593469177e+000  8.9634092593469177e+000  8.9634092593469177e+000  6.2440204934509893e+000  6.2440204934509893e+000
  5.1838371780919897e+002  4.3357021617929377e+002  3.7825240275443957e+002  2.0513412881204204e+002  8.3217027565717217e+001  1.2662856299589293e+001  6.3462424448498496e+000  6.3462424448498496e+000  6.3462424448498496e+000  6.3462424448498496e+000  6.3462424448498496e+000  6.3462424448498496e+000  6.3462424448498496e+000  6.3462424448498496e+000
  4.1536250998203650e+002  2.6298447015632701e+002  1.3784930270304676e+002  5.3167690854650573e+001  1.2217206467371852e+001  1.2217206467371852e+001  1.1072831668384424e+001  1.1072831668384424e+001  7.3069678199190093e+000  6.1501849877931818e+000  5.2769959618140092e+000  5.2769959618140092e+000  5.2769959618140092e+000  5.2769959618140092e+000
  1.9155705041751662e+002  1.4889937902310839e+002  1.2342209682139719e+002  9.0032739810981639e+001  5.1439557612068711e+001  9.8565799279117527e+000  9.8565799279117527e+000  9.8565799279117527e+000  9.8565799279117527e+000  9.8565799279117527e+000  9.8565799279117527e+000  8.5040806838360368e+000  8.5040806838360368e+000  8.5032941269437288e+000
  5.2731434725612826e+002  4.2038712410694188e+002  4.1655654886364528e+002  4.1098840604776433e+002  4.0925184920244419e+002  3.9046861236406585e+002  5.9076511957565344e+001  1.4463484228518155e+001  1.4463484228518155e+001  1.4463484228518155e+001  1.4463484228518155e+001  1.4463484228518155e+001  1.4463484228518155e+001  1.4463484228518155e+001
  5.3958444997619699e+002  4.3651258750852458e+002  4.3651258750852458e+002  4.1256344698909015e+002  4.1072810410106331e+002  2.6985736475995509e+001  2.0244336789496629e+001  2.0244336789496629e+001  1.2415540165334733e+001  1.2415540165334733e+001  1.0812754398414199e+001  1.0812754398414199e+001  8.9677453748854532e+000  7.0899258727035885e+000
  4.2010419554087275e+002  4.0816150858304491e+002  4.0816150858304491e+002  4.0768783917456358e+002  4.0670876693644959e+002  3.9042245321418386e+002  1.3769649383577053e+002  6.7831653612494847e+001  2.7962373678925360e+001  2.5645433517055153e+001  2.0355880221995449e+001  1.3632395480502964e+001  7.8596925134374942e+000  7.8596925134374942e+000
  3.7057100006382461e+002  1.1165517852948778e+002  7.6871098528506536e+001  3.1300248471359282e+001  2.5676926874569290e+001  2.3149640667695621e+001  1.6995443162258198e+001  1.6783892302282311e+001  1.5733506582961581e+001  1.5733506582961581e+001  1.5261733581111457e+001  1.3056537156806371e+001  1.3056537156806371e+001  1.3056537156806371e+001
  5.1579316572626158e+002  4.0389941813012456e+002  1.3077179169083684e+002  5.6545972619779150e+001  5.2040697008346342e+001  1.6237333488558306e+001  1.3858106396749008e+001  1.2817510784078877e+001  1.1197315778413213e+001  1.1197315778413213e+001  1.1197315778413213e+001  1.1197315778413213e+001  1.1197315778413213e+001  1.1197315778413213e+001
  3.9621204728500652e+002  2.2649984440336857e+002  1.6798131101993340e+002  9.3631089393866660e+001  4.2461033348978617e+001  9.9985275325625480e+000  9.9985275325625480e+000  9.9985275325625480e+000  9.9985275325625480e+000  9.9985275325625480e+000  9.9985275325625480e+000  9.9985275325625480e+000  8.5984380806962690e+000  8.5984380806962690e+000
  4.6052428767885795e+002  4.3025999273612342e+002  4.2136026304433153e+002  4.2136026304433153e+002  4.1022063860222170e+002  2.7991927562485216e+001  1.5739545561435989e+001  1.5739545561435989e+001  1.5739545561435989e+001  1.5739545561435989e+001  1.5739545561435989e+001  1.5739545561435989e+001  1.5739545561435989e+001  1.5739545561435989e+001
  3.6502440973770490e+002  2.7268217998457385e+002  2.4652479652969214e+002  1.3488571255328816e+002  3.0858789755558519e+001  1.9317353495573116e+001  1.6015056442056448e+001  1.5924457833308225e+001  1.5900124543501533e+001  1.3167260309623998e+001  1.3071882938624185e+001  1.1412540115216871e+001  7.9859258930227952e+000  7.9837432140025157e+000
  4.5660930013187772e+002  4.2117010405392875e+002  4.0988382529497858e+002  4.0936756085513844e+002  4.0621372385889481e+002  3.8907715900353787e+002  3.7064001883622859e+002  3.6296973604598179e+002  3.5879301442801034e+002  3.5464569385040613e+002  3.4999110021580100e+002  3.4706133392351921e+002  3.3486769233977975e+002  3.2423738008362125e+002
  4.7256497845173817e+002  4.6295489434247474e+002  4.5569166294039042e+002  4.4459985136625346e+002  1.4556299915714862e+002  1.7454527244741712e+001  1.4220912535802654e+001  1.1207894384758220e+001  5.5544389101014531e+000  5.5544389101014531e+000  5.5544389101014531e+000  5.5544389101014531e+000  5.5544389101014531e+000  5.5544389101014531e+000
  4.9654352760458642e+002  4.4205779612305423e+002  4.0132855561099177e+002  2.1665642716153616e+002  1.3653604326805862e+002  1.0882472170219444e+001  1.0882472170219444e+001  1.0882472170219444e+001  1.0882472170219444e+001  1.0882472170219444e+001  1.0882472170219444e+001  1.0882472170219444e+001  1.0882472170219444e+001  1.0882472170219444e+001
  5.1490399098729677e+002  4.1946933505107472e+002  4.1946933505107472e+002  4.1100985891454138e+002  4.0510500225532905e+002  3.8066930100617401e+002  9.2068274469097560e+001  4.6324939730784081e+001  1.4949583598353911e+001  1.4949583598353911e+001  1.4949583598353911e+001  1.4949583598353911e+001  1.4949583598353911e+001  1.2547909506673932e+001
  3.5892531688239796e+002  1.6109364895615772e+002  1.4745896063306554e+002  9.2450882623569669e+001  7.4062597677825579e+000  7.4062597677825579e+000  7.4062597677825579e+000  7.4062597677825579e+000  7.4062597677825579e+000  7.4062597677825579e+000  7.4062597677825579e+000  7.4062597677825579e+000  7.4062597677825579e+000  7.4062597677825579e+000
  4.3295853614088173e+002  4.0816182408592704e+002  1.1510827829701884e+002  7.6273693661081779e+001  3.0371552175965007e+001  5.3110642786518838e+000  5.3110642786518838e+000  5.3110642786518838e+000  5.3110642786518838e+000  5.3110642786518838e+000  5.3110642786518838e+000  5.3110642786518838e+000  5.3110642786518838e+000  5.3110642786518838e+000
  4.9617532693641851e+002  3.8224441482865586e+002  1.5682937255030038e+002  8.4673036167452210e+001  1.5049703415444128e+001  1.2427840616453068e+001  1.2427840616453068e+001  1.2427840616453068e+001  1.0954403051361169e+001  1.0954403051361169e+001  1.0954403051361169e+001  1.0954403051361169e+001  1.0330605620784354e+001  8.2299400009187593e+000
  5.2506699847837535e+002  4.3098398602447651e+002  4.1675633939025192e+002  1.3726202051468272e+002  6.4833325028606396e+001  1.1276008726355030e+001  1.1276008726355030e+001  1.1276008726355030e+001  1.1276008726355030e+001  1.1276008726355030e+001  1.1276008726355030e+001  1.1276008726355030e+001  1.1276008726355030e+001  1.1276008726355030e+001
  2.4241977735120327e+002  1.8762985324596912e+002  1.4395411709443897e+002  1.2262933306422383e+002  1.0082836411274548e+002  3.6460938868312951e+000  3.6460938868312951e+000  3.6460938868312951e+000  3.6460938868312951e+000  3.6460938868312951e+000  3.6460938868312951e+000  3.6460938868312951e+000  3.6460938868312951e+000  3.6460938868312951e+000
  1.6863445463538346e+002  8.1874096697176810e+001  7.6034690055786086e+001  3.4133535020270756e+001  2.1270040564887040e+001  7.2629207686563859e+000  7.2629207686563859e+000  7.2629207686563859e+000  7.2629207686563859e+000  7.2629207686563859e+000  7.2629207686563859e+000  7.2629207686563859e+000  7.2629207686563859e+000  7.2629207686563859e+000
  4.7643465673197306e+002  4.2692205063436950e+002  3.8269758317034393e+002  2.0647069444306226e+002  1.1363573650489479e+002  6.7797682653887477e+001  2.0608350826216338e+001  2.0608350826216338e+001  2.0608350826216338e+001  2.0608350826216338e+001  8.8634348554401186e+000  8.1934902181387770e+000  8.1934902181387770e+000  7.3078720609041738e+000
  4.3277612619590900e+002  4.3273776226815789e+002  4.3273776226815789e+002  4.0807649076891857e+002  3.9528760170716259e+002  3.7210753314853264e+002  2.5479082573236155e+001  1.1745506175142509e+001  1.1745506175142509e+001  1.1745506175142509e+001  1.1745506175142509e+001  1.1745506175142509e+001  1.1745506175142509e+001  1.1745506175142509e+001
  4.5557034201640408e+002  4.3031288867126750e+002  4.1738355691828565e+002  4.1298417713077015e+002  4.1275276878897375e+002  3.9648932252279064e+002  3.7450116813872955e+002  3.5761356842507121e+002  3.4159575708903139e+002  3.4159575708903139e+002  3.3964706014542980e+002  3.3964706014542980e+002  3.3130788914076220e+002  3.2426441758710826e+002
  3.4543984747240756e+002  3.4369108268738137e+002  3.4058815944276694e+002  3.2378725565993909e+002  8.3857675109966749e+001  2.0895581968267834e+001  1.1594884388076480e+001  1.1488607191996834e+001  8.9652657256988277e+000  8.9652657256988277e+000  8.9652657256988277e+000  8.9652657256988277e+000  8.9652657256988277e+000  7.6472781432839838e+000
  1.8566502911372663e+002  1.7180389632581091e+002  1.4444719282103870e+002  1.1864042154583376e+002  3.0696676831386412e+001  8.0790665554059160e+000  8.0790665554059160e+000  8.0790665554059160e+000  8.0789150213463472e+000  8.0789150213463472e+000  8.0789150213463472e+000  8.0789150213463472e+000  8.0789150213463472e+000  8.0789150213463472e+000
  4.4859760248832072e+002  4.2917340626623900e+002  4.2297124873120856e+002  4.2297124873120856e+002  4.0741045127741654e+002  3.8779628799321836e+002  3.7346123489301681e+002  2.2509395671357106e+002  4.6423102695490797e+001  1.9809934520345905e+001  1.4381153173043458e+001  1.2757361181731540e+001  1.2587778739096848e+001  1.0153894439378746e+001
  2.3315693419827585e+002  2.2907384730315516e+002  1.5033489557886378e+002  1.0882920042916294e+002  3.9060926036248475e+001  1.0755064798772310e+001  7.8577377239394082e+000  7.8577377239394082e+000  7.8577377239394082e+000  4.0615513396310234e+000  4.0615513396310234e+000  4.0615513396310234e+000  4.0615513396310234e+000  3.2057287407537842e+000
  2.8673806136356097e+002  1.2575110754928937e+002  1.2575110754928937e+002  8.7855800017058300e+001  4.1021675682044588e+001  7.6157255800853818e+000  5.2614378239486541e+000  5.2614378239486541e+000  5.2614378239486541e+000  5.2614378239486541e+000  5.2614378239486541e+000  5.2614378239486541e+000  5.2614378239486541e+000  5.2614378239486541e+000
  4.4235061605003330e+002  1.3818201611230370e+002  7.7564841767569305e+001  6.0570297589904840e+001  3.8212417020372868e+001  2.4474753910229992e+001  2.0628258702831317e+001  2.0628258702831317e+001  2.0628258702831317e+001  2.0599551898397294e+001  2.0599551898397294e+001  1.8133536917449874e+001  1.8133536917449874e+001  1.8133536917449874e+001
  2.0497430851635636e+002  1.2380619272165677e+002  6.4875860225795350e+001  4.4732897378100461e+001  4.4732897378100461e+001  7.4763310821053892e+000  7.4763310821053892e+000  7.4763310821053892e+000  7.4763310821053892e+000  7.4763310821053892e+000  7.4763310821053892e+000  7.4763310821053892e+000  7.4763310821053892e+000  7.4763310821053892e+000
  4.2748230558210253e+002  4.2748230558210253e+002  3.9611262214919179e+002  1.0537083151473507e+002  9.7705455641079425e+001  2.4884516263412934e+001  2.0554819023931941e+001  2.0554819023931941e+001  2.0554819023931941e+001  1.5276226041100472e+001  1.5276226041100472e+001  1.5276226041100472e+001  1.5276226041100472e+001  1.4652118709351726e+001
  4.4377170980465235e+002  4.2836941237277006e+002  4.1002917041105638e+002  2.1591942961920086e+002  1.0555765748023532e+002  9.3530599003797761e+000  9.3521427614796266e+000  9.3521427614796266e+000  9.3521427614796266e+000  9.3521427614796266e+000  9.3521427614796266e+000  9.3521427614796266e+000  9.3521427614796266e+000  9.3521427614796266e+000
  4.7159815232776191e+002  4.4381131982013721e+002  4.4381131982013721e+002  4.2473606999432877e+002  2.4471615409424385e+002  3.4142755318267973e+001  1.6814410237310312e+001  1.3124831562857253e+001  1.1617020786720786e+001  1.0628393740008960e+001  6.0078988381310410e+000  6.0078988381310410e+000  6.0078988381310410e+000  6.0078988381310410e+000
  4.2371871813298276e+002  2.4014429822072407e+002  2.1793829008197827e+002  1.7089096110506762e+002  9.1523762098881889e+000  9.1523762098881889e+000  9.1523762098881889e+000  9.1523762098881889e+000  9.1523762098881889e+000  9.1523762098881889e+000  9.1523762098881889e+000  9.1523762098881889e+000  9.1523762098881889e+000  9.1523762098881889e+000
  4.6357491008152829e+002  1.6280461502243588e+002  1.5548922928498314e+002  1.4606315861501389e+002  4.0157652462213719e+001  9.5838486016564275e+000  9.5838486016564275e+000  9.5838486016564275e+000  9.5838486016564275e+000  9.5838486016564275e+000  9.5838486016564275e+000  9.5838486016564275e+000  9.5838486016564275e+000  9.5838486016564275e+000
  4.6523538813397772e+002  4.1744587522329903e+002  4.1452702748476258e+002  4.1350686480918057e+002  4.1257429713879037e+002  1.0641811139942001e+002  7.9389743631800229e+000  7.9389743631800229e+000  7.9389743631800229e+000  7.9389743631800229e+000  6.7294001080740600e+000  6.3642670326335065e+000  5.9364858280441695e+000  4.7768468895255864e+000
  3.2784110490330613e+002  2.6673785152511891e+002  2.6673785152511891e+002  2.2264132572234439e+002  9.5144224403006774e+001  2.0398996497489406e+001  1.5926015117710904e+001  8.8372808858366625e+000  5.3539315012221778e+000  5.3539315012221778e+000  5.3539315012221778e+000  5.3539315012221778e+000  5.3539315012221778e+000  5.3539315012221778e+000
  4.5104728732558715e+002  4.1142455903661767e+002  4.1142455903661767e+002  4.1109838546974834e+002  1.0431177254485283e+002  4.5144019044543256e+001  7.6276219823753308e+000  7.6276219823753308e+000  7.6276219823753308e+000  7.6276219823753308e+000  7.6276219823753308e+000  7.6276219823753308e+000  7.6276219823753308e+000  7.6276219823753308e+000
