  7.1581883816459776e+002  2.8223005902805062e+002  1.4561915078667198e+002  1.1274075200989091e+002  7.9232366102395645e+001  6.8132419925514341e+001  6.0860427386105130e+001  5.3344493825080917e+001  5.1147951163357220e+001  4.8127212610094375e+001  4.6753407834050449e+001  4.5490230750266164e+001  4.3586382007576731e+001  4.3213650308031674e+001
  7.1483808260792193e+002  2.8754092731952323e+002  1.6413203506086393e+002  1.2318403150234280e+002  8.5742234075725264e+001  6.6865089494536505e+001  5.7161006913104757e+001  5.4373247668867634e+001  4.9291445843894280e+001  4.8287717631608530e+001  4.5328731694824000e+001  4.2801593702616401e+001  4.2554524915231696e+001  4.1101518519905994e+001
  7.1003398333902715e+002  2.3044715445449538e+002  1.4885551756545510e+002  1.1655500115014092e+002  7.2256636259922516e+001  6.5239468985990925e+001  6.0566142912797432e+001  5.4037102781621797e+001  4.7184912815519510e+001  4.6226029790894472e+001  4.3605203771564675e+001  4.0144899196444385e+001  4.0043282395514098e+001  3.6187911571976656e+001
  6.2191416050446605e+002  2.7861610019183763e+002  1.4425001338210632e+002  1.2416999579822436e+002  6.5277112828611735e+001  4.0692550919461155e+001  3.9507434571606609e+001  3.7511961290792215e+001  3.5919000543389984e+001  3.5904305084999123e+001  3.4095269781390243e+001  3.3672330594149798e+001  3.3543655211847636e+001  3.0047944733536269e+001
  6.9645284709068574e+002  1.7946306120128338e+002  1.5410511497718926e+002  1.2139599039680115e+002  8.6322648065880912e+001  6.9483912361438342e+001  5.8651116741031274e+001  5.2950236690026259e+001  4.9250731747456257e+001  4.5599367137723220e+001  4.2957582202598587e+001  4.1803014052122990e+001  4.0732659532887283e+001  3.7093173766667178e+001
  4.9419692017725538e+002  2.4127368998121619e+002  1.4747823814525736e+002  1.1121245715512828e+002  6.2851382903730155e+001  5.0587033534116699e+001  3.8270194206636461e+001  3.7122624872685265e+001  3.6974505979913602e+001  3.5918335876838910e+001  3.5236565223959360e+001  3.4812976909016470e+001  3.4745225214803895e+001  3.4740055071676579e+001
  7.9867808818676713e+002  2.3314050389011254e+002  1.6870592575049795e+002  1.5234720478448480e+002  7.6157861958711237e+001  5.6275065694848990e+001  4.9116174355759085e+001  4.6696159319165417e+001  4.3194832987758446e+001  4.0442876189094250e+001  3.6867313096333874e+001  3.2460750647187979e+001  2.7786613073691115e+001  2.7305915966684779e+001
  6.0004777935251468e+002  2.7063442998359233e+002  1.9851507713029105e+002  1.1871530313314292e+002  7.9803969294840272e+001  6.3401248406095874e+001  5.7873798490264335e+001  5.3903168333827352e+001  4.8212206545070103e+001  4.4487363085423112e+001  4.3268880448153368e+001  4.0668581011758761e+001  3.3906515526481144e+001  3.1090829419601732e+001
  7.3109385554113214e+002  2.6830371442274873e+002  1.6614021217294066e+002  1.1203465123556794e+002  8.5690387703486749e+001  7.3512718375978011e+001  5.2517425536943392e+001  4.8178024863716701e+001  4.5351859191292533e+001  4.4200206151652765e+001  3.9554286719348056e+001  3.7851616669249097e+001  3.6568453472617421e+001  3.5837502809793477e+001
  8.2558897707061078e+002  3.1816549476089358e+002  1.8563922374860931e+002  1.2780106537626398e+002  8.2176709611103661e+001  6.4660410250766745e+001  5.8760959584781176e+001  5.2821437630759874e+001  4.9372074415394309e+001  4.7537905486222826e+001  4.6227851478613729e+001  4.0822246480038757e+001  3.8974930191961221e+001  3.6770643196172841e+001
  8.9834642424190906e+002  2.6247612580624900e+002  1.3899647286661002e+002  1.1608017633955274e+002  7.3123639348042843e+001  6.4306752727158255e+001  5.6158168411807083e+001  5.1212664805629629e+001  4.9239744792535248e+001  4.5344387304720840e+001  4.3930775993553652e+001  4.3477142936395921e+001  4.1204689805997987e+001  3.7940050208586854e+001
  8.3649642301686390e+002  3.3687215627803744e+002  1.6788812153323170e+002  1.2485314439743343e+002  7.3485208860577359e+001  5.6040563278066202e+001  4.9853205919177071e+001  4.9166171407399361e+001  4.6125434449045770e+001  4.5288395037419377e+001  4.3794571551412218e+001  4.0298255711226830e+001  3.7983711308084821e+001  3.6408265696559738e+001
  7.7772579174295561e+002  2.8363007534092412e+002  1.5401772804231405e+002  1.0869593700284463e+002  7.6593003719444823e+001  6.1290975542737669e+001  5.3720169115849785e+001  5.0131647617481121e+001  5.0112447092201137e+001  4.7367810278776233e+001  4.6162578513948802e+001  4.5463185437906986e+001  4.2002452821086763e+001  3.4189243460667967e+001
  7.8760015255859616e+002  2.3695438938804273e+002  1.6429992222961255e+002  1.4403971143442027e+002  8.7007230143279912e+001  6.5925479279916772e+001  5.4869020612727127e+001  5.3289694168342066e+001  5.2350499404520633e+001  5.0999659141435814e+001  4.6507913077789681e+001  4.5044556767997847e+001  4.3556272796860185e+001  4.2191358443488753e+001
  6.8324504013169235e+002  2.5556271089624533e+002  1.5061524725248182e+002  1.1979104910502610e+002  7.9474017771223771e+001  6.7951890714366982e+001  5.9147777171573352e+001  5.5327471040498267e+001  5.0693619523316556e+001  4.8219085720205840e+001  4.6573253604349475e+001  4.4715071348230367e+001  4.2448611894240912e+001  4.0933735138261909e+001
  5.8518301723116201e+002  2.3028151308656152e+002  1.7362905133850018e+002  1.1644551019372011e+002  7.4020234538501882e+001  6.0901693095785504e+001  5.4321310377884174e+001  5.0313970423132560e+001  4.4249296851814961e+001  4.2309841556650781e+001  3.9153926123744441e+001  3.5917787689270881e+001  3.1965376520645350e+001  2.9357982016004144e+001
  6.6742179000466558e+002  2.2283040668833155e+002  1.3886204962314878e+002  1.2328974222716829e+002  6.8757495643583752e+001  5.4507544181026788e+001  4.9821889486620421e+001  3.9603671041738153e+001  3.3806319908600472e+001  3.3417912895646623e+001  3.2944430068787142e+001  2.8071425902500323e+001  2.7308213866244841e+001  2.6522814629316827e+001
  8.2908370694619043e+002  3.0395476670204152e+002  1.6946398959266207e+002  1.2445710716232952e+002  7.4847584779832232e+001  5.9640657523877735e+001  4.9829968677199531e+001  4.8247338370179477e+001  4.7077931747225193e+001  4.6440981093503297e+001  4.6398839206444109e+001  4.6157833479864848e+001  4.3262753669774156e+001  4.1905608938667910e+001
  6.5002007195535407e+002  3.6284477105110636e+002  1.3704448767892063e+002  1.1373118149243396e+002  8.0012572260558727e+001  6.4755895001673707e+001  5.5778487006539990e+001  4.9321724965700469e+001  4.5121384022018901e+001  4.3406673607195216e+001  4.3191598124826896e+001  4.1068426232451202e+001  3.6429633199763657e+001  3.3938178370162404e+001
  6.9670891498408628e+002  2.9154575297583460e+002  1.7314502874910431e+002  1.2991733882527751e+002  7.0933553381479896e+001  5.8667928646614655e+001  4.3477840027768707e+001  4.1466037990366431e+001  3.7040667325093864e+001  3.6221315660636265e+001  3.5404359340285055e+001  3.5185044304642361e+001  3.4061575581124771e+001  3.3607587047748211e+001
  7.2671174465653439e+002  2.6121949015854170e+002  1.5502761585566759e+002  1.3030567680461945e+002  7.3026266322259744e+001  6.2209123406751814e+001  5.3519269191491276e+001  4.6740543463393806e+001  4.2610102697741013e+001  4.0684583234061847e+001  3.9753979043751769e+001  3.5458599181918316e+001  3.2248705719742702e+001  2.7027176984609241e+001
  6.2800985909829797e+002  2.6027515109399565e+002  1.5264305810034330e+002  1.2956801031112082e+002  7.9151351072133139e+001  5.9464157698920417e+001  5.6198595934874902e+001  5.4143515688492243e+001  5.0275435919810207e+001  4.5151494113807757e+001  4.5012110838991475e+001  4.4763440953048303e+001  4.3356195798631234e+001  3.8523093483955790e+001
  6.2745319667638523e+002  3.5693286143861587e+002  1.7495366130823095e+002  1.3340911705227563e+002  7.2909639128133904e+001  5.9183262342759690e+001  5.0801912486605488e+001  4.8278490858646364e+001  4.4074226377959803e+001  3.9430269219316870e+001  3.6184725059268203e+001  3.4229430396520229e+001  3.3380956559913557e+001  3.0379148699646976e+001
  7.4691876496051691e+002  2.9481579725561278e+002  2.0065322116900052e+002  1.1295035454134995e+002  7.5672086062653761e+001  6.4288699296947698e+001  6.1869293266880732e+001  5.3446953729397137e+001  5.0203923674280304e+001  4.9845748575702373e+001  4.3941621435023762e+001  4.3272304663860268e+001  3.6641997480370492e+001  3.2700715395328416e+001
  6.1132097800883503e+002  2.3060306591259268e+002  1.4948710712841785e+002  1.1728967510781376e+002  7.1943060538836562e+001  6.0431072045481415e+001  5.6179597696193014e+001  5.4415990558867406e+001  5.0075531366122505e+001  4.6934992322764629e+001  4.6232904642820358e+001  4.2641403714946364e+001  3.6567603150724381e+001  3.4937396399940098e+001
  6.1894958502004556e+002  2.3952519406804277e+002  1.6508731676316256e+002  1.2659581325027079e+002  8.0174887720404286e+001  6.0636683802530342e+001  5.6497673104028536e+001  4.7571102924121760e+001  3.9832950440315926e+001  3.9745180050564159e+001  3.7215184954540746e+001  3.4835991865598317e+001  3.2832503091098033e+001  3.0380331559650131e+001
  7.3333454521104704e+002  2.5253396802374846e+002  1.7286212307376718e+002  1.1677719855424948e+002  7.2313141398907874e+001  5.9376530438963528e+001  4.8833713984965016e+001  4.8008597812446851e+001  4.6082833553474302e+001  4.4644604007270573e+001  4.3593617284582479e+001  3.7500814911877796e+001  3.2490961200604488e+001  2.8819119012996680e+001
  8.9556821193298265e+002  2.8951014197042514e+002  1.6921183275510111e+002  1.2280633577566755e+002  6.9675136309527716e+001  4.9026755836911434e+001  4.1727399474823414e+001  4.0575246636125257e+001  3.8069013941875482e+001  3.7076553711920724e+001  3.7070907617526018e+001  3.5117853270107844e+001  3.3365013473767704e+001  3.0961748708832829e+001
  5.3889669033559903e+002  3.3304805445202965e+002  1.4798515236330968e+002  1.1887986083868986e+002  8.3424415732244597e+001  6.2069846020240448e+001  5.5854672254401066e+001  5.3748789817930628e+001  4.5972607635105078e+001  4.4584811857139812e+001  4.2226262650115814e+001  3.8932256527933532e+001  3.6656497472693900e+001  2.9349307987714155e+001
  9.5390068445426550e+002  3.2778457550537814e+002  1.9430070147820425e+002  1.3281104797307921e+002  8.9714580436902224e+001  6.0891549373591488e+001  5.2207065611549069e+001  5.1428268943374633e+001  4.6697554467418513e+001  4.1041451674830114e+001  3.9974155016826671e+001  3.8987651799400965e+001  3.4884208856116175e+001  3.2275729550020742e+001
  6.6723327821669955e+002  1.9689016749708071e+002  1.4872603859222636e+002  1.0907186837320887e+002  7.0457629693113176e+001  6.4571046968566634e+001  5.7009847297180613e+001  5.1483209530601926e+001  4.5484094053682384e+001  4.4533695348277206e+001  4.2186922431231096e+001  4.0745233409908678e+001  3.5258836949820534e+001  3.1530571826328924e+001
  7.6099248525869689e+002  2.0487580114481307e+002  1.5569213923366351e+002  1.4344422040093946e+002  8.0800881716514823e+001  7.8066832401236297e+001  7.0205821532999380e+001  6.8436912476399584e+001  6.2090428996272976e+001  5.6404373956018162e+001  5.2037685999783889e+001  4.8514072454544021e+001  4.6517767626683735e+001  4.5901924976892587e+001
  4.9459214253538357e+002  2.7274043380821286e+002  1.6023887004234575e+002  1.2019411059654044e+002  7.0282398578521224e+001  6.0944097619420518e+001  5.6117600921572603e+001  5.3084312152968550e+001  5.0453617133579655e+001  4.6079778953937421e+001  4.1378996041429900e+001  3.5749266247298920e+001  3.5405965783766533e+001  3.2375596877540374e+001
  5.2567303731093261e+002  2.6840412807914890e+002  1.7373917264718011e+002  1.3546376261918363e+002  8.6874976154585738e+001  6.2657694330403956e+001  5.3878603616393775e+001  5.0436736314419250e+001  4.9345348629006594e+001  4.6802769677101423e+001  4.2131113878895803e+001  3.7357987313332160e+001  3.5761709661462419e+001  3.2957800568250605e+001
  7.0808112915470792e+002  2.1439084289384255e+002  1.5025648025040118e+002  1.2470379144958588e+002  6.7122545237329177e+001  4.8577241415018761e+001  3.8058400033516591e+001  3.5516040307552430e+001  3.5496342783005730e+001  3.5261531813994452e+001  3.4489790486310767e+001  2.9871439157765508e+001  2.7628184627180417e+001  2.7201546266560399e+001
  6.6644925387260628e+002  2.2835227225684139e+002  1.8481329484793241e+002  1.2322117056058369e+002  8.6423727813006963e+001  6.1709171575726259e+001  4.9479882741442680e+001  4.3064275157402790e+001  3.5915723845636876e+001  3.5102650642345907e+001  3.4497719967429475e+001  3.4497719967429475e+001  3.1780045592757460e+001  3.0269045439122237e+001
  6.1603038566396162e+002  2.5180680980878788e+002  1.8092915395554110e+002  1.1229605193443876e+002  8.1513603379727783e+001  6.3278397541685763e+001  5.6348470027778376e+001  5.2764325577550608e+001  4.8792873542089410e+001  4.3976211084601118e+001  4.2078778252848451e+001  4.1526987943185304e+001  3.7568987282562830e+001  3.3080392917853942e+001
  6.4180367230759975e+002  2.3285396768206374e+002  1.3622093946072027e+002  1.1870816568876489e+002  8.1994279144451639e+001  6.5850612884620205e+001  5.9529907105913026e+001  5.1380663329993467e+001  4.8357145508009580e+001  4.3657179765063574e+001  4.3657179765063574e+001  4.3175368486454545e+001  3.7736714302599012e+001  3.5020502148599917e+001
  6.9630354617610647e+002  2.7307283079376248e+002  1.5768262273111441e+002  1.0449248033518552e+002  8.1172052465246907e+001  5.5108063332264237e+001  5.2756056291063715e+001  4.9871382475900646e+001  4.7064944195079534e+001  4.5402307597625622e+001  4.2580366700871082e+001  4.0958536906223799e+001  3.6014948863467907e+001  3.1982311999937792e+001
  6.7639641094231820e+002  2.6326111620608890e+002  1.7264251969904171e+002  1.2659625632137249e+002  7.9989033134666670e+001  6.1933129190789487e+001  5.2025043487880112e+001  5.0792696842375335e+001  4.3867092449378561e+001  4.3327396661702323e+001  4.2876765636436858e+001  4.2556295585674206e+001  3.9732748889028016e+001  3.6643342794964383e+001
  7.2631800075766660e+002  2.5509657974048696e+002  1.6700177941036554e+002  1.2047071691100382e+002  8.2582777085336375e+001  5.8449920611548350e+001  5.7531378183639617e+001  5.3574937206234381e+001  5.0126982774510680e+001  4.8270382209251466e+001  4.6456811074202960e+001  4.5819771177704069e+001  4.3103446297565597e+001  4.0790885841588306e+001
  7.4078665580922598e+002  2.3345363731049611e+002  1.7596907348670629e+002  1.1043922381354082e+002  6.3814110131005236e+001  5.2641646197389719e+001  5.0970495114875575e+001  4.8408805455061156e+001  4.7160468920595349e+001  4.5520377085661039e+001  4.5048901837707945e+001  4.4960972366754959e+001  4.1379585965911474e+001  3.7354117075386284e+001
  7.9603448868791384e+002  3.3329742919006867e+002  1.6434799603183410e+002  1.1657815252013825e+002  7.3745836093110029e+001  6.1326752988069302e+001  5.9236618754131769e+001  5.3285338110104249e+001  4.9188393220370017e+001  4.7186453485342554e+001  4.3474007904630980e+001  3.9547130758848652e+001  3.6006359094311847e+001  3.2177015287807308e+001
  5.9279478799193021e+002  3.0710810171909907e+002  1.5962791747727033e+002  1.0233756705948167e+002  6.7241886896943925e+001  6.2017396091882119e+001  5.5228447419605573e+001  5.2717846347249406e+001  4.7245384927597570e+001  4.3187730094246035e+001  4.1711643175010977e+001  3.7943483846167737e+001  3.4410039871460640e+001  3.0836061594716966e+001
  4.5550449613967567e+002  2.4197845566081742e+002  1.4451483206086846e+002  1.2772772636299692e+002  7.9476669378027054e+001  5.4083669758761516e+001  5.4083669758761516e+001  4.9546645478533492e+001  4.5435781553827837e+001  4.2307438999655915e+001  3.5418169207287747e+001  3.4907031822847784e+001  3.2865435006096050e+001  2.9092245101557410e+001
  5.5637648655097837e+002  2.8649023611785151e+002  1.6939590378646881e+002  1.2463924936584544e+002  8.3493894834408366e+001  6.4632256384591074e+001  5.3776389087501002e+001  5.0820823100424150e+001  4.6904268130535911e+001  4.4218018332175916e+001  4.4170266580789303e+001  4.3918915132472648e+001  4.0907682801831243e+001  3.5110826523394053e+001
  8.5888100548668262e+002  2.8226713011044922e+002  1.6481487122057206e+002  1.3202569405306599e+002  7.7783821769053930e+001  6.2808947831206297e+001  5.7187247486085198e+001  4.5453856586590746e+001  4.3635591684889732e+001  4.3216310575834541e+001  4.2116683318095056e+001  3.9922265821079009e+001  3.2793585713240191e+001  3.0797726846724800e+001
  9.1294040196903643e+002  2.0730168042867172e+002  1.5820592489928185e+002  1.2163346345285504e+002  8.9269031416073403e+001  6.6779383341575112e+001  5.8469655406805941e+001  5.1963570423122064e+001  4.9505871413811064e+001  4.7480059360916130e+001  4.4871629613940513e+001  4.1467035920695707e+001  3.9134311168499153e+001  3.4327901506384933e+001
  6.7833900311012349e+002  2.9170770108522220e+002  1.3569307021817963e+002  1.2963944850727808e+002  6.8929368140402630e+001  4.7056382878049362e+001  4.4897063488491540e+001  4.4897063488491540e+001  4.4726453794109148e+001  4.4458385912421363e+001  4.3827462888254331e+001  3.8475243142703448e+001  3.5931302114715436e+001  2.9783015213420413e+001
  9.7275961500308267e+002  3.2385582590522336e+002  1.6597632583778704e+002  1.2475165845002516e+002  7.4618975444519265e+001  6.1164058774571231e+001  5.5379741633919821e+001  5.0272687832164138e+001  4.7102858759612445e+001  4.4629277421752931e+001  4.0776585610455186e+001  3.6243110566984797e+001  3.1704221896377476e+001  2.7375215243859202e+001
  6.5459727842887150e+002  2.7686007883283537e+002  1.6087782684970261e+002  1.1539688866890720e+002  6.7745711285971993e+001  5.8021747045081156e+001  5.0202557078926930e+001  5.0196877221600971e+001  4.6821374559104697e+001  4.4947434995441427e+001  4.0495845836907392e+001  3.3288369571052954e+001  3.2282587908294545e+001  3.1184010501145622e+001
