  4.0034934786923714e+001  3.5486985461360064e+001  3.4298313935282408e+001  3.3531539912930043e+001  2.8956125434780120e+001  2.6494420397137787e+001  2.2511040049143389e+001  1.8471517363085013e+001  1.8040156215117122e+001  1.6904399169912381e+001  1.6611215919872734e+001  1.6363515662895793e+001  1.5938896690693127e+001  1.4211219613865296e+001
  3.8776655248511020e+001  3.7261340127627022e+001  3.6385949362327437e+001  3.3489182689443851e+001  2.7711012343409152e+001  2.4536906889411171e+001  2.2080413438389201e+001  2.1562006380489493e+001  2.0519944795758988e+001  2.0374067985047077e+001  1.9975929709493812e+001  1.9137734854206315e+001  1.8968016188994625e+001  1.8409811773004549e+001
  3.6169458888281042e+001  3.5565492964897771e+001  3.1661155201145448e+001  3.0845715343456845e+001  2.7863062615772719e+001  2.6760349815564041e+001  2.5649252917330955e+001  2.3167786483620603e+001  1.9891369464300169e+001  1.9031572609816180e+001  1.7772388730623902e+001  1.7332081806995802e+001  1.5861561851272540e+001  1.4321665080183038e+001
  3.8013741889640528e+001  3.5604730346615497e+001  3.5581175581538105e+001  3.2705294575509470e+001  2.8975610400951268e+001  2.4565833472205213e+001  2.3257761360219547e+001  2.2300229920077754e+001  2.2300229920077754e+001  2.1510283086230402e+001  2.0919443291116636e+001  2.0675517461604159e+001  2.0675517461604159e+001  2.0117546658922492e+001
  4.0488850240318811e+001  3.6376128671116135e+001  3.6249837198615069e+001  3.3228669835662231e+001  2.5811046572536725e+001  2.3113426110240766e+001  2.1113811635790853e+001  2.0880808622285713e+001  1.9890695651082297e+001  1.9726681137620403e+001  1.8591114999030196e+001  1.7838881107884276e+001  1.7601800569534703e+001  1.7601800569534703e+001
  3.8073035641108163e+001  3.4244537394119675e+001  3.2936728856000855e+001  3.2936728856000855e+001  3.0018681266598719e+001  2.6666087059373808e+001  2.4014431448796927e+001  2.2123176200442344e+001  2.0303722092085195e+001  1.9903996235888371e+001  1.8462900999729754e+001  1.8383290544938973e+001  1.7457324329783432e+001  1.7014489527053229e+001
  3.7640346746777482e+001  3.4565206878694653e+001  3.4155596266277485e+001  3.4155596266277485e+001  2.8088636941645518e+001  2.6105690298980676e+001  2.4942038545039622e+001  2.2388203743512122e+001  1.9943261082447862e+001  1.9450700829712900e+001  1.9366201351689824e+001  1.8827690046317684e+001  1.8425637611802472e+001  1.8231732064923790e+001
  3.9065463403083072e+001  3.4151385814251967e+001  3.0877987663525687e+001  3.0033022771333663e+001  2.7974126032400477e+001  2.5000748331568502e+001  2.3250989505912912e+001  2.2565038301116147e+001  2.1981577981133796e+001  2.1286004377866675e+001  2.1276021638431075e+001  2.0792547548352900e+001  1.9533309412946323e+001  1.9225253589956083e+001
  3.6966131984922072e+001  3.4509163390440676e+001  3.4034154371134150e+001  3.3685606437046204e+001  3.1155989414306191e+001  2.7124234314666751e+001  2.5217931046268291e+001  2.3771309760114718e+001  2.1245913314094423e+001  2.0635030896989520e+001  1.7639276515990446e+001  1.6334783344387915e+001  1.5506597641202234e+001  1.5506597641202234e+001
  3.8863854681093244e+001  3.3732413663158695e+001  3.1933227259366959e+001  2.9785658208540212e+001  2.5538463806740538e+001  2.4314399736070982e+001  2.3671253354878672e+001  2.3636713737497985e+001  2.0903023375219391e+001  2.0414032467981428e+001  2.0184577510221629e+001  1.9948428057079468e+001  1.8997131634359675e+001  1.8997131634359675e+001
  3.6413257682116296e+001  3.5840482867451783e+001  3.2466856064878925e+001  3.0666072724875448e+001  2.9249021832554149e+001  2.6044728309478842e+001  2.5739407915796050e+001  2.2307706825325567e+001  2.0670267952554127e+001  1.9864547408259455e+001  1.8717610252615259e+001  1.8717610252615259e+001  1.8498190258734326e+001  1.8447158533698371e+001
  3.9385841261188716e+001  3.5332315966288434e+001  3.4809229096909348e+001  3.2952194889196107e+001  2.8574910526801432e+001  2.5856708750262669e+001  2.3922550756209944e+001  2.3922550756209944e+001  2.2518300388504599e+001  2.2434074946204078e+001  2.2208713628697069e+001  2.2208713628697069e+001  2.2138711478457594e+001  2.2130573633543690e+001
  3.8304396772892005e+001  3.7138242923662347e+001  3.4873265308359464e+001  3.1981300644230942e+001  2.7343287256851681e+001  2.4228472603712476e+001  2.4098139386935941e+001  2.3365146000492928e+001  2.2953884969997489e+001  2.2212142745608730e+001  2.2212142745608730e+001  2.1606172337300222e+001  2.1295206433240992e+001  2.1023168428801569e+001
  3.6718697890590079e+001  3.6007874295586021e+001  3.5053706679908373e+001  3.3091157315973874e+001  2.8296351883929447e+001  2.7053508813858571e+001  2.3298107399868854e+001  2.2829950008621495e+001  2.2257105374941489e+001  2.2108639872277422e+001  2.1881186644501327e+001  2.1836592409819445e+001  2.1816531187484202e+001  1.9272005986648310e+001
  3.8300638131187270e+001  3.5309965604434524e+001  3.2628090040731195e+001  3.2307582535600432e+001  2.6183200304522416e+001  2.1550797766568394e+001  1.9352527598318375e+001  1.8063159500197571e+001  1.8063159500197571e+001  1.7920476296453558e+001  1.7750498930208209e+001  1.7716664033151915e+001  1.7716664033151915e+001  1.7716664033151915e+001
  3.7828003044102161e+001  3.5605952666152575e+001  3.3402164809553369e+001  3.1867149410255024e+001  2.9929622767782803e+001  2.5604423490084400e+001  2.2210907787028304e+001  2.1533813926246921e+001  2.0832220547316865e+001  2.0160302228572846e+001  1.8759637206137199e+001  1.8346973576263508e+001  1.8008307435627103e+001  1.7700291368029184e+001
  4.1052879330593669e+001  3.8377406998331139e+001  3.4049961745068686e+001  3.1786174681488774e+001  2.8519487512295314e+001  2.7609761751087490e+001  2.3150277759356072e+001  2.1780109855516457e+001  2.1110754978950467e+001  1.9801316112218274e+001  1.8996122365730798e+001  1.8745116946680128e+001  1.8745116946680128e+001  1.8171934820714455e+001
  4.1048590968151984e+001  3.6615594884382517e+001  3.1836956070491738e+001  3.0655279765110549e+001  2.8690221874436247e+001  2.7898248691997651e+001  2.6802526996043071e+001  2.5066356424939954e+001  2.4649654241366875e+001  2.3797574178190871e+001  2.0070943048360505e+001  1.7738242463865731e+001  1.6919686438911299e+001  1.5887691381885588e+001
  3.6130403124646136e+001  3.4732511785713200e+001  3.2901479324466209e+001  3.0129187120255779e+001  2.6710076067286877e+001  2.3531347422841350e+001  2.1535824038618784e+001  2.1535824038618784e+001  2.1535824038618784e+001  1.8559289019769267e+001  1.8389309425210627e+001  1.8271666646213816e+001  1.8271633219227510e+001  1.7619587348307505e+001
  3.8285716243140541e+001  3.5564971955215810e+001  3.3142257611194964e+001  3.0553116644555075e+001  2.7317516037300493e+001  2.3746994064899013e+001  2.3304646522655162e+001  2.1015380821294457e+001  2.0660247862519896e+001  1.8313191697308525e+001  1.7585736940494940e+001  1.7585736940494940e+001  1.7103595047463159e+001  1.6765562632346246e+001
  3.7886967413715638e+001  3.4971201626298352e+001  3.3323592480798311e+001  3.2009121218095629e+001  3.1554514429810865e+001  2.6092473854733953e+001  2.3175742235550615e+001  2.2293371654415523e+001  2.1384951681621033e+001  2.1016206461068919e+001  2.0626176924257265e+001  1.9892958472437726e+001  1.8740777027576655e+001  1.7787298213964391e+001
  4.0732360653389037e+001  3.2354841836271135e+001  2.9639137993372174e+001  2.8744015635981555e+001  2.4984198303343078e+001  2.4841555762837174e+001  2.3262057164165526e+001  2.2372102081628782e+001  2.1466520942114016e+001  2.1143468310026947e+001  1.8561648807268170e+001  1.6289266773480790e+001  1.6239334311026141e+001  1.6239334311026141e+001
  3.9347398208603181e+001  3.7063806907343064e+001  3.4158424713536988e+001  3.3632816063166956e+001  3.0242759102956143e+001  2.6583154364500956e+001  2.5164236282216734e+001  2.2923932424907093e+001  2.1776634547114099e+001  1.9589927287209889e+001  1.9176836153399677e+001  1.8767102849541857e+001  1.8671139221769749e+001  1.8185843791896218e+001
  3.8912516652117915e+001  3.6016030662535400e+001  3.3910574784430764e+001  3.3273630487360720e+001  2.7909945143855111e+001  2.4965190998655430e+001  2.3872034179483876e+001  2.1852508838615790e+001  2.1562696035325075e+001  1.9224558616466425e+001  1.9016450252194772e+001  1.8790134248616482e+001  1.8403771993527016e+001  1.8354375018344513e+001
  3.8786928382113956e+001  3.0773304250983870e+001  2.9966933259822213e+001  2.9966933259822213e+001  2.8715806503722661e+001  2.6752219957467105e+001  2.2680363514124679e+001  2.2579760754334188e+001  2.2276399139665159e+001  2.1798178512661934e+001  1.8931485228411930e+001  1.8556245082044711e+001  1.8173013458497962e+001  1.8159428451990379e+001
  3.9797221268666476e+001  3.3949715416849926e+001  3.3163557689881372e+001  3.1097883437967994e+001  2.8211403087917120e+001  2.7098575796101386e+001  2.4516162359288955e+001  2.3833378902871345e+001  2.3708802275973994e+001  2.2915242301166927e+001  2.1673174120530803e+001  2.1602825164465344e+001  2.1602825164465344e+001  2.1485913135918850e+001
  3.6726910818981992e+001  3.3869634479517799e+001  3.3581060877030950e+001  3.1382766625349404e+001  2.6563398040800507e+001  2.4358507324746029e+001  2.2712817877511839e+001  2.2155102144322768e+001  2.2155102144322768e+001  2.1811423321613233e+001  1.9017788253807225e+001  1.8132227868221321e+001  1.7788781057753908e+001  1.7788781057753908e+001
  3.9556851645714687e+001  3.5701590408692482e+001  3.3942711165123342e+001  3.2472350269335720e+001  2.8662549240452677e+001  2.7482630885997423e+001  2.3434239715527951e+001  2.1097532540829775e+001  1.9401499763020070e+001  1.8693370742661955e+001  1.7213354341798095e+001  1.7207753549258655e+001  1.6147157373024356e+001  1.5481108508814486e+001
  3.9633459923762871e+001  3.5361123694350567e+001  3.3571533534628884e+001  3.2332151773710507e+001  2.9318213102232903e+001  2.6992299013202796e+001  2.4605087878641370e+001  2.2576523570285303e+001  2.1598965302128136e+001  2.1399843496155654e+001  2.1222410416435309e+001  2.0576600236313084e+001  1.9750501776189481e+001  1.9654987871403591e+001
  3.8639968544094131e+001  3.4645406792669519e+001  3.3794336957068595e+001  3.2107936619047337e+001  2.8340945543576368e+001  2.4790913163770824e+001  2.3581205709752908e+001  2.2464334544156145e+001  2.2041809279507333e+001  2.0862163614494762e+001  2.0627272900947446e+001  2.0282398366330654e+001  1.9869088687978888e+001  1.9427588482404190e+001
  3.9746750181130892e+001  3.5384391371718493e+001  3.1486091849923923e+001  3.1064431863726895e+001  2.8699299565899310e+001  2.6595927218141014e+001  2.5202924138340450e+001  2.4973121984419663e+001  2.4571889955564302e+001  2.4036367936504462e+001  2.4024805264871361e+001  2.3738121217668436e+001  2.2437492064167259e+001  1.9582290427902421e+001
  3.8574684939279678e+001  3.3493271685208697e+001  3.3336002319764589e+001  3.3044710526109498e+001  2.8211417874290078e+001  2.6863120094522856e+001  2.4465891114916758e+001  2.3280209918511218e+001  2.1472214567694891e+001  2.1051127119639887e+001  2.0536144660685409e+001  1.9960187567600883e+001  1.9437848528360632e+001  1.8682009221935573e+001
  4.0355635354198284e+001  3.7463877049583971e+001  3.4851506545422012e+001  3.3211568622379559e+001  2.7354413038780308e+001  2.3682993658069449e+001  2.2520427494446608e+001  2.0915551934704467e+001  1.9247885360299165e+001  1.8612794538560706e+001  1.8582643334355566e+001  1.7990033171995151e+001  1.7960319348611279e+001  1.7901250941202420e+001
  3.8256282418846808e+001  3.6300089037847897e+001  3.3934009511720660e+001  3.1540561060984032e+001  3.0695741050722290e+001  2.7920474900232875e+001  2.6488821165091963e+001  2.5379158681065633e+001  2.4038717952875459e+001  2.3615038417637379e+001  2.1811269572438391e+001  2.0991607529479211e+001  1.7522302807554183e+001  1.6602411954684953e+001
  4.0285221419009645e+001  3.4887206911954650e+001  3.2824522348975279e+001  3.2288849394162867e+001  3.1542777538635733e+001  2.6565268410222757e+001  2.4557582121676887e+001  2.4261315448784217e+001  2.2324050590448905e+001  2.1851718413527124e+001  2.0450280455797724e+001  2.0439335408379407e+001  2.0276076962124534e+001  1.9713932814735017e+001
  4.0529779094130276e+001  3.7600421079026660e+001  3.2251083685547201e+001  3.2073517551512396e+001  2.9495459420720181e+001  2.6313790482404897e+001  2.3417397045020607e+001  2.2233593940508626e+001  1.9473510902731960e+001  1.7243980774973352e+001  1.6953138916823264e+001  1.6652131241557413e+001  1.5910453321819318e+001  1.5236733855298667e+001
  3.9637673716104473e+001  3.7729568913658682e+001  3.5393247219522550e+001  3.4003057782543692e+001  2.8722302578564154e+001  2.8260456362382570e+001  2.7174904461411870e+001  2.6418979500471551e+001  2.4236595129113539e+001  2.1812471430085907e+001  2.0101721907143656e+001  1.8308074055358020e+001  1.5431102236248080e+001  1.4441776125760157e+001
  4.0161983795483820e+001  3.6000149718283296e+001  3.3389836260166135e+001  3.2800153884319343e+001  2.7192224370741201e+001  2.5176998800285332e+001  2.3331759874663931e+001  2.2507602086422025e+001  2.1693650777379617e+001  2.1287505673968326e+001  2.0779387593767069e+001  2.0342040762107786e+001  2.0168873274017983e+001  1.9382213597597911e+001
  4.0854163309242153e+001  3.5371994691861346e+001  3.4006475336266135e+001  3.1598603825969576e+001  2.6653572586150858e+001  2.2892644232123871e+001  2.1980718191021992e+001  1.9739599269643122e+001  1.9565749024772799e+001  1.9333265475835674e+001  1.9189750569619605e+001  1.7798996327992654e+001  1.7704978265108139e+001  1.7704978265108139e+001
  3.9526431220772906e+001  3.3592307719396445e+001  3.3085398827962081e+001  3.2534634557868230e+001  2.9479144814404890e+001  2.8437583288533915e+001  2.2824682394735191e+001  2.1663427158925515e+001  1.9907538954753250e+001  1.9259944969398134e+001  1.9259944969398134e+001  1.9259944969398134e+001  1.8882254781494680e+001  1.8745000484653133e+001
  3.9329488045783364e+001  3.7382140180283955e+001  3.5149605486862470e+001  3.2978028546351197e+001  3.0142412316639934e+001  2.7330177417934351e+001  2.3835863180154661e+001  2.1615417738505812e+001  2.0759509079047120e+001  2.0759509079047120e+001  1.9494597121696302e+001  1.9149708160239811e+001  1.9149708160239811e+001  1.8855653376508940e+001
  3.8147474682278244e+001  3.4288994003055222e+001  3.3625959565161907e+001  3.1584007979958074e+001  2.8487453195882154e+001  2.4299669044735765e+001  2.1629450209722222e+001  2.0728397518386373e+001  2.0157856380862086e+001  1.9639189770117241e+001  1.9343841678528406e+001  1.9343841678528406e+001  1.8573973440244458e+001  1.8551521024910016e+001
  3.7533043635880517e+001  3.3444367015753642e+001  3.2695754628860755e+001  3.0700615461027041e+001  2.8344858505697175e+001  2.7192567798247637e+001  2.4271700348392415e+001  2.4066451229794325e+001  2.2295635937369070e+001  2.1858654765461779e+001  2.1858654765461779e+001  2.1858654765461779e+001  2.1383012382097945e+001  2.1171436788606115e+001
  3.8598280021007668e+001  3.3252021568932832e+001  3.2072793459433683e+001  3.1431213571113744e+001  2.8590894389380196e+001  2.5015880644824961e+001  2.4521358446648037e+001  2.3767333419356305e+001  2.3256725328290713e+001  2.1775887494184190e+001  2.0203120012643467e+001  1.9150216297109068e+001  1.8844376118899049e+001  1.7710656030766131e+001
  3.7886967413715638e+001  3.4971201626298352e+001  3.3323592480798311e+001  3.2009121218095629e+001  3.1554514429810865e+001  2.6092473854733953e+001  2.3175742235550615e+001  2.2293371654415523e+001  2.1384951681621033e+001  2.1016206461068919e+001  2.0626176924257265e+001  1.9892958472437726e+001  1.8740777027576655e+001  1.7787298213964391e+001
  3.7841495340549500e+001  3.5705025246512491e+001  3.3569002265876861e+001  2.9793860646046937e+001  2.8493802909535475e+001  2.7043360773019231e+001  2.6481825663679729e+001  2.3055561197088082e+001  2.1630928509005685e+001  1.9953591479284228e+001  1.8910440516182689e+001  1.7985134101442100e+001  1.7867864751786669e+001  1.7838472800342402e+001
  3.7304662506255113e+001  3.6083948647709462e+001  3.2804785550198858e+001  3.0018354337176334e+001  2.6154365370470487e+001  2.5336913457752985e+001  2.3608838686420654e+001  2.2723690430837905e+001  2.1248118691957529e+001  1.8483220252157594e+001  1.7748881026377944e+001  1.7621799291366642e+001  1.7621799291366642e+001  1.6610463451841156e+001
  3.9021124536164962e+001  3.4634893227362227e+001  3.3881009551245029e+001  3.1812760178590338e+001  2.8857704529443936e+001  2.7158503028175687e+001  2.6400405440965073e+001  2.4613419205379500e+001  2.3666848379329849e+001  2.2939417380766258e+001  2.2477800248479070e+001  2.1971982659220544e+001  2.0881742672781115e+001  2.0803849419261383e+001
  3.8701521888294224e+001  3.7033019632870491e+001  3.5563396431442811e+001  3.3124844653063860e+001  3.1696074406302614e+001  2.5282613105667565e+001  2.3673606687163101e+001  2.1954346190805836e+001  2.1641604795566536e+001  2.0919834625470344e+001  2.0919834625470344e+001  1.9392826919051913e+001  1.8978461016485653e+001  1.7429513792388775e+001
  3.8695139518532869e+001  3.4093718175251183e+001  3.3170339151394501e+001  3.2875783691773222e+001  2.7103226596723175e+001  2.4612261472684622e+001  2.4250181439896210e+001  2.3200869768192206e+001  2.2082783451671617e+001  2.0650524489850341e+001  2.0600540284608201e+001  1.8983360775462415e+001  1.8756832862667125e+001  1.8756832862667125e+001
  3.6997745452319805e+001  3.4114684807066851e+001  3.3598950365254609e+001  3.1103068718268560e+001  2.7230176722529677e+001  2.3778136178570549e+001  2.0994095498172783e+001  2.0700445385950047e+001  1.8998273990134976e+001  1.8326210862973653e+001  1.7780324724549359e+001  1.7670541812267629e+001  1.7670541812267629e+001  1.7495227729760472e+001
