  3.4574556230818689e+003  2.7871701735206780e+003  2.3563366483185237e+003  2.1586791404274045e+003  1.1214861126435744e+003  1.1140766491778227e+003  4.2223871264130457e+002  4.0504097316838943e+002  3.9490744681438355e+002  3.9490744681438355e+002  3.9490744681438355e+002  3.9490744681438355e+002  3.9490744681438355e+002  3.9490744681438355e+002
  3.6217993329408328e+003  2.4485339335196495e+003  2.0555786888527236e+003  1.5005022330812035e+003  1.4051748917321943e+003  9.7616172595540411e+002  9.5022030422328453e+002  8.2099992431079272e+002  8.1957967981576212e+002  8.1950000307093069e+002  8.1950000307093069e+002  8.1949998435572388e+002  8.1949998418622226e+002  8.1946721531919047e+002
  3.5140369813912757e+003  2.4850958911660255e+003  2.1611867840760660e+003  1.0436322738866666e+003  6.8182199927678448e+002  6.8179504683146342e+002  6.8145757081847614e+002  6.8145757081847614e+002  6.8145757081847614e+002  6.8144566624424897e+002  6.8144566624424897e+002  6.8144566624424897e+002  6.8144566624424897e+002  6.8144566624424897e+002
  3.6207807834531868e+003  2.8291816460749978e+003  2.1325464738244436e+003  1.7457614705796841e+003  9.1866529552784641e+002  9.1491336171044804e+002  9.1464456035557077e+002  9.1201405215687191e+002  9.1196207339924240e+002  9.1196206542756909e+002  9.1196206542756909e+002  9.1027491506989918e+002  7.3271515036978053e+002  6.8673977793299855e+002
  3.9338037631326060e+003  2.8755858608140024e+003  2.3627533889948018e+003  1.9815945657507027e+003  6.5072166755923536e+002  6.4235136631710475e+002  6.4151317433865506e+002  6.4114823430110482e+002  6.3389828891547495e+002  6.3389828557039482e+002  6.3389828557039482e+002  6.3377559856503922e+002  6.3377559856503922e+002  6.3377559856503922e+002
  3.7595221993742871e+003  2.7391043652459957e+003  2.1306677806094795e+003  1.4583047485831075e+003  7.2045131626467628e+002  7.1661257754348435e+002  7.1646555074707248e+002  7.1646555017382343e+002  7.1641177062771521e+002  7.1641177062771521e+002  7.1622642472727694e+002  7.1612567308849475e+002  7.1603078739554849e+002  7.1588057455026592e+002
  2.9266715660951631e+003  2.3639836169103328e+003  2.0591581044412142e+003  1.4203636832840411e+003  1.1515776004764748e+003  1.1495814938760559e+003  1.1479686865407843e+003  1.1475613677532465e+003  1.1467257946387299e+003  1.1467257946387299e+003  6.1733981920436736e+002  6.1661371375835097e+002  6.1641245259727702e+002  6.1635742550571968e+002
  3.7384154147093068e+003  2.5815027014237303e+003  2.1022936446344593e+003  1.7374716868609476e+003  1.5799638671447537e+003  9.6948618133984382e+002  9.1435644358033142e+002  8.8713152268063732e+002  8.8295558273638562e+002  8.8050831404563314e+002  8.7845057383297535e+002  8.7760772909911884e+002  8.7686395392445593e+002  8.7648103294822886e+002
  4.3486043122966039e+003  2.2714468121893024e+003  2.0260968299348824e+003  1.5040406871654995e+003  1.2153495232616451e+003  1.2103480170323801e+003  9.8564256347095034e+002  9.8564235279432341e+002  9.8564235279432341e+002  9.8564235279432341e+002  9.8564235279432341e+002  9.8564235279432341e+002  9.8564235279432341e+002  9.8564235279432341e+002
  2.7995187053044774e+003  1.7662353473964713e+003  1.6110837463042840e+003  1.6107330484463628e+003  9.0786254553441449e+002  9.0612487230556417e+002  9.0246300474559757e+002  9.0165295843444255e+002  9.0071308521173978e+002  9.0018231330275466e+002  8.9995345377358308e+002  8.9951113091601974e+002  8.9951113091601974e+002  7.0453640454434753e+002
  3.0804600530353164e+003  2.8502827982125618e+003  2.2904572195226265e+003  1.6056749692283711e+003  1.4881213385303463e+003  1.2684639648406692e+003  1.2651711892324902e+003  7.6218149614171216e+002  7.5421509816370963e+002  7.5375202478635856e+002  7.5218683080517758e+002  7.5218682941622637e+002  7.5193402617922720e+002  7.5193402479027645e+002
  3.3460907501336715e+003  2.2256555373764804e+003  2.1829664954125446e+003  9.5603635886371876e+002  9.0055531106555827e+002  8.8337305533885592e+002  8.8337090648657886e+002  8.8337090648657886e+002  8.8337090648657886e+002  6.3528885804742686e+002  6.3141758176114899e+002  6.2841491952912656e+002  6.2802590002280704e+002  6.2802589953953338e+002
  3.6778849462088956e+003  2.6982177231408068e+003  2.0382518260572542e+003  1.4789032364519999e+003  1.4723826577397263e+003  9.2589826681204113e+002  9.2589826681204113e+002  9.2589826681204113e+002  4.7746496949177572e+002  4.7746496949177572e+002  4.7746496949177572e+002  4.7746496949177572e+002  4.7746496949177572e+002  4.7746496949177572e+002
  3.9670106428394502e+003  2.7334763821084998e+003  2.3083849795027927e+003  1.6009390593310000e+003  1.5166211171912846e+003  1.1966675562706396e+003  1.1961461452257554e+003  7.6072931217661653e+002  7.5994660912877453e+002  7.5959127269708051e+002  7.5925018297658244e+002  7.5895594138600472e+002  7.5893004840359026e+002  5.5653156877871243e+002
  2.8153111637736456e+003  2.7854516733243436e+003  2.1704639879327351e+003  1.3718720971914654e+003  1.3714391801749134e+003  1.3518994027997351e+003  1.0355577523060410e+003  8.9509958551762656e+002  7.3738686232949613e+002  7.3738669048774500e+002  7.3731192705717694e+002  7.3637102340962520e+002  7.3637102276647556e+002  7.3637022817283651e+002
  4.1850682886998557e+003  2.9199756869237863e+003  2.2522108079474747e+003  9.8053562261377374e+002  9.1754616819360672e+002  9.1223570729210223e+002  9.1162877509239934e+002  9.1109834827468057e+002  9.1109834357499312e+002  9.1103578692759311e+002  9.1103578692759311e+002  9.1103578692759311e+002  9.1103578692759311e+002  6.3802662804059219e+002
  3.8049667224151772e+003  2.6104348217648476e+003  2.5606719198800420e+003  1.7936827384421586e+003  1.7596332809811652e+003  1.0288167772809556e+003  8.7984382188419522e+002  8.7858248543647369e+002  8.7801064533016142e+002  7.9513075405028530e+002  7.9374978854548908e+002  7.9320938737398046e+002  7.9305414190894408e+002  2.9886022049706844e+002
  3.7345037206580018e+003  2.3008282599254881e+003  1.9337451176307150e+003  1.1503605142582719e+003  6.9384279418388860e+002  6.7765746155309944e+002  6.5539772283260345e+002  6.5539772146031737e+002  6.5539772146031737e+002  6.5508811309711700e+002  6.5504906318459189e+002  6.5504906164253089e+002  4.8905444715601516e+002  4.8905444273357307e+002
  4.0665724057736452e+003  2.6033466601430200e+003  2.1177411065400092e+003  1.1225276250838479e+003  8.3594847709272290e+002  8.3594847709272290e+002  3.0403476507017695e+002  3.0403476507017695e+002  3.0403476507017695e+002  3.0403476507017695e+002  3.0403476507017695e+002  3.0403476507017695e+002  3.0403476507017695e+002  3.0403476507017695e+002
  3.6197856457112775e+003  2.6573265011131334e+003  1.9905747137598819e+003  1.4187166824942992e+003  1.1956930445330622e+003  1.1517913835056147e+003  1.1514267786727287e+003  1.1511829971903189e+003  8.1592531064790865e+002  8.1525151499267076e+002  8.1525151499267076e+002  8.1506172279327166e+002  8.1506172279327166e+002  8.1505329731365828e+002
  3.3512658744640066e+003  1.8668001955862828e+003  1.7984437452295774e+003  1.7772401627029853e+003  1.2671212897451232e+003  1.2451834121019492e+003  1.2303945903907006e+003  8.5013960852888840e+002  8.4813577081071890e+002  8.4258743645734694e+002  8.4195733016788517e+002  8.4184439095287007e+002  8.4167358765445033e+002  8.4137873894808035e+002
  2.9106938774642658e+003  2.2399714771167728e+003  2.1558037492630565e+003  1.7251795176351206e+003  1.0822764663975249e+003  8.8052047848601478e+002  8.8052047848601478e+002  8.4802169059160542e+002  5.4706773282678932e+002  5.4705380555935517e+002  5.4705380555935517e+002  5.4666320815792096e+002  5.4666320815792096e+002  5.4666320815792096e+002
  3.9163844517643192e+003  2.3286948216904038e+003  2.1253751476643993e+003  7.3762360206460971e+002  6.5504392955637877e+002  6.5078479696180966e+002  6.4547400457119602e+002  6.4460863064782370e+002  6.4411790997811704e+002  6.4411789983484550e+002  6.4404577423866840e+002  6.4404576409539686e+002  6.4404576409539686e+002  6.4404576409539686e+002
  4.0335227028276950e+003  2.3360983316119982e+003  2.0769058107826013e+003  8.6866473081269214e+002  8.6150938781148761e+002  8.6140481278183688e+002  8.5982145901559852e+002  8.5727134516302795e+002  8.5726606876395726e+002  6.0940798955762693e+002  6.0940738151797268e+002  6.0937104745859870e+002  6.0909373775075301e+002  6.0607604363329028e+002
  4.5198944796746955e+003  2.2297231376746468e+003  2.2269884816725153e+003  1.9711658738226542e+003  8.3107931660875784e+002  8.1990432401520866e+002  8.1922483193487915e+002  8.1850440325079990e+002  8.1661537391698312e+002  8.1595417140355630e+002  8.1595417140355630e+002  8.1595417140355630e+002  8.1592628331673723e+002  8.1592628331673723e+002
  4.3173625555077824e+003  2.5364542363794171e+003  1.8574218645908163e+003  1.2357545609873946e+003  1.2196844437112459e+003  1.2162208514984586e+003  8.8523800627387300e+002  8.8159109089075127e+002  8.8068346194220339e+002  8.8068346194220339e+002  8.7991838872459039e+002  6.9085685341864746e+002  6.9085685341864746e+002  6.9085685341864746e+002
  3.3244938025030024e+003  2.1688441788251821e+003  2.1650222477999851e+003  1.7183026014636034e+003  8.0493734116656742e+002  8.0309196426656035e+002  7.8903541810244133e+002  7.8793514605201153e+002  7.8782378802527455e+002  7.8534713130222599e+002  7.8526700445615370e+002  7.8526700445615370e+002  7.8513359612193926e+002  7.8480091549625513e+002
  4.3705827374687751e+003  2.8859091801108952e+003  2.5829442301569743e+003  1.2150646137653084e+003  8.0961237296572426e+002  7.9459224800571337e+002  6.0514106535857172e+002  6.0428333805917782e+002  6.0418204055505157e+002  5.9811969371320356e+002  5.9745256927853552e+002  5.9696151703989108e+002  5.9694491837012265e+002  5.9694491837012265e+002
  3.9145299169110167e+003  2.5203733614293824e+003  2.2693977992655427e+003  1.4187934916362728e+003  1.2733862477917346e+003  1.1491196715260430e+003  9.9158721618433356e+002  6.2139861371488860e+002  6.1226441432102729e+002  6.1172879605562093e+002  6.1172868084821766e+002  6.0437143236311385e+002  6.0437142701225275e+002  6.0437142701225275e+002
  3.1877306853988575e+003  2.7786872125428217e+003  2.3045784713909834e+003  1.3398220525629977e+003  1.0487281077588850e+003  9.1683116216593180e+002  9.1086134861184200e+002  9.1073422444110793e+002  9.1042394007535586e+002  9.0920146261024638e+002  9.0920146261024638e+002  8.6726964577563422e+002  8.3240270616141743e+002  7.3646032702387038e+002
  3.9310665272640108e+003  2.7875311400547289e+003  2.4309111022461939e+003  7.1943745323744952e+002  6.6250914941032033e+002  6.4742309083239343e+002  6.4043857839505290e+002  6.4043857575652783e+002  6.4043857575652783e+002  6.3990275572662722e+002  6.3990275572662722e+002  6.3983657132813869e+002  6.3965619749118468e+002  6.3965619534340476e+002
  4.8740695019771529e+003  2.5985020212622512e+003  2.2104960477521072e+003  2.1941333830852027e+003  1.6333108938405626e+003  1.5139083709185261e+003  7.2609970470335384e+002  6.6836402236898084e+002  6.6721633848562578e+002  6.6672593621640772e+002  6.6669180669954221e+002  6.6609241264346701e+002  6.6609241264346701e+002  6.5967725265181934e+002
  3.0509634320890909e+003  2.0361185005142706e+003  1.7636572387832321e+003  8.2976858799305501e+002  7.5837208936821753e+002  7.4250510396752770e+002  7.4061405617821492e+002  7.4060820693992946e+002  7.4029820146248312e+002  7.4029820146248312e+002  7.4029820146248312e+002  7.4029820146248312e+002  7.4029820146248312e+002  7.4029820146248312e+002
  3.2558422842981490e+003  2.5970562443036033e+003  2.0960125118008482e+003  9.4427138163211930e+002  6.2119966612296685e+002  6.0145189778931353e+002  6.0135647164269358e+002  6.0125639965141545e+002  6.0032005368413320e+002  6.0032005208200235e+002  5.9708110986357860e+002  5.9708110986357860e+002  5.9708110986357860e+002  5.3242539346058538e+002
  3.4119400625620037e+003  2.8208370949764285e+003  1.7047931027728564e+003  1.2851364600443444e+003  1.1607928191267606e+003  1.1471117377809860e+003  1.1429343762836074e+003  1.1415441267309116e+003  1.1415019562152997e+003  8.2043159153070064e+002  8.1796420503218178e+002  8.1773026538741669e+002  8.1764837559277112e+002  8.1257176854289628e+002
  4.1763652342717160e+003  2.6910187090729141e+003  2.3091911165416150e+003  1.9481300722015521e+003  1.1746469627939405e+003  1.1746469627939405e+003  9.3529470696069393e+002  9.3428814946945613e+002  9.3372739077610413e+002  9.3181897484299316e+002  9.2587786355124172e+002  7.3747749548140064e+002  7.3468684253660058e+002  7.3468684099452867e+002
  3.3028097785254140e+003  2.5783246973320202e+003  1.6697393516823595e+003  1.6623615017511038e+003  1.5772475816959241e+003  1.2153607345372493e+003  7.6054486740031734e+002  7.5891251624302504e+002  6.1107850104601584e+002  6.0906609327340811e+002  6.0906609327340811e+002  6.0818601666193263e+002  6.0797715007581928e+002  6.0797715007581928e+002
  2.6477908603867236e+003  2.6003649727054881e+003  2.3926450846218886e+003  1.4143725640995635e+003  1.3938392621627672e+003  1.1585927091742551e+003  1.0739654397957811e+003  6.3662520600856260e+002  6.3662265761103436e+002  6.3651729857803730e+002  6.3584121042696279e+002  6.3560182186602606e+002  6.3560182186602606e+002  6.3558231365869597e+002
  3.4196995365836274e+003  2.5163046241228440e+003  2.4052542037476078e+003  1.5774540087523419e+003  7.8676371234451972e+002  7.8676371234451972e+002  5.6128377810941129e+002  5.4402255112878993e+002  5.4328363170957982e+002  5.4328363170957982e+002  5.4328363170957982e+002  5.4328363170957982e+002  5.4328363170957982e+002  5.4315133209281066e+002
  3.5923574987231013e+003  2.3744924245208349e+003  2.2092460428682334e+003  1.3442201424827740e+003  1.3137967520583097e+003  1.3137965446952658e+003  1.1824133082389199e+003  1.0163366173775198e+003  9.6344154954601754e+002  9.6344154891591597e+002  9.6344154891591597e+002  9.6344154891591597e+002  9.6344154891591597e+002  9.6344154891591597e+002
  2.9327114740731249e+003  2.6615102335579577e+003  2.1769181384547101e+003  9.1297874774371667e+002  8.9515422153343661e+002  8.7992760256462043e+002  8.7867190673561890e+002  8.7795275884674174e+002  8.7776788158827821e+002  8.7772986879080190e+002  8.7772986879080190e+002  8.7768575146928788e+002  7.8536877522021041e+002  7.8536877438710826e+002
  4.0979946053413405e+003  2.5783293990147586e+003  1.6886813292385737e+003  1.6714731478207341e+003  1.5341836697843860e+003  1.4037087650283311e+003  1.4037087584390456e+003  1.4037087584390456e+003  1.0497896057071671e+003  9.8119742144505653e+002  9.7896732778016849e+002  9.7852984262521295e+002  3.9770499701857852e+002  3.9770499701857852e+002
  4.0810002363858039e+003  2.5967690917844593e+003  2.3196221391370273e+003  9.2070890926316088e+002  8.7920464345508026e+002  8.5741577881336616e+002  8.5587219172964797e+002  8.5521376597939343e+002  8.5515804965613643e+002  8.4826863005282939e+002  8.4826863005282939e+002  2.8454748964686632e+002  2.8351549398683528e+002  2.6271868299929247e+002
  3.6805729540518523e+003  2.6068779933590213e+003  2.3686260604793524e+003  1.9621393414922259e+003  5.6102305157407454e+002  5.3832783948945325e+002  5.3572719879974647e+002  5.3230407458520040e+002  3.7915359633197977e+002  3.7873283929988429e+002  3.7857778764923796e+002  3.7851438688105554e+002  3.7851438688105554e+002  3.7851438688105554e+002
  3.1528061436796415e+003  2.1154025704334408e+003  2.1041114030023336e+003  2.1041114030023336e+003  6.2106227649127140e+002  6.1984567468212299e+002  6.1926452360867324e+002  6.1716063803071256e+002  6.1700038677065140e+002  6.1688484914234596e+002  6.1683183113278346e+002  6.1683182234760670e+002  6.1683182234760670e+002  6.1594329956116326e+002
  3.4975185672277885e+003  2.5012654536126211e+003  2.2366368052391190e+003  1.4880382683649896e+003  8.9829912753521694e+002  8.3415580275013735e+002  8.3294464792680810e+002  8.3223542662920499e+002  8.3064096846428947e+002  8.3042192933582601e+002  8.3042192933582601e+002  8.3042192933582601e+002  8.3042192933582601e+002  7.4400854857857939e+002
  3.9539442207684860e+003  2.2848314806775325e+003  1.8495716170618025e+003  1.7135851202724334e+003  8.7288189369989868e+002  7.7022092118054888e+002  7.6977832988483033e+002  7.6977832988483033e+002  7.3976593528838248e+002  7.3917501165971044e+002  7.3917501003524239e+002  7.3917501003524239e+002  7.3917501003524239e+002  7.3871128938052061e+002
  3.6109835537987447e+003  2.3350939621907391e+003  2.2662473683915614e+003  1.6826520415955820e+003  1.6389331791085633e+003  1.1367699757051478e+003  1.1367699757051478e+003  1.1366273313946281e+003  9.4164885512663113e+002  9.3758676711844828e+002  9.3709095299715045e+002  7.1225811225116468e+002  7.0964781513459911e+002  7.0115031551565789e+002
  3.4136587692365256e+003  2.4459195698128206e+003  2.0721148909204458e+003  1.3288602484819853e+003  1.2968663145559285e+003  1.2968663145559285e+003  1.2967293595740139e+003  1.2893521725864475e+003  1.2893521164467438e+003  6.1670045851520445e+002  6.1669224292943181e+002  6.1667610551259895e+002  6.1548567890083814e+002  6.1548567772361184e+002
  3.1377499845214388e+003  2.6351743901472619e+003  1.7897253239473366e+003  1.0450844312563145e+003  9.7451239112121448e+002  9.5766181777660904e+002  9.5760173741091694e+002  9.5760173741091694e+002  9.5760173741091694e+002  9.5691481563886646e+002  9.5654281064131101e+002  9.5654281025922501e+002  9.5654281025922501e+002  9.5654281025922501e+002
  3.8708862592220357e+003  2.8958937089076635e+003  2.3656232212072809e+003  1.5848277702464247e+003  8.3545759704269767e+002  8.3150749766007493e+002  8.1885292962520816e+002  8.1790981716541864e+002  8.1718849638387019e+002  8.1718849621942354e+002  8.1718849621942354e+002  8.1718849621942354e+002  8.1718849621942354e+002  8.1718849621942354e+002
