  5.2449678495915700e+005  1.0981014731632805e+005  6.8974298197576165e+004  6.7236358412228525e+004  7.9260689845786146e+001  1.8264708229575263e+001  1.7833701475864473e+001  1.7833701475864473e+001  1.7801055443733276e+001  4.0242641695085695e+000  2.6154892931067479e+000  2.5722767601064334e+000  2.5721727193713377e+000  2.5693851076507599e+000
  4.1211504768549505e+005  6.3388895902156422e+004  6.3361633323078044e+004  3.2813399675554974e+004  2.8210128540747792e+002  1.2161173229387714e+001  1.7748835051938840e+000  1.1729827195676990e+000  1.0807727711953703e+000  1.0630514115000551e+000  9.7337695548321790e-001  9.5105256174156239e-001  8.9736298203843035e-001  8.8238662546928026e-001
  4.6100991737016005e+005  3.0884311853486195e+005  1.5125976102942167e+005  1.0419188650060614e+005  1.2514518788829309e+002  3.6654755934473542e+000  1.2068198901820324e+000  1.1853110636511701e+000  1.0669084255118833e+000  9.6118911556868625e-001  8.1383325781962412e-001  7.5182522773184246e-001  7.2998480287560596e-001  6.9921729149882594e-001
  3.9704372654475772e+005  3.9626838232596987e+005  1.1862228352315316e+005  1.7303614747740801e+004  3.1661641667898994e+002  2.6299040427948057e+000  1.0823700671467122e+000  8.5616716795129832e-001  7.4286106123508944e-001  7.2717383135795899e-001  7.2605090932847816e-001  6.7387862934765508e-001  6.3479737506850142e-001  6.3447165608840805e-001
  6.8705212481621740e+004  6.4388346300388075e+004  2.3359246385553957e+004  3.7136789994848568e+003  1.1947646115450152e+002  8.2562972065625218e-001  6.2865036773973770e-001  4.6840968194419474e-001  3.7317189105260695e-001  3.4162596789019517e-001  3.3339379297694904e-001  3.3311966407245563e-001  3.3305862830593469e-001  3.3304905563682041e-001
  1.6231613610886289e+006  4.0949972893071949e+005  4.0941007760302944e+005  2.6124173783409813e+004  1.2943236077796428e+002  5.2742513993466673e+000  4.8452229020163031e+000  4.8452011740678245e+000  4.7187758134245996e+000  4.4197875727440987e+000  4.1936842127852287e+000  4.1805408206646462e+000  4.1778573335791407e+000  4.1151418545141496e+000
  1.8759023750215501e+005  1.0575874221849552e+005  1.0566036228107396e+005  3.0209809416828793e+004  1.2031060711558894e+002  1.1892810675510509e+002  1.1887705480517161e+002  1.1887507175547307e+002  1.1887280001565478e+002  1.1887266998962286e+002  1.1887237956843410e+002  1.1876627769969627e+002  1.1876603028830323e+002  1.1876596550780459e+002
  2.9523807773527846e+005  1.2771909181719765e+005  1.2752596065548272e+005  4.3206105783513842e+004  7.7751348650909222e+001  5.4610450877892617e+001  8.3698793042640318e-001  4.5756689908239423e-001  4.5220646520601804e-001  4.4751961929887329e-001  4.3947213372484839e-001  3.6347158154330828e-001  3.5975467304342601e-001  3.2485408053753417e-001
  6.7001112708740029e+005  1.4255357318891754e+005  1.1833236901497925e+005  7.7304969634638604e+004  1.6106841377358614e+002  1.8315715232894945e+001  1.6810451906170329e+001  1.6785316440296356e+001  1.6784841185602090e+001  2.0984158615947308e+000  1.1894714909458344e+000  5.1444248070811227e-001  4.3217066120996606e-001  1.3648285281487915e-001
  1.0408697582540244e+003  9.0261774004709423e+002  7.6937072194352959e+002  4.1167117509532727e+002  1.2867830622182601e+002  7.7134982959660192e-001  7.4684637747850502e-001  7.4684637747850502e-001  7.4684637747850502e-001  7.0727441005783476e-001  7.0702216366134962e-001  6.9800653224683629e-001  6.6678016148489405e-001  6.4796703367346709e-001
  1.0422547727625049e+005  1.0351100386407762e+005  5.3634290470424108e+004  4.0554715031043452e+004  5.8844438642429395e+001  9.6378082781757257e-001  6.7252549266731876e-001  6.6534456550016330e-001  6.6349186829484097e-001  6.6240066554701116e-001  6.6230636028967638e-001  6.6230485011465134e-001  6.6230318250973141e-001  6.6005871043080333e-001
  1.1291498019522951e+005  1.1225267908079174e+005  1.1215674157019841e+005  2.9312935258662899e+004  2.3395020106258698e+002  1.2600163377353965e+001  1.1080053508615038e+001  1.0972132353123015e+001  1.0965767382176182e+001  1.0965767382176182e+001  1.0944963877148439e+001  1.0934943541695247e+001  1.0933323766172634e+001  1.0931700124976032e+001
  2.2516124062389871e+006  2.2084298189490885e+006  1.5267002214781891e+006  9.1641541562110011e+004  1.1288440585220515e+003  1.4303276874051608e+002  5.8673858811640002e+001  5.8204080414458531e+001  5.8204076401581915e+001  5.8203824875646205e+001  5.8203823740606822e+001  5.8203823095269399e+001  5.8203776859284972e+001  5.8203776859284972e+001
  9.3612518687908349e+004  9.3339525737595759e+004  7.6733341807177814e+004  6.4026043057255374e+004  2.2679472853762945e+002  1.7215565225837508e+001  7.8490850184830379e+000  3.3729936445488420e+000  2.3733901086302467e+000  1.1153870356656626e+000  9.3529106007008522e-001  7.8234909996672286e-001  7.6789637050160309e-001  6.9721070583136679e-001
  1.2350819489575250e+005  1.2342525951030885e+005  1.2334318891701027e+005  2.6429741092713146e+004  8.1041020795862096e+001  1.9837831241171443e+001  1.0802055482804008e+001  1.7486935562619692e+000  2.4490241186595085e-001  2.4490241186595085e-001  1.5765502170779655e-001  1.5765502170779655e-001  1.2842768892687673e-001  1.1124671264860808e-001
  7.0949785141159734e+005  7.0945509718953574e+005  7.0945509718953574e+005  6.9328759531083735e+004  3.0072487265794189e+002  1.1105769702276120e+001  1.0948796919215056e+000  7.9107004362685984e-001  7.3462687653591274e-001  7.3123952228206690e-001  7.1294059603860660e-001  6.4342415936516772e-001  6.4255501681873284e-001  6.4255326513330147e-001
  9.3612518687908349e+004  9.3339525737595759e+004  7.6733341807177814e+004  6.4026043057255374e+004  1.8447026326953164e+002  1.4345990559637949e+002  1.4314710833128038e+002  1.4313497506803242e+002  1.4313324350606763e+002  1.4313309949244513e+002  1.4313308233119415e+002  1.4313307213691132e+002  1.4313306635251593e+002  1.4313305544262812e+002
  1.3836687082848433e+005  1.1036878911830588e+005  6.8888472004681433e+004  2.4500273134642117e+004  3.4702273118329185e+002  1.7798635999596627e+001  1.7225955126361896e+001  1.6280935047900584e+001  7.5816801975634007e-001  6.9303855550970184e-001  6.9090583866045563e-001  6.9016386031489674e-001  6.8775578479335309e-001  6.8775471229355389e-001
  6.3944963763212727e+005  4.4370034962883656e+004  6.5179939449657959e+003  6.0121250545559424e+003  1.8476397181865514e+002  1.7121572181677493e+001  1.0713725267893551e+001  1.0646943228957753e+001  1.7864910276448427e+000  1.2897845972884170e+000  8.3556716628481809e-001  7.9732567476230543e-001  7.7875554542151804e-001  6.6051627812021252e-001
  1.6236866919491726e+006  4.1422264070771041e+005  9.3762038464324185e+004  5.5834390532919424e+004  3.4690090400517420e+001  1.7004715738098639e+000  1.2860241840039635e+000  9.4899550774016461e-001  9.4898520484912297e-001  8.9688296219219410e-001  8.1299551833126316e-001  8.1299551833126316e-001  3.4761962261609369e-001  3.1316331391735730e-001
  1.6739574491557601e+005  8.3568709345123047e+004  7.8246154898194480e+004  1.7400918115306846e+004  2.4340088698719637e+002  3.7205909126719234e+000  1.1626091539778827e+000  9.4147008253867170e-001  9.1548871897111894e-001  7.9611686222870048e-001  7.7670267576240803e-001  5.2055130238159109e-001  5.1022828984787338e-001  5.0386522599001182e-001
  3.3582253632694745e+005  2.2501545795930727e+005  2.6173011585902757e+004  2.3446908359232686e+004  3.1505349242670491e+002  3.1666754170964850e-001  1.5797350087086670e-001  7.9173181562055106e-002  6.7450378410740086e-002  5.7743154161016719e-002  5.7654074934816890e-002  5.5477367593084637e-002  5.5421915805709432e-002  5.5413542259884707e-002
  7.8365604740594327e+005  1.6197777699915270e+005  1.2999093988891807e+005  1.2998648630995557e+005  8.5979907427340549e+000  7.3984031423419765e+000  7.1552351401073793e+000  1.9189475042503545e-001  7.8246425102861394e-002  2.5730203308285127e-002  1.6067029396708676e-002  1.1952495159221144e-002  7.8572945280939166e-003  7.8555246655014344e-003
  9.3862845988063811e+004  9.7824800285140282e+003  9.6258475940427761e+003  9.5439869685768826e+003  2.4989541227377458e+002  1.7545500812041610e+001  1.6648906460163289e+001  6.7113235457413793e+000  1.4161251154428101e+000  1.4161251154428101e+000  1.2444507271347902e+000  9.0231793203474808e-001  9.0231793203474808e-001  9.0229821057710069e-001
  4.5452122894945071e+005  4.5417892501728807e+005  1.3379691074319914e+005  4.9508902264208089e+004  2.0677836104987955e+002  3.9073092905814974e+001  3.5817416791380765e+001  4.5563971439864872e+000  1.4394700368538906e+000  1.4020149980888164e+000  1.2560475998388938e+000  1.2031996043328945e+000  1.2031996043328945e+000  1.2031977756605556e+000
  7.8270961355929368e+005  6.9074641514601652e+004  6.9032814655309252e+004  1.4399413769950675e+004  1.9237955288625426e+002  2.3416255439304678e+001  1.7480012588402587e+001  1.7179603297014182e+001  1.7178387208733056e+001  1.7178387208733056e+001  1.7178387208733056e+001  1.7178387208733056e+001  1.7178387208733056e+001  1.7178331200699631e+001
  6.8684220162199298e+005  1.2218590538939423e+005  1.2205132245122097e+005  1.1210380318619453e+005  1.8596760093212652e+001  1.7804007321912650e+001  1.7778567793724505e+001  1.7754050683561672e+001  1.7747860178860265e+001  1.7676859261513073e+001  1.7668287784519634e+001  1.7632994098141353e+001  1.7570653583466992e+001  1.8993128999063629e+000
  3.0763594620956044e+005  1.4079529565058232e+005  1.4073571597791405e+005  9.1587441319663150e+004  2.5777612650270567e+002  8.9514294154432719e+001  1.1070513927252250e+000  7.8533009338480042e-001  7.7601762030280952e-001  6.5768386160198133e-001  6.5742284303996712e-001  6.5726716892640979e-001  6.5714800858086164e-001  6.5699932788857041e-001
  1.4539912511308308e+005  1.4502731570600256e+005  1.4461015413504842e+005  1.4348336077358227e+005  2.0595774203221481e+001  1.7840749363163923e+001  1.7185951846982334e+001  1.7185949824472573e+001  1.7181556864057256e+001  1.7178290474850655e+001  1.7177027508667834e+001  1.7174536735019046e+001  1.7174536735019046e+001  1.7174536735019046e+001
  1.7030701480059715e+006  3.6755297768692696e+005  6.2016555340030471e+004  6.1844423067382122e+004  3.0199416575468786e+002  1.8218465087097684e+000  9.4767972389990973e-001  7.3771495253458852e-001  7.3771495253458852e-001  5.8516908277442781e-001  5.8516908277442781e-001  5.8516908277442781e-001  5.0811442781514415e-001  4.3706589806970442e-001
  6.6530068146270234e+004  6.5928749990174110e+004  6.5806719041439530e+004  6.5439289959332949e+004  3.0292099469306777e+000  3.6031838738881561e-001  3.6031838738881561e-001  3.4649105016933390e-001  2.7870892528835611e-001  2.7696421575183194e-001  2.7696421575183194e-001  2.7696421575183194e-001  2.4834619855664641e-001  2.4094172761851951e-001
  2.8509905179147457e+005  5.2725925391905090e+004  1.3276679121621541e+004  5.4980369711309004e+003  2.9092621701806820e+002  3.2044956365136386e+001  3.5069102062084312e+000  1.2549285834215880e+000  6.6237498836517261e-001  6.3035501755848600e-001  6.3035501755848600e-001  5.5931168434881329e-001  4.1930532147398480e-001  4.0579280377187388e-001
  7.8845989903141715e+004  3.2541960781639573e+003  3.0329319021814490e+003  2.3293792205486661e+003  1.7891282868996632e+002  6.8634641538776577e+001  4.8660988444793929e+001  5.8414750325014211e+000  5.6390939284838169e+000  5.5202970103528060e+000  5.5202970103528060e+000  5.4299686059721353e+000  5.0492363539096914e+000  5.0406305789547332e+000
  2.9644611929581827e+005  2.1908918531036205e+005  5.0827740395201938e+004  4.3758607228304303e+004  2.3418908286754959e+002  1.9103666567234541e+000  7.2710321651857157e-001  6.7815086500650068e-001  6.1659838115201637e-001  6.1591459589044462e-001  6.1589557302750109e-001  6.1584940853936132e-001  6.1576648675236356e-001  6.1569560676161927e-001
  3.6333648268873687e+005  3.2905065145909466e+004  3.2594357886685670e+004  3.7567065126945608e+003  8.3686797628675322e+001  2.6584997387431031e+001  1.8846848816824149e+001  1.7234382304450264e+001  1.6989752069734550e+001  5.2889052601940421e+000  4.1276042140361824e-001  2.0246285304983758e-001  1.9273188692250187e-001  1.8979312362125711e-001
  5.0887315638624091e+005  2.1946522738951896e+005  8.1130701191881773e+004  7.9824830956804959e+004  2.0693331452070242e+002  1.0469297660232769e+001  9.7172983413202019e+000  9.4748781513385438e+000  8.8030021258932720e+000  8.7594811802655386e+000  8.7572287558741664e+000  8.7557325063180542e+000  8.7542223314749208e+000  8.7528774238598999e+000
  5.0643346838448412e+005  8.5631095770340849e+004  8.4688499510749840e+004  4.1444222611762212e+004  2.8929417166017947e+002  2.3038758771317589e+000  1.9531373437248476e+000  1.7774860620252184e+000  1.5016090552940113e+000  1.3468461123748057e+000  1.3450982559943441e+000  1.3161054290376342e+000  1.3161054290376342e+000  1.2821272161868364e+000
  5.6339687474224134e+005  5.6331222406415944e+005  5.6330182603340014e+005  7.6892754044587389e+004  3.9612916208717706e+001  7.6494097494583002e+000  2.9280291583295366e+000  2.6301909028511545e+000  2.6097796289795951e+000  1.8681130151630896e+000  1.0838994836849452e+000  1.0194570044991451e+000  8.5294213589713763e-001  8.2848281725773631e-001
  5.6271663921674271e+005  3.1843139330823836e+005  1.5640050906829652e+005  1.5222673499446770e+005  2.3510403905684962e+002  1.2427867189604331e+002  2.0429067980530817e+000  1.8144016455235032e+000  1.2171651759213091e+000  1.0678575029178319e+000  9.2648246283306435e-001  9.2648246283306435e-001  9.0300378331494358e-001  8.9147455263400843e-001
  1.5522361070440512e+005  1.5518222913877675e+005  3.0578798470763209e+004  3.0474729237757150e+004  1.8612346976273466e+002  1.2393091890864207e+002  1.9656258403167612e+001  1.9656258403167612e+001  1.9393026055985956e+001  1.9393026055985956e+001  1.7756760343480892e+001  8.0325179343717537e+000  1.3646114433113326e+000  1.1364899130653612e+000
  8.8720524759533771e+004  8.8714293770384655e+004  5.5964690750870985e+004  5.5624735439029573e+004  2.2374425976912244e+002  1.1635353238455491e+002  5.9628844001690595e-001  2.5123617961526179e-001  1.3352651564400730e-001  1.2794907106081155e-001  1.1011379382944142e-001  1.0287101763697137e-001  1.0286417289762539e-001  1.0237038827835931e-001
  1.0596864101107061e+005  1.0590888237269013e+005  2.3401659126243565e+004  9.2558520503398468e+003  2.0292237479276719e+002  1.9786495246189588e+001  1.8692714510362748e+001  1.8681033074258721e+001  1.6666233892811306e+001  2.4542658329755795e+000  2.1518020287253421e+000  1.9578656669164047e+000  5.9345573364544180e-001  5.3225514080304492e-001
  8.2050238024741528e+005  6.1150475361732696e+005  8.1290943199630769e+004  2.0864583133893706e+004  1.9386533998326058e+002  7.0358290125744588e+001  5.9914695862556528e+001  1.1347286910879120e+001  1.1303545510309505e+001  1.1069532011790216e+001  1.0016408032315667e+001  9.4211783745713547e+000  9.3258023600210436e+000  9.2430205991631738e+000
  1.9038370042179895e+005  1.9018223238279045e+005  1.9015303946264813e+005  1.3789389580714912e+005  1.1077196413902038e+002  8.5847276541720476e+001  8.5847276541720476e+001  2.2634412024779522e+001  1.7619432078894533e+001  1.7047369300994433e+001  1.6970831903399358e+001  2.6248829877304161e+000  9.3149058454446276e-001  7.6007196485852546e-001
  8.7485452656908146e+003  8.7485452656908146e+003  8.7155218555018109e+003  8.1004068035625096e+003  4.8674646854095954e+001  2.7730043233045762e+000  8.1234436590557380e-001  5.9240599449412912e-001  5.9240599449412912e-001  5.9237781632100450e-001  5.8697380990088277e-001  5.8643679091437662e-001  5.6415912392776590e-001  5.5349352758230452e-001
  1.3287889520655668e+005  1.3281963632215900e+005  1.3150437243549334e+005  2.9109960570534135e+004  2.4867850451477761e+002  9.4068861043027027e+001  2.4074409325858142e+000  2.3937765287291768e+000  2.3374691345334213e+000  2.2284942758301440e+000  2.1377374049498030e+000  2.1370646995324023e+000  2.1369994336478157e+000  2.1329417701022066e+000
  9.5481328584867460e+005  2.0913856790718634e+005  2.0795471109389706e+005  1.9083121581844671e+005  9.8415001707572628e+001  8.7901693045023421e-001  7.2123286446958446e-001  5.9355858039543818e-001  5.9355858039543818e-001  5.9355858039543818e-001  5.1238636915513780e-001  5.1238456004102773e-001  5.0666108127416010e-001  5.0665100931337292e-001
  2.8297120636356232e+005  2.8296098455430567e+005  2.0945574066594118e+005  1.5366419151245250e+005  2.5769533451864208e+002  1.9360560800311305e+001  1.7090740792037650e+001  1.6867369856275218e+001  1.6867360844150880e+001  1.6867259612011821e+001  1.6867259612011821e+001  1.6867259612011821e+001  1.6832385016145054e+001  1.6830261825861271e+001
  1.1059908366933542e+006  1.3638357660926974e+005  1.3630661211599235e+005  1.1961953650265934e+005  9.3217321043123320e+001  3.9481244716171204e-001  2.1067411386866297e-001  6.4268306739450054e-002  5.7702960353253729e-002  2.9181312044329388e-002  2.9181173034430685e-002  2.9181167165006627e-002  2.9180941612594324e-002  2.9180884429024445e-002
  2.0515394792531005e+006  1.3780154567332880e+006  1.0896249330031507e+005  1.0789509729111924e+005  3.0302996521116893e+002  4.2955445498893368e+001  1.0176505805625311e+000  7.1406863271431575e-001  4.4560019991286026e-001  3.1548184365192355e-001  2.7279589394174764e-001  2.7279589394174764e-001  2.7279589394174764e-001  2.4276629016594597e-001
  9.1082639215095143e+005  1.2932729954849827e+005  1.2931045384754479e+005  4.4370033626824652e+003  1.3822394365997798e+002  6.6240444691948142e-001  6.3093099349953263e-001  3.0085491251702479e-001  2.4716476364574191e-001  2.4716476364574191e-001  2.4710647312031142e-001  2.4709612627793831e-001  2.4709612627793831e-001  1.8573016498794459e-001
