  1.0695713352154053e+003  8.2077469818132340e+002  4.6016103030567274e+002  4.6016103025780285e+002  4.5024122067745839e+002  3.8793805259313513e+002  3.7954556138419639e+002  3.6313830044659562e+002  3.6077839232519364e+002  3.6069296806529337e+002  3.6068895038763185e+002  3.6067447506531880e+002  3.6067414535759553e+002  3.6059305019371777e+002
  1.0919579768651311e+003  7.6771458365133458e+002  4.5672082999205486e+002  4.5671660065462675e+002  4.4114998269703938e+002  3.9299098114237177e+002  3.7139531880664890e+002  3.6122529775300927e+002  3.6122401059273034e+002  3.6122266657298587e+002  3.6122266657298587e+002  3.6122266657298587e+002  3.6121348061147592e+002  3.6121336438061917e+002
  1.0616932847976432e+003  7.9156103289170369e+002  4.6152368546470780e+002  4.6152339932854011e+002  4.6092543868242819e+002  3.8208957653185053e+002  3.7693962047063405e+002  3.5852796753029361e+002  3.5840106866801761e+002  3.5837792394914823e+002  3.5834756419700898e+002  3.5834632572311875e+002  3.5833681467376573e+002  3.5828472987659734e+002
  1.0494324138264674e+003  7.8251132530910218e+002  4.4910714836828265e+002  4.4904772799175498e+002  4.2852118685555570e+002  3.9896508930806431e+002  3.7703600825137210e+002  3.6587072983499047e+002  3.6075015725794219e+002  3.6031124207559924e+002  3.6003533511850037e+002  3.6003533496554155e+002  3.6003533496554155e+002  3.6003533393436555e+002
  1.0343705143341549e+003  7.6025282563915516e+002  4.4663848936266049e+002  4.4661874686278406e+002  4.4063880326873368e+002  4.0120143493120167e+002  3.7043442533735879e+002  3.6169588681843425e+002  3.6039771789951919e+002  3.6032242103589533e+002  3.5988012340862088e+002  3.5988012340862088e+002  3.5987685545049726e+002  3.5987681356520761e+002
  1.0175278445036392e+003  7.9453278899260795e+002  4.6483462974208942e+002  4.6479440497498308e+002  4.6063820198180883e+002  3.9340944703476998e+002  3.7007111785944153e+002  3.5943362271380329e+002  3.5862002124168112e+002  3.5854220442384212e+002  3.5831421156477654e+002  3.5826579509437124e+002  3.5826579509437124e+002  3.5826237426996659e+002
  1.0936916952904421e+003  8.1872910624094857e+002  4.4085339223468645e+002  4.4084178149070249e+002  4.1725440817699200e+002  3.9125197621207099e+002  3.7343468736699970e+002  3.6038717641178573e+002  3.5903504732220563e+002  3.5888122856037535e+002  3.5888122856037535e+002  3.5888122856037535e+002  3.5888106286450102e+002  3.5888105791814542e+002
  1.0888466703202998e+003  7.5657485147844909e+002  4.5700852012107862e+002  4.5700516466953650e+002  4.4811605339588687e+002  3.8776365201955741e+002  3.7537106046209919e+002  3.6147122899639453e+002  3.6104043968716996e+002  3.6078713169708271e+002  3.6075210645975721e+002  3.6067593254274379e+002  3.6067593254274379e+002  3.6067591019068641e+002
  1.0603425336846103e+003  7.8413609730022745e+002  4.4470226448728408e+002  4.4470212210359341e+002  4.2091888165391674e+002  3.9489447027271353e+002  3.7385787039579327e+002  3.6577879103850591e+002  3.6115414287880549e+002  3.6076048730585126e+002  3.6073651783715513e+002  3.6072157795380144e+002  3.6070200161066168e+002  3.6059512782196043e+002
  9.9585643015485948e+002  7.9082994401721953e+002  4.6501309758052957e+002  4.6501309758052957e+002  4.5451227062260295e+002  3.9457668466481937e+002  3.7467623109174974e+002  3.6371648717925018e+002  3.6137122987654175e+002  3.6131293604907160e+002  3.6126617692920809e+002  3.6126531734544960e+002  3.6126117221974437e+002  3.6116223671145917e+002
  1.1222680579207590e+003  8.0374141930511860e+002  4.6213708818888153e+002  4.6213708497679636e+002  4.5861073312104236e+002  3.8337393209668380e+002  3.6876186954157674e+002  3.6509762151812629e+002  3.6478939505010476e+002  3.6469254015802699e+002  3.6435616609124918e+002  3.6435616609124918e+002  3.6435616609124918e+002  3.6435616609124918e+002
  1.0820961341063403e+003  8.1239499746105412e+002  4.7262135658361467e+002  4.7262133274192911e+002  4.2688055541445237e+002  3.9446355899580067e+002  3.8334476090977705e+002  3.6345486468112904e+002  3.6058708822191602e+002  3.6047734248276583e+002  3.6044286835897174e+002  3.6030603223005892e+002  3.6030491743898074e+002  3.6030487933167478e+002
  1.0816889867690775e+003  8.0063213553497371e+002  4.5758481457989546e+002  4.4768062331231386e+002  4.4767713665012889e+002  3.9558770064721193e+002  3.7625064148730280e+002  3.6622727743889345e+002  3.6086059120840127e+002  3.6082476156318717e+002  3.6059800584914819e+002  3.6059800584914819e+002  3.6059741299493135e+002  3.6059730910080998e+002
  9.9266591126691901e+002  8.0617649042556877e+002  4.4766711251234983e+002  4.4766285174892437e+002  4.2966385561824836e+002  3.9129362123909323e+002  3.8011927047648487e+002  3.6418870546575317e+002  3.6085019239052917e+002  3.6069650366317728e+002  3.6067408611891460e+002  3.6066088096920703e+002  3.6066088096920703e+002  3.6066086931541258e+002
  1.0530012930806297e+003  8.1094889818222509e+002  4.2609731206834158e+002  4.2609730433774621e+002  4.1609727858112456e+002  3.9267254045158188e+002  3.7019589625946492e+002  3.6003669303048719e+002  3.5869928926419334e+002  3.5855737212196209e+002  3.5852286219233110e+002  3.5852286219233110e+002  3.5846920865308311e+002  3.5828610594647125e+002
  1.0418075121524053e+003  8.1991352769286686e+002  4.5926614987579569e+002  4.5926603073504657e+002  4.2419149647440281e+002  3.9237369129365288e+002  3.7986346666790814e+002  3.7124802252135896e+002  3.6113130039268071e+002  3.6083438155541944e+002  3.6078912572317404e+002  3.6078500735140551e+002  3.6059679568930369e+002  3.6059678928754965e+002
  1.0551970751222761e+003  7.7272551077916114e+002  4.5843714364198240e+002  4.5843533928521174e+002  4.4656524300145747e+002  3.8310623985512711e+002  3.7292550442056518e+002  3.6316870659837696e+002  3.6108957032895160e+002  3.6108957032895160e+002  3.6108909318308588e+002  3.6108909318308588e+002  3.6108909318308588e+002  3.6108909318308588e+002
  1.1131886251628034e+003  8.0579623195835575e+002  4.9267425141620060e+002  4.9267408674893159e+002  4.4253971091959147e+002  3.9547008307223632e+002  3.7371776646430180e+002  3.6297303682421170e+002  3.6060018988477714e+002  3.6060018988477714e+002  3.6059967940955448e+002  3.6059967940955448e+002  3.6059967940955448e+002  3.6059920573335967e+002
  1.0786216396106802e+003  7.9990344440323042e+002  4.3981421456511453e+002  4.3977444023177395e+002  4.2654524393985093e+002  3.9839315402443981e+002  3.7463996892966134e+002  3.6372713208659798e+002  3.6330620389894420e+002  3.6330620389894420e+002  3.6330139233055297e+002  3.6330047323071221e+002  3.6329570007540315e+002  3.6329275694800435e+002
  1.0625664524822560e+003  7.8311460284017539e+002  4.4190894363520874e+002  4.4102818337191093e+002  4.1735931984333047e+002  4.0650789888060990e+002  3.8489594312504596e+002  3.6647827660673011e+002  3.6098948881697925e+002  3.6070819819302733e+002  3.6068760981178457e+002  3.6068119325579164e+002  3.6068030502133115e+002  3.6059383957283808e+002
  1.0615692841376094e+003  8.0549416176303339e+002  4.4011732849441887e+002  4.4011725355460476e+002  4.3576638397325951e+002  3.9273898225785479e+002  3.7022393008510562e+002  3.6567028061124620e+002  3.5875466136060550e+002  3.5815748631901624e+002  3.5815748631901624e+002  3.5815748631901624e+002  3.5815748631901624e+002  3.5815689947401097e+002
  1.0501173286915628e+003  8.1289586981237699e+002  4.4761935037600870e+002  4.4758856622781605e+002  4.4187127959170084e+002  3.9544304311835867e+002  3.7623126348546930e+002  3.6292291284649582e+002  3.6060260646144570e+002  3.6017760979078503e+002  3.5996843356383033e+002  3.5993513448697331e+002  3.5972694242984562e+002  3.5971466464802006e+002
  1.0643503194910331e+003  8.0224590416725550e+002  4.3602108056048382e+002  4.3601783796196924e+002  4.3601782616375203e+002  4.0212714868227067e+002  3.7545159067096347e+002  3.6195977010370279e+002  3.6059840333527336e+002  3.6059840333527336e+002  3.6059840333527336e+002  3.6059840333527336e+002  3.6059840333527336e+002  3.6059839847384865e+002
  1.0944208943880285e+003  7.9959719670887989e+002  4.7025111693636973e+002  4.7025091881925619e+002  4.3054105390504265e+002  4.0153883783923538e+002  3.7280200223624388e+002  3.6649647169821674e+002  3.6129842170171378e+002  3.6090352563736178e+002  3.6073174197645631e+002  3.6073172933957221e+002  3.6071879832444574e+002  3.6049765241751720e+002
  1.0874911493264181e+003  8.1375453232604150e+002  4.5939817461776784e+002  4.5939701460571086e+002  4.5634107840476190e+002  3.8715127257008862e+002  3.6944903904708644e+002  3.6127336285589263e+002  3.5840589391930325e+002  3.5840589391930325e+002  3.5840589391930325e+002  3.5840167847412886e+002  3.5803985103749710e+002  3.5803984157396508e+002
  1.0836571943647286e+003  8.0519111367458709e+002  4.4333720521090254e+002  4.4192700223112206e+002  4.4192700223112206e+002  3.8835798362291189e+002  3.8029617983600428e+002  3.6800682278212389e+002  3.6139270146305535e+002  3.6083228875285204e+002  3.6043086759905054e+002  3.6043086759905054e+002  3.6043086759905054e+002  3.6042737159205535e+002
  1.0774944268099957e+003  7.9079134214708620e+002  4.5222590404770926e+002  4.5222452493784658e+002  4.4487551507885928e+002  3.8125320159147213e+002  3.7855624892752894e+002  3.6286325946313627e+002  3.6111437144165711e+002  3.6085085813273690e+002  3.6058962191125374e+002  3.6053437805586964e+002  3.6053437805586964e+002  3.6053100691534382e+002
  9.9378162769702249e+002  8.3401624605384268e+002  4.4954318525655890e+002  4.4954218104272240e+002  4.4796157890979157e+002  3.9586873385412673e+002  3.7177532629867574e+002  3.6099727302529664e+002  3.6078589359855005e+002  3.6078589359855005e+002  3.6078589359855005e+002  3.6078589359855005e+002  3.6078589359855005e+002  3.6078587598018885e+002
  1.0574661418458145e+003  8.1501831766685973e+002  4.5769906343562388e+002  4.5769862332045250e+002  4.4988235271661597e+002  3.8411795792547309e+002  3.7177864069368388e+002  3.6220618938276766e+002  3.6098109177423385e+002  3.6080559811575722e+002  3.6073792947309676e+002  3.6072773000231700e+002  3.6072007716128701e+002  3.6070365153132752e+002
  1.0265616420845045e+003  7.7910584476190752e+002  4.5122613664274149e+002  4.5122336262201588e+002  4.1961142046294390e+002  3.8572252772084903e+002  3.7375886443075251e+002  3.6505960001149424e+002  3.6339760887659895e+002  3.6292587258842241e+002  3.6290964845152803e+002  3.6259593822445640e+002  3.6259262401533215e+002  3.6259260871598281e+002
  1.0725951294730021e+003  7.9133595716682385e+002  4.3867393311276237e+002  4.3867393166534293e+002  4.2141576453391281e+002  4.0379904843652548e+002  3.7431663573349533e+002  3.6524638296557941e+002  3.6317812285649097e+002  3.6290651523851602e+002  3.6286375676653597e+002  3.6281609565192139e+002  3.6280961844048534e+002  3.6272938041719590e+002
  1.0346056638764749e+003  7.7721607385621746e+002  4.6905676525618401e+002  4.6905676525618401e+002  4.5996329372430864e+002  3.9803509072643919e+002  3.8364863032735593e+002  3.6813707312410543e+002  3.6334420359610476e+002  3.6286067965742177e+002  3.6282335125844202e+002  3.6282335125844202e+002  3.6282335125844202e+002  3.6272579427642040e+002
  1.0764510556567884e+003  7.8547373397425235e+002  4.6510081443055469e+002  4.6510071063727310e+002  4.5669619013132751e+002  3.9478561036608198e+002  3.7845282767475601e+002  3.6325720849415848e+002  3.6094492386255706e+002  3.6081259106346397e+002  3.6070832247953194e+002  3.6069837060433838e+002  3.6069837060433838e+002  3.6059522786078514e+002
  1.0840913153461779e+003  8.0370623251613961e+002  4.5660188733232599e+002  4.5660188506707073e+002  4.3318662839382796e+002  4.0117276534572738e+002  3.7126966315341542e+002  3.6157946845932020e+002  3.6100632968127275e+002  3.6078614297706599e+002  3.6071647855490664e+002  3.6071052217277838e+002  3.6070155282726728e+002  3.6059243854120268e+002
  1.0125496732597830e+003  7.8013359599663772e+002  4.3828945053392272e+002  4.3828918860470776e+002  4.3828918277196681e+002  3.9012145337410175e+002  3.7522082011275279e+002  3.6238905758868714e+002  3.6047684871685578e+002  3.6010764828398896e+002  3.6010764663725331e+002  3.6010764663725331e+002  3.6010764663725331e+002  3.6010764663725331e+002
  1.0727289937074975e+003  7.7703956678081022e+002  4.8121472540260584e+002  4.8121472524412093e+002  4.2906791533325259e+002  4.0168000892036434e+002  3.7208904998940488e+002  3.6853356019764442e+002  3.6336485913648858e+002  3.6280693618579653e+002  3.6259203752224175e+002  3.6256197462450564e+002  3.6254614431295431e+002  3.6243071400850749e+002
  1.0699922836489040e+003  7.9755415298544540e+002  4.5354423907004912e+002  4.5353805420801700e+002  4.5337734347657897e+002  3.8203674466904022e+002  3.6811322634234875e+002  3.6301766599672692e+002  3.6136729677498397e+002  3.6133904705135092e+002  3.6114885552868827e+002  3.6114885552868827e+002  3.6114885552868827e+002  3.6098244920857178e+002
  1.0821718746606880e+003  7.8353657420928084e+002  4.5305435822651680e+002  4.5305431437735933e+002  4.5293334340271031e+002  3.9872691935324792e+002  3.8018853777261575e+002  3.6354813750216181e+002  3.6095570608368143e+002  3.6095564189844481e+002  3.6080117798438414e+002  3.6066702448188153e+002  3.6066702448188153e+002  3.6043407444333570e+002
  1.1066612426395150e+003  8.1565172109177001e+002  4.8722339059735077e+002  4.8722275007218332e+002  4.6432705925422943e+002  3.9811297781610574e+002  3.7453707669299456e+002  3.6357579650094840e+002  3.6106859444855536e+002  3.6084220391567578e+002  3.6072099448423614e+002  3.6059605616676981e+002  3.6043172258285813e+002  3.6043093110404197e+002
  1.1163763839871440e+003  8.1169234147339012e+002  4.2792567817412737e+002  4.2792483518731933e+002  4.2792483094643876e+002  3.8257289053468776e+002  3.6843784909190799e+002  3.6137158224962695e+002  3.6067042695216469e+002  3.6066891080778760e+002  3.6057739973615571e+002  3.6054367729315391e+002  3.6053652860406009e+002  3.6041143060455579e+002
  1.0131250628035918e+003  8.1544631179805765e+002  4.5078319377622938e+002  4.5078267342748268e+002  4.5000471744582183e+002  3.8492970122858560e+002  3.7380871399073521e+002  3.6140877567510324e+002  3.6133795586028418e+002  3.6116523265195792e+002  3.6109578994242975e+002  3.6109535378458622e+002  3.6109535378458622e+002  3.6109535011147364e+002
  1.0425986673613079e+003  7.6233348978114464e+002  4.7613857071876146e+002  4.7613760257909462e+002  4.7143272524343956e+002  3.9381878128881090e+002  3.7936573504783291e+002  3.6406122472567449e+002  3.6317683436386642e+002  3.6274931981732107e+002  3.6231906207851216e+002  3.6231906207851216e+002  3.6231870468112356e+002  3.6231870468112356e+002
  1.0897528129987359e+003  8.0087835522902378e+002  4.5571608284333070e+002  4.5571592275956800e+002  4.4561118611071743e+002  4.0337302024565406e+002  3.6759910534326809e+002  3.6190535377247716e+002  3.6086197299160858e+002  3.6060462726655715e+002  3.6060462726655715e+002  3.6060462726655715e+002  3.6060462726655715e+002  3.6060236291753245e+002
  1.0591457314376198e+003  8.2330826796407564e+002  4.5582825993579763e+002  4.5580261157704126e+002  4.5093483123613214e+002  3.8472059460532228e+002  3.7010295567490448e+002  3.6218873761876330e+002  3.6078222723446834e+002  3.6072400984539945e+002  3.6042293203901090e+002  3.6042293203901090e+002  3.6042293203901090e+002  3.6042293203901090e+002
  1.1033794474363522e+003  7.8480948806910237e+002  4.5960778323494014e+002  4.5960743777032394e+002  4.5223555205724415e+002  3.8769517385509744e+002  3.7695042400697321e+002  3.6409561474838620e+002  3.6030788102142378e+002  3.6023662402250557e+002  3.6015687134217933e+002  3.6015289044748533e+002  3.6014959519179592e+002  3.6003532278766943e+002
  9.6748472554286400e+002  7.7867238900651409e+002  4.6490545745253667e+002  4.6490545583437961e+002  4.5438655941723300e+002  3.9243292781805667e+002  3.7022777315273561e+002  3.6118177108707732e+002  3.6057668501574335e+002  3.6021745801300358e+002  3.6019406813677142e+002  3.6019196922874380e+002  3.6017074298158377e+002  3.6012056431760811e+002
  1.0667605658820567e+003  7.7106003153570009e+002  4.8989302502588134e+002  4.8989301397695681e+002  4.4426978299127586e+002  3.8835049857746708e+002  3.6659051388609805e+002  3.6165496021979743e+002  3.6088619289040889e+002  3.6059467625364323e+002  3.6059467625364323e+002  3.6059467625364323e+002  3.6059467625364323e+002  3.6059466596171433e+002
  1.0167062092664978e+003  7.9239449638300675e+002  4.2082013456034474e+002  4.2060111544269603e+002  4.1544476953074445e+002  4.1010147693500676e+002  3.6941657606461513e+002  3.6329093320957054e+002  3.6083293661573407e+002  3.6076523619912996e+002  3.6071787651049954e+002  3.6070081841574802e+002  3.6069989415793862e+002  3.6059370791845913e+002
  1.0642228705244070e+003  7.7413790474418511e+002  4.8088058082287807e+002  4.8087765997487213e+002  4.2736930293587739e+002  4.0443390617916066e+002  3.7752543032405447e+002  3.6287505937473543e+002  3.5813607678965263e+002  3.5813607678965263e+002  3.5813607678965263e+002  3.5813607678965263e+002  3.5813607678965263e+002  3.5800942807433148e+002
  1.0478178621753582e+003  8.1018883565112083e+002  4.4489358474570417e+002  4.3901567696261236e+002  4.3901567696261236e+002  3.9219061655183395e+002  3.7734618402846809e+002  3.6390503899922123e+002  3.6057663062242409e+002  3.6057663062242409e+002  3.6057663062242409e+002  3.6057663062242409e+002  3.6057663062242409e+002  3.6030514141783488e+002
  1.1378886926308792e+003  8.0989610885853244e+002  4.6965235397890046e+002  4.6965233853749578e+002  4.5025168796431808e+002  3.8072731796021344e+002  3.7576681038911784e+002  3.6086942569556777e+002  3.6066297237662184e+002  3.6064328462506819e+002  3.6064328462506819e+002  3.6064322075138080e+002  3.6063352153930236e+002  3.6063299801033827e+002
