  7.1148821640121878e+002  4.8671165355835365e+002  2.0490241769792965e+002  2.0310113834474669e+002  2.0261887600449563e+002  1.0038129637139991e+002  1.0038129637139991e+002  1.0038129637139991e+002  1.0038129637139991e+002  1.0038129637139991e+002  1.0038129637139991e+002  1.0038129637139991e+002  1.0038129637139991e+002  1.0038129637139991e+002
  6.6198138554598245e+002  2.0463570808060422e+002  1.0092605002328719e+002  1.0092605002328719e+002  1.0092605002328719e+002  1.0092605002328719e+002  1.0092605002328719e+002  1.0092605002328719e+002  1.0057220601509971e+002  1.0056323840211417e+002  1.0056323840211417e+002  1.0054799789246317e+002  1.0054799789246317e+002  1.0054799789246317e+002
  7.3684762161157187e+002  2.5908165645469762e+002  2.0698953092111469e+002  1.6702263667346278e+002  1.0987694546247076e+002  1.0875036007080371e+002  1.0042115880863867e+002  1.0042037779290422e+002  1.0042037779290422e+002  1.0042037779290422e+002  1.0037382717861510e+002  1.0037376486628091e+002  1.0037376486628091e+002  1.0037376486628091e+002
  6.9166589413267229e+002  5.4404946615254721e+002  2.0267231529433593e+002  2.0186808813958214e+002  2.0186808813958214e+002  1.0061925381524861e+002  1.0061925381524861e+002  1.0046624571514712e+002  1.0046624571514712e+002  1.0046624571514712e+002  1.0046624571514712e+002  1.0044239335949715e+002  1.0044239335949715e+002  1.0044239335949715e+002
  6.7725915945989254e+002  5.5300488447367707e+002  2.0056533558649744e+002  2.0045825439253667e+002  2.0041460912925822e+002  1.0038148162175139e+002  1.0038148162175139e+002  1.0038148162175139e+002  1.0038148162175139e+002  1.0038148162175139e+002  1.0038148162175139e+002  1.0038148162175139e+002  1.0038148162175139e+002  1.0038148162175139e+002
  6.1726689689953855e+002  1.6465590866270304e+002  1.0048544517700839e+002  1.0048544517700839e+002  1.0048544517700839e+002  1.0048544517700839e+002  1.0048544517700839e+002  1.0048544517700839e+002  1.0048544517700839e+002  1.0048544517700839e+002  1.0048544517700839e+002  1.0048544517700839e+002  1.0048544517700839e+002  1.0048544517700839e+002
  7.0896904879708018e+002  5.2974245507145361e+002  2.0056300337427001e+002  2.0024771302517001e+002  2.0022745089736236e+002  2.0022193484105128e+002  1.0370224060458258e+002  1.0074331308310957e+002  1.0074331308310957e+002  1.0074331308310957e+002  1.0074331308310957e+002  1.0074331308310957e+002  1.0074331308310957e+002  1.0074331308310957e+002
  6.6904783224331914e+002  2.0507648830144853e+002  2.0121346714769334e+002  2.0099462661849066e+002  2.0099462661849066e+002  2.0087584219646533e+002  2.0079492778587155e+002  2.0075547289338328e+002  2.0072603345510515e+002  2.0070947985106841e+002  1.0063394518052746e+002  1.0063208256171174e+002  1.0057949163968578e+002  1.0057949163968578e+002
  4.0963926411980356e+002  1.9711256554540523e+002  1.0070416700427540e+002  1.0070416700427540e+002  1.0070416700427540e+002  1.0070416700427540e+002  1.0070416700427540e+002  1.0070416700427540e+002  1.0070416700427540e+002  1.0070416700427540e+002  1.0070416700427540e+002  1.0070416700427540e+002  1.0047417768198693e+002  1.0045612608673446e+002
  6.2463412182372667e+002  5.5556593741641336e+002  2.0139980877577091e+002  2.0097216732363040e+002  2.0075952993012152e+002  2.0054971043373644e+002  2.0045616522747650e+002  1.5317398094133659e+002  1.0934434040995939e+002  1.0820231532227353e+002  1.0057949289869021e+002  1.0057949289869021e+002  1.0057949289869021e+002  1.0057949289869021e+002
  2.9914509650924356e+002  1.2834240693363199e+002  1.0030737310940549e+002  1.0030737310940549e+002  1.0030737310940549e+002  1.0030737310940549e+002  1.0030737310940549e+002  1.0030737310940549e+002  1.0030737310940549e+002  1.0030737310940549e+002  1.0030737310940549e+002  1.0030737310940549e+002  1.0030737310940549e+002  1.0030737310940549e+002
  6.8300996893620731e+002  5.5100078683243555e+002  2.0269197643864663e+002  2.0207991198473292e+002  2.0140835603796722e+002  2.0110613668372798e+002  2.0104098397271036e+002  2.0095882392413523e+002  2.0088265443418004e+002  2.0084889259512056e+002  2.0081717611341855e+002  2.0077446917973748e+002  2.0074556227056974e+002  2.0071419408502879e+002
  2.2053988989661457e+002  1.3012801498828776e+002  1.3012801498828776e+002  1.2784821391772857e+002  1.0924161237345470e+002  1.0056120439227016e+002  1.0056120439227016e+002  1.0056120439227016e+002  1.0056120439227016e+002  1.0053942398039408e+002  1.0053942398039408e+002  1.0053942398039408e+002  1.0053942398039408e+002  1.0053942398039408e+002
  6.0085835943879556e+002  5.8336579054315371e+002  2.0053274436306629e+002  2.0044391001717895e+002  2.0037766409127880e+002  2.0034334023902602e+002  2.0031426388419186e+002  1.0076806684961230e+002  1.0076806684961230e+002  1.0076806684961230e+002  1.0076806684961230e+002  1.0076806684961230e+002  1.0076806684961230e+002  1.0038910380017387e+002
  7.7062010033058732e+002  5.9540032329765472e+002  2.0446873299302251e+002  2.0275284447351305e+002  1.2137288300495447e+002  1.0070550052425506e+002  1.0070550052425506e+002  1.0070550052425506e+002  1.0070550052425506e+002  1.0063016189623659e+002  1.0063016189623659e+002  1.0041062807929757e+002  1.0033213150859228e+002  1.0033213150859228e+002
  6.4144556526639508e+002  5.6094132542321040e+002  2.1355457984953773e+002  1.6483856940640408e+002  1.0062347255542409e+002  1.0062347255542409e+002  1.0062347255542409e+002  1.0062347255542409e+002  1.0062347255542409e+002  1.0044164359001297e+002  1.0044129330379064e+002  1.0044129330379064e+002  1.0044129330379064e+002  1.0044129330379064e+002
  2.2490618484420293e+002  1.3698199485580153e+002  1.0052950310457209e+002  1.0052950310457209e+002  1.0052950310457209e+002  1.0052950310457209e+002  1.0031309554317886e+002  1.0031309554317886e+002  1.0031309554317886e+002  1.0031309554317886e+002  1.0031309554317886e+002  1.0031309554317886e+002  1.0031309554317886e+002  1.0031309554317886e+002
  6.9659328180488956e+002  5.4219589216968916e+002  2.0051956836797854e+002  2.0037069473904376e+002  1.3085472883235070e+002  1.0076892282567223e+002  1.0076892282567223e+002  1.0076892282567223e+002  1.0076892282567223e+002  1.0076892282567223e+002  1.0076892282567223e+002  1.0076892282567223e+002  1.0076892282567223e+002  1.0076892282567223e+002
  2.3160529876122973e+002  1.3230687344297849e+002  1.3230687344297849e+002  1.1919520044138653e+002  1.0100300282132230e+002  1.0100300282132230e+002  1.0100300282132230e+002  1.0100300282132230e+002  1.0041350855571818e+002  1.0041350855571818e+002  1.0041350855571818e+002  1.0041350855571818e+002  1.0041350855571818e+002  1.0041350855571818e+002
  5.2796461025196004e+002  1.5813000824325218e+002  1.5813000824325218e+002  1.1723945920139386e+002  1.1444236431722538e+002  1.0089289021490822e+002  1.0089289021490822e+002  1.0089289021490822e+002  1.0089289021490822e+002  1.0089289021490822e+002  1.0089289021490822e+002  1.0089289021490822e+002  1.0034815969602505e+002  1.0034815969602505e+002
  6.1860569310526080e+002  5.5016413706655339e+002  2.0181622087266669e+002  2.0127606009872807e+002  1.1260500526367969e+002  1.0061964731308171e+002  1.0061964731308171e+002  1.0061964731308171e+002  1.0059372578306966e+002  1.0059372578306966e+002  1.0050726629816381e+002  1.0050726629816381e+002  1.0042270004103557e+002  1.0042270004103557e+002
  6.8549105375041972e+002  6.1035987189843490e+002  3.7730794001524418e+002  2.1695233771556241e+002  2.0291626636721503e+002  2.0139129164053065e+002  2.0098464804574223e+002  2.0091754192890767e+002  2.0084949222688465e+002  2.0082715977045564e+002  1.0036379275312447e+002  1.0036379275312447e+002  1.0036379275312447e+002  1.0036379275312447e+002
  6.4217150154599358e+002  5.7806877964453270e+002  2.0108802631713843e+002  2.0074865066077837e+002  2.0063191014016729e+002  2.0056183727211373e+002  1.0202974264187924e+002  1.0202974264187924e+002  1.0202974264187924e+002  1.0202974264187924e+002  1.0202974264187924e+002  1.0202974264187924e+002  1.0202974264187924e+002  1.0041428859108328e+002
  6.8367568197016180e+002  5.6661620852652550e+002  2.1907783447688462e+002  2.1169031915876849e+002  2.0270062040909625e+002  2.0097686889218039e+002  2.0067690729913102e+002  2.0060249642846793e+002  2.0056981931625205e+002  2.0050178314358345e+002  2.0048466728908670e+002  2.0045861677778521e+002  2.0044682933202694e+002  2.0043866034127404e+002
  5.9096476890483291e+002  5.4525061702663197e+002  2.0239717040925825e+002  2.0123194880063193e+002  2.0123194880063193e+002  2.0104208121946067e+002  2.0075118026924929e+002  2.0069749130152877e+002  2.0068107778502053e+002  2.0035063487573689e+002  2.0033251710279637e+002  1.0084937235214466e+002  1.0084937235214466e+002  1.0084937235214466e+002
  6.6346181154108126e+002  5.5500127858174528e+002  2.0349936492016332e+002  2.0264255026890987e+002  2.0232295594973039e+002  2.0025153814011219e+002  2.0023518078029883e+002  1.0936858143900736e+002  1.0699164876677696e+002  1.0670010156120679e+002  1.0034625802110213e+002  1.0034625802110213e+002  1.0034625802110213e+002  1.0034625802110213e+002
  6.0835864579158533e+002  5.7408059797345777e+002  2.0575437108353708e+002  2.0509442811871213e+002  2.0456020030724449e+002  1.0045721419893925e+002  1.0045721419893925e+002  1.0045721419893925e+002  1.0045721419893925e+002  1.0045721419893925e+002  1.0045721419893925e+002  1.0045721419893925e+002  1.0045721419893925e+002  1.0045721419893925e+002
  6.4302071251724237e+002  5.5015270976100328e+002  2.0206679120019544e+002  2.0129913332340948e+002  2.0091890874290903e+002  2.0062128947966903e+002  2.0053229491419097e+002  1.1520800727002097e+002  1.0072656686931396e+002  1.0044793666010992e+002  1.0033430507614321e+002  1.0033430507614321e+002  1.0033430507614321e+002  1.0033430507614321e+002
  6.6044521828823144e+002  5.2050081117307900e+002  2.0110295888041082e+002  2.0091274278403262e+002  2.0073824861485355e+002  1.0085531347303368e+002  1.0085531347303368e+002  1.0085531347303368e+002  1.0085531347303368e+002  1.0085531347303368e+002  1.0085531347303368e+002  1.0085531347303368e+002  1.0085531347303368e+002  1.0040304281852968e+002
  6.6937094133411983e+002  5.5586033795652747e+002  2.0269440739251695e+002  2.0154415953753914e+002  2.0106154673322089e+002  2.0087758176582474e+002  2.0074328086492824e+002  2.0071958864654107e+002  2.0066075369856890e+002  2.0059725395877331e+002  2.0053973877023600e+002  2.0052670692890479e+002  2.0050593506098176e+002  2.0048539792727979e+002
  5.1795373700749587e+002  2.2860990612072874e+002  2.0496534066006780e+002  2.0409553569784612e+002  1.1291570489862806e+002  1.0037913806278630e+002  1.0037913806278630e+002  1.0037913806278630e+002  1.0037913806278630e+002  1.0037913806278630e+002  1.0037913806278630e+002  1.0033393007402947e+002  1.0033393007402947e+002  1.0033393007402947e+002
  6.2892111805797686e+002  5.6009042234776598e+002  2.1604406875881523e+002  2.1261905727203748e+002  2.0930666444857661e+002  2.0703510073568123e+002  2.0665420068951107e+002  2.0637218078392743e+002  1.0055980082022734e+002  1.0055980082022734e+002  1.0055980082022734e+002  1.0055980082022734e+002  1.0055980082022734e+002  1.0055980082022734e+002
  6.7807640294622888e+002  5.1881315449688509e+002  2.0314911138506568e+002  2.0216299749307836e+002  2.0156463058867530e+002  2.0116983874707785e+002  2.0046056236844743e+002  2.0046056236844743e+002  2.0046056236844743e+002  2.0027420073724716e+002  1.1215379306944760e+002  1.0037164425851097e+002  1.0037164425851097e+002  1.0037164425851097e+002
  6.1490660004447182e+002  5.1804689983076560e+002  2.0097335982338882e+002  2.0078268842795205e+002  2.0072231666352218e+002  1.0074198036489042e+002  1.0074198036489042e+002  1.0074198036489042e+002  1.0074198036489042e+002  1.0074198036489042e+002  1.0074198036489042e+002  1.0074198036489042e+002  1.0074198036489042e+002  1.0074198036489042e+002
  7.3107209866867697e+002  5.5619210633680632e+002  2.0100409836804420e+002  2.0070491469533044e+002  2.0060455310437555e+002  2.0052583832052278e+002  2.0044688767721573e+002  1.0049479153181028e+002  1.0049479153181028e+002  1.0049479153181028e+002  1.0042402413521404e+002  1.0042402413521404e+002  1.0042402413521404e+002  1.0042402413521404e+002
  6.4466492391016982e+002  5.3863362471543951e+002  2.0176035686969590e+002  2.0051053505582740e+002  2.0051053505582740e+002  1.2159286007217361e+002  1.0070340309284711e+002  1.0070340309284711e+002  1.0070340309284711e+002  1.0070340309284711e+002  1.0070340309284711e+002  1.0070340309284711e+002  1.0044230465487453e+002  1.0044230465487453e+002
  6.3264578083737752e+002  5.6620254251971437e+002  2.0073490157711149e+002  2.0063093696297119e+002  1.0069252055597053e+002  1.0069252055597053e+002  1.0069252055597053e+002  1.0069252055597053e+002  1.0069252055597053e+002  1.0068412761741547e+002  1.0050100526830329e+002  1.0042500984348590e+002  1.0042500984348590e+002  1.0042500984348590e+002
  6.6574781008720811e+002  6.0280573417496362e+002  2.0251256801659702e+002  2.0040116038776159e+002  1.2045312092045788e+002  1.0052636471051983e+002  1.0052636471051983e+002  1.0052636471051983e+002  1.0052636471051983e+002  1.0052636471051983e+002  1.0052636471051983e+002  1.0052636471051983e+002  1.0052636471051983e+002  1.0052636471051983e+002
  1.4907943120373875e+002  1.2733684131913196e+002  1.2733684131913196e+002  1.1479127451595195e+002  1.0949551320905630e+002  1.0037454158680021e+002  1.0037454158680021e+002  1.0037454158680021e+002  1.0037454158680021e+002  1.0037454158680021e+002  1.0037454158680021e+002  1.0037454158680021e+002  1.0037454158680021e+002  1.0037454158680021e+002
  5.7555782283323606e+002  4.8844131734690154e+002  2.0053501867315254e+002  2.0024794356764778e+002  2.0022650330085980e+002  2.0022135059245147e+002  1.0070848586335433e+002  1.0070658026562069e+002  1.0070658026562069e+002  1.0036808859884968e+002  1.0036482563182608e+002  1.0032780687271588e+002  1.0032780687271588e+002  1.0032780687271588e+002
  7.3523350149993666e+002  5.9616168820143503e+002  2.0105727959301839e+002  2.0040816724486558e+002  2.0034662281071905e+002  1.0050060216706333e+002  1.0050060216706333e+002  1.0050060216706333e+002  1.0047570435264561e+002  1.0047570435264561e+002  1.0047570435264561e+002  1.0047570435264561e+002  1.0047570435264561e+002  1.0047570435264561e+002
  6.6335906526146437e+002  5.1699245225567711e+002  2.0339420732234066e+002  2.0272989815717210e+002  2.0239167563244109e+002  2.0216272433550193e+002  1.0045934445322018e+002  1.0045934445322018e+002  1.0045934445322018e+002  1.0045934445322018e+002  1.0026973581047287e+002  1.0026973581047287e+002  1.0026973581047287e+002  1.0026973581047287e+002
  5.4506334325967691e+002  5.2031414147864325e+002  2.1413195379318495e+002  2.1228649348381578e+002  2.0300317131597058e+002  1.0060410348422693e+002  1.0060410348422693e+002  1.0060410348422693e+002  1.0060410348422693e+002  1.0060410348422693e+002  1.0060410348422693e+002  1.0060410348422693e+002  1.0060410348422693e+002  1.0060410348422693e+002
  6.9532387780101590e+002  5.5031055676853384e+002  2.0184859716379424e+002  2.0173222408025276e+002  2.0045591801727005e+002  2.0036860420441508e+002  2.0033995873895037e+002  2.0031908430631438e+002  1.9378880866852160e+002  1.0049627373456269e+002  1.0049627373456269e+002  1.0049627373456269e+002  1.0049627373456269e+002  1.0032208526995691e+002
  6.5874682380421609e+002  5.1432709992506807e+002  2.0125818063666338e+002  2.0099185166579537e+002  2.0070734794630789e+002  2.0059992988281283e+002  1.0037153072742422e+002  1.0037153072742422e+002  1.0037153072742422e+002  1.0037153072742422e+002  1.0037153072742422e+002  1.0037153072742422e+002  1.0037153072742422e+002  1.0037153072742422e+002
  6.4721508576993938e+002  5.3189855474083197e+002  2.0357890622743480e+002  2.0301066976962329e+002  2.0264428160780471e+002  2.0146968913460842e+002  2.0112851104313859e+002  2.0081362755791952e+002  2.0075975157602079e+002  2.0069369270444167e+002  1.8075305577727977e+002  1.0068207212966445e+002  1.0068099897015782e+002  1.0068099897015782e+002
  6.2967033634082827e+002  5.4231612101112387e+002  2.0171894306262857e+002  2.0108920446832644e+002  2.0083187118741898e+002  1.1247705382508411e+002  1.0058388852503913e+002  1.0058388852503913e+002  1.0053306338745006e+002  1.0043884922655889e+002  1.0043884922655889e+002  1.0043884922655889e+002  1.0043884922655889e+002  1.0043884922655889e+002
  6.7328665585146200e+002  5.7638293588837269e+002  2.0188730501632199e+002  2.0084528035504081e+002  2.0059190621016387e+002  2.0042558899596224e+002  2.0037161043579863e+002  2.0034509758411014e+002  2.0033140104649465e+002  1.0049494027988021e+002  1.0041792298145720e+002  1.0041646787653190e+002  1.0041646787653190e+002  1.0041646787653190e+002
  6.2292099891447560e+002  5.9570772853245853e+002  4.6099876886910624e+002  4.1862539539222462e+002  3.4255067445779014e+002  1.0073985308473402e+002  1.0073985308473402e+002  1.0073985308473402e+002  1.0073985308473402e+002  1.0073985308473402e+002  1.0073985308473402e+002  1.0073985308473402e+002  1.0036809538786201e+002  1.0036809538786201e+002
  6.8862690417716976e+002  5.5988618339542973e+002  2.0071855406115583e+002  2.0045441910179852e+002  2.0039549934816660e+002  1.0066387078792559e+002  1.0066387078792559e+002  1.0066387078792559e+002  1.0066387078792559e+002  1.0066387078792559e+002  1.0066387078792559e+002  1.0033626580456985e+002  1.0026884700865367e+002  1.0026752214986982e+002
  6.0920816059844856e+002  5.2894037785460205e+002  2.0072524195109781e+002  2.0058087938493691e+002  2.0048419904897128e+002  2.0031702493266766e+002  2.0031702493266766e+002  2.0023084373818301e+002  2.0023084355771425e+002  2.0023084355771425e+002  2.0023084355771425e+002  2.0023084355771425e+002  2.0023084355771425e+002  1.0094612999293031e+002
