  2.0945828606194118e+002  1.9858897210637087e+002  1.9696141035436631e+002  1.9370689960191112e+002  1.6750411934305112e+002  1.3369805560844270e+002  1.3369805560844270e+002  1.3369805560844088e+002  1.3369805560844088e+002  1.3369805560844088e+002  1.3369805560844088e+002  1.3369805560844088e+002  1.3369805560844088e+002  1.3369805560844088e+002
  1.8251552756822457e+002  1.8251552756822457e+002  1.7923595069320118e+002  1.5292984099329442e+002  1.4610562735078611e+002  1.4610562735078611e+002  1.3147582098633984e+002  1.3147582098633984e+002  1.1521384104016670e+002  1.1521384104016670e+002  1.1521384104016670e+002  1.1521384104016670e+002  1.1521384104016670e+002  1.1521384104016670e+002
  2.0508008871312450e+002  1.9994173438422786e+002  1.8813874454320103e+002  1.8670421819530111e+002  1.8268692770953294e+002  1.3835793910221992e+002  1.3835793910221992e+002  1.3835793910221992e+002  1.3835793910221992e+002  1.3835793910221901e+002  1.3835793910221901e+002  1.3835793910221901e+002  1.3835793910221901e+002  1.3835793910221901e+002
  2.0812732533875533e+002  2.0494149535482529e+002  2.0394256731916903e+002  1.9305397829119829e+002  1.8666787809409925e+002  1.4406738577169381e+002  1.4406738577168562e+002  1.4406738577168562e+002  1.4406738577168562e+002  1.4406738577168562e+002  1.4406738577168562e+002  1.4406738577168562e+002  1.4406738577168562e+002  1.4406738577168562e+002
  1.9763469103950956e+002  1.8097190723565109e+002  1.7935043463867669e+002  1.6944041569970614e+002  1.6941090412082121e+002  1.5880404984685038e+002  1.5880404984685038e+002  1.4361621480250096e+002  1.4361621480249414e+002  1.4361621480249414e+002  1.4361621480249414e+002  1.4361621480249414e+002  1.4361621480249414e+002  1.4361621480249414e+002
  1.8278366571988818e+002  1.7655393006620716e+002  1.7434787798409479e+002  1.6832435004350236e+002  1.4492983654185355e+002  1.4492983654185355e+002  1.4492983654185355e+002  1.4492983654185355e+002  1.4492983654185355e+002  1.4492983654185355e+002  1.4492983654185355e+002  1.4492983654185355e+002  1.4492983654185355e+002  1.4492983654185355e+002
  1.9788829605205137e+002  1.8783569756498264e+002  1.8783569756498264e+002  1.7346031124930641e+002  1.7207705700862971e+002  1.5162957276294310e+002  1.5162957276294310e+002  1.5016437461441865e+002  1.5016437461441865e+002  1.4657950233214160e+002  1.4657950233214160e+002  1.4657950233214160e+002  1.4657950233214160e+002  1.3845000996965155e+002
  2.0620576489939822e+002  1.8745989444403949e+002  1.8745989444403949e+002  1.6816676507765442e+002  1.5965998475792276e+002  1.3879301868030052e+002  1.3879301868030052e+002  1.3218422883087123e+002  1.3218422883087123e+002  1.3218422883087123e+002  1.3218422883087123e+002  1.3218422883087123e+002  1.3218422883087078e+002  1.3218422883087078e+002
  2.0654798824593581e+002  1.9333091247069615e+002  1.8673269258458868e+002  1.8673269258458868e+002  1.8673269258458868e+002  1.8413900493028086e+002  1.5789647185709828e+002  1.5789647185709828e+002  1.5789647185709828e+002  1.5789647185709828e+002  1.5571349193174183e+002  1.5571349193174183e+002  1.5376529515664060e+002  1.5165044247953392e+002
  2.0886800457149184e+002  1.9359093435956129e+002  1.8576253615826909e+002  1.7487886133656593e+002  1.6758323677600765e+002  1.6069385693703953e+002  1.5154269791232628e+002  1.3571323967451553e+002  1.3571323967451553e+002  1.3571323967451553e+002  1.3571323967451553e+002  1.3571323967451553e+002  1.3571323967451553e+002  1.3571323967451553e+002
  1.8886593497870990e+002  1.7520390966217201e+002  1.7520390966217201e+002  1.6937736343381539e+002  1.4365167737026968e+002  1.4365167737026968e+002  1.4365167737026786e+002  1.4233977374569440e+002  1.3496845149987803e+002  1.3487599407211610e+002  1.2767482223068555e+002  1.2767482223068555e+002  1.2767482223068555e+002  1.2767482223068555e+002
  1.9760202183466072e+002  1.7928414748832984e+002  1.7928414748832984e+002  1.7928414748832984e+002  1.7921200927249447e+002  1.5869153276222005e+002  1.5842149384820368e+002  1.5842149384820368e+002  1.5842149384820368e+002  1.5009812184333032e+002  1.4749715469020157e+002  1.4732670884170102e+002  1.3363426061854625e+002  1.2546826055036945e+002
  2.0367875892444044e+002  1.9352367771334502e+002  1.8621146453749679e+002  1.8015497616796938e+002  1.7647506004402112e+002  1.6682077645396657e+002  1.6652032289499493e+002  1.6652032289499493e+002  1.3829815265330217e+002  1.3829815265329944e+002  1.3829815265329944e+002  1.3829815265329944e+002  1.3829815265329944e+002  1.3829815265329944e+002
  2.0440837786743623e+002  2.0440837786743623e+002  1.8084639306619783e+002  1.7842728401752356e+002  1.6686952519536544e+002  1.6059896480459338e+002  1.3450351012879582e+002  1.3450351012879582e+002  1.3450351012879582e+002  1.3450351012879582e+002  1.3450351012879582e+002  1.3450351012879582e+002  1.3450351012879582e+002  1.3450351012879582e+002
  2.0534430696318259e+002  1.9380173332277081e+002  1.9380173332277081e+002  1.8420045626221645e+002  1.8377341234951200e+002  1.7171794457154738e+002  1.6626872683386546e+002  1.5437252319054096e+002  1.2930902039766670e+002  1.2930902039766670e+002  1.2930902039766443e+002  1.2930902039766443e+002  1.2930902039766443e+002  1.2930902039766443e+002
  2.0923618299697682e+002  1.9582093302759949e+002  1.7700673169224547e+002  1.7254749020205509e+002  1.7153815994153956e+002  1.6055632511784188e+002  1.4846561458488350e+002  1.4227534463024858e+002  1.3984031476453401e+002  1.3561889309576054e+002  1.3561889309576054e+002  1.2919456704187360e+002  1.2919456704187360e+002  1.2919456704187132e+002
  2.0770759183632890e+002  2.0297928387988441e+002  1.8207937302137634e+002  1.6105336131179092e+002  1.5428081714959580e+002  1.3676070314108074e+002  1.3676070314108074e+002  1.3676070314107710e+002  1.3676070314107710e+002  1.3676070314107710e+002  1.3676070314107710e+002  1.3676070314107710e+002  1.3676070314107710e+002  1.3676070314107710e+002
  2.0862069616858571e+002  1.9873441148115126e+002  1.9834870792901620e+002  1.7934256723489443e+002  1.6715576907130981e+002  1.3749339385026178e+002  1.3749339385026178e+002  1.3749339385026178e+002  1.3749339385022904e+002  1.3749339385022904e+002  1.3749339385022904e+002  1.3749339385022904e+002  1.3749339385022904e+002  1.3749339385022904e+002
  2.0582754125594829e+002  2.0582754125594829e+002  2.0039051860785139e+002  1.9900383908243475e+002  1.7287258516254451e+002  1.7287258516254133e+002  1.6357435616480598e+002  1.5415366180910860e+002  1.5414409486876502e+002  1.5394861168118769e+002  1.5064925956982734e+002  1.5064925956982688e+002  1.5064925956982688e+002  1.5064925956982688e+002
  2.1053664106856286e+002  1.7952691485948299e+002  1.7952691485948299e+002  1.7177249179967657e+002  1.6892457195729639e+002  1.5948569857421944e+002  1.3622576754444162e+002  1.3622576754444162e+002  1.3622576754444162e+002  1.3622576754444162e+002  1.3622576754444162e+002  1.3622576754444162e+002  1.3622576754444162e+002  1.3622576754444162e+002
  2.0697970196394772e+002  2.0419346920750650e+002  2.0282503638369144e+002  1.8316083067984209e+002  1.7799510597309381e+002  1.5087095075818888e+002  1.3567634286157681e+002  1.3261763065908190e+002  1.3153650954074374e+002  1.3148636629148859e+002  1.3121674562603039e+002  1.3121674562603039e+002  1.2546122565606174e+002  1.2546122565605810e+002
  2.0663657665241772e+002  2.0174564376550325e+002  2.0046985807435794e+002  1.9339192865919222e+002  1.8680618512601404e+002  1.7441708545444453e+002  1.7323649092808864e+002  1.6952131782932929e+002  1.6952131782932929e+002  1.5851148187717081e+002  1.5851148187717081e+002  1.4482419573858670e+002  1.4482419573858579e+002  1.4482419573858442e+002
  2.0848083058447446e+002  2.0514795186818401e+002  1.9404228878472622e+002  1.8160796457999277e+002  1.7771205018666569e+002  1.7370487432020082e+002  1.5820545218145344e+002  1.5820545218145344e+002  1.5820545218145344e+002  1.5820545218145344e+002  1.4339887940044218e+002  1.4323651956208141e+002  1.2977321965395504e+002  1.2977321965395140e+002
  2.0763310779030598e+002  2.0018404294790435e+002  1.9167874264602460e+002  1.8988533508970795e+002  1.6868410576626502e+002  1.5492624358197600e+002  1.5400608615031888e+002  1.5374836201932112e+002  1.4358633588181738e+002  1.4358633588181738e+002  1.4358633588181738e+002  1.4358633588181738e+002  1.4358633588181738e+002  1.4358633588181738e+002
  2.0126545167713175e+002  1.8731416852438906e+002  1.8731416852438906e+002  1.7829932272947963e+002  1.4722394619937359e+002  1.4722394619937359e+002  1.4722394619937359e+002  1.4722394619937359e+002  1.4594319201153212e+002  1.4594319201152848e+002  1.4594319201152848e+002  1.4594319201152848e+002  1.4594319201152848e+002  1.4594319201152848e+002
  2.0842760420396235e+002  2.0370412019930018e+002  1.9738102095578279e+002  1.9485323758978575e+002  1.4391999728236215e+002  1.4348870973226576e+002  1.3340645699928427e+002  1.3304196854565862e+002  1.3304196854565862e+002  1.2896308248167588e+002  1.2896308248167588e+002  1.2896308248167588e+002  1.2896308248167588e+002  1.2682616525641060e+002
  2.0902811746533052e+002  2.0446331784484801e+002  1.9152024218338784e+002  1.6242380492306665e+002  1.5944712561308506e+002  1.4972992047125399e+002  1.4754947848149141e+002  1.4657661639003845e+002  1.4370399303117301e+002  1.3787380575028828e+002  1.3787380575028828e+002  1.3787380575028828e+002  1.3787380575028828e+002  1.3787380575028828e+002
  2.0028877861981755e+002  1.9143892977793348e+002  1.7498098110282490e+002  1.7447803227555687e+002  1.5840266646764485e+002  1.2476798781830576e+002  1.2476798781830576e+002  1.2476798781830576e+002  1.2476798781830576e+002  1.2476798781830576e+002  1.2476798781830576e+002  1.2476798781830576e+002  1.2476798781830576e+002  1.2476798781830576e+002
  2.0564927712461849e+002  2.0175476199743161e+002  1.9143460633888708e+002  1.7811889865872718e+002  1.6551315152010739e+002  1.6102423428661541e+002  1.5740599252255470e+002  1.5723275466505493e+002  1.5521766657727130e+002  1.4656763468486361e+002  1.4656763468486361e+002  1.4472752645830042e+002  1.4289779067345080e+002  1.3420090762834343e+002
  1.9353056745552976e+002  1.8451057875419428e+002  1.7483274460861685e+002  1.7483274460861685e+002  1.7483274460861685e+002  1.6744495645120151e+002  1.6273728038974377e+002  1.5305051511603187e+002  1.5287286223460706e+002  1.5270053704890506e+002  1.5145478488785648e+002  1.2623534432949828e+002  1.2623534432949828e+002  1.2623534432949828e+002
  2.0655753167543890e+002  2.0498146206075762e+002  2.0315247822406945e+002  1.9045156928118968e+002  1.6913793902493171e+002  1.4333327462956731e+002  1.4333327462956186e+002  1.4333327462956186e+002  1.4333327462956186e+002  1.4333327462956186e+002  1.4333327462956186e+002  1.3896572848763435e+002  1.3896572848763435e+002  1.3896572848763299e+002
  2.0594285202798756e+002  2.0522111672142637e+002  2.0077064277108730e+002  2.0077064277108730e+002  1.9359927306494319e+002  1.6950840774935386e+002  1.6370337341523782e+002  1.6241703287357086e+002  1.5495845492058925e+002  1.5495845492058606e+002  1.5495845492058606e+002  1.5495845492058606e+002  1.5495845492058606e+002  1.5495845492058606e+002
  2.0740043663156894e+002  2.0259017327744914e+002  1.9124090264786992e+002  1.8996297402048594e+002  1.6378956123815487e+002  1.5625587102269674e+002  1.3136077674695525e+002  1.3136077674695389e+002  1.3136077674695389e+002  1.3136077674695389e+002  1.3136077674695389e+002  1.3136077674695389e+002  1.3136077674695389e+002  1.3136077674695252e+002
  2.0196075948119551e+002  2.0182193217206031e+002  1.8658739875448782e+002  1.7553728514824616e+002  1.7547334989206774e+002  1.6185893508156187e+002  1.4099580869798820e+002  1.4099580869798820e+002  1.4099580869798820e+002  1.4099580869798820e+002  1.4099580869798820e+002  1.4099580869798820e+002  1.4099580869798820e+002  1.4099580869798820e+002
  2.0424544263449843e+002  1.8311637077024443e+002  1.8311637077024443e+002  1.8070492094342490e+002  1.7847180597135184e+002  1.6088701631441336e+002  1.5972934744798977e+002  1.5936449196741978e+002  1.5910566230156473e+002  1.5879079254092949e+002  1.5131816143964352e+002  1.2975382063237657e+002  1.2975382063237657e+002  1.2975382063237657e+002
  2.0629184575174077e+002  1.8021956447510775e+002  1.8021956447510775e+002  1.6751712035812807e+002  1.6731896869828415e+002  1.5235719622184070e+002  1.5085577510375560e+002  1.4867962189140599e+002  1.4098949841717968e+002  1.4098949841717968e+002  1.4098949841717968e+002  1.3912550740929510e+002  1.3912550740929510e+002  1.3912550740929510e+002
  1.7868493639797134e+002  1.7868493639797134e+002  1.7405068618303858e+002  1.7405068618303858e+002  1.6797696463829652e+002  1.6797696463829652e+002  1.6379690390228689e+002  1.6294806096043885e+002  1.5642202214707322e+002  1.5642202214707322e+002  1.4800166655697512e+002  1.4794481441422795e+002  1.4794481441422795e+002  1.3098764849569034e+002
  2.0647749280830431e+002  2.0457095025414810e+002  2.0034397408179484e+002  1.9377458611036081e+002  1.9308501516962860e+002  1.7367725049540149e+002  1.6794294502236835e+002  1.6794294502236835e+002  1.6579702340757240e+002  1.6238477467313578e+002  1.6238477467313578e+002  1.5848632383925133e+002  1.5848026780680038e+002  1.3431495360630652e+002
  2.0469540126818401e+002  2.0259046804623495e+002  1.8479675278184868e+002  1.8438819774796912e+002  1.7143238310985907e+002  1.6767028388581093e+002  1.6411991309400582e+002  1.5221972201474637e+002  1.4365058796976700e+002  1.4365058796976700e+002  1.3977086969058519e+002  1.3977086969058519e+002  1.3977086969058519e+002  1.3977086969058109e+002
  1.8366385230554806e+002  1.6574072610396252e+002  1.6574072610396252e+002  1.6287073934899854e+002  1.5886895246281438e+002  1.5610920746339343e+002  1.5610920746339343e+002  1.3030097975298077e+002  1.3030097975298077e+002  1.3030097975298077e+002  1.3030097975298077e+002  1.3030097975298077e+002  1.3030097975298077e+002  1.3030097975298077e+002
  2.0954745333542633e+002  2.0102050124773496e+002  1.8676884657058054e+002  1.7306024575002039e+002  1.4458736019511343e+002  1.4458736019511343e+002  1.4458736019511343e+002  1.4458736019511343e+002  1.4458736019511343e+002  1.4458736019511343e+002  1.4458736019511343e+002  1.4458736019511343e+002  1.4458736019511343e+002  1.4458736019511343e+002
  1.9946495894086001e+002  1.8112096271480323e+002  1.8112096271480323e+002  1.8112096271480323e+002  1.7325619412505966e+002  1.5077603439866925e+002  1.5077603439866880e+002  1.5077603439866880e+002  1.4943543249382174e+002  1.4943543249382174e+002  1.4943543249382174e+002  1.4943543249382174e+002  1.4943543249380946e+002  1.4943543249380946e+002
  1.9306067245642271e+002  1.7512122545536158e+002  1.7512122545536158e+002  1.5502182822010673e+002  1.5089004259437252e+002  1.5089004259437252e+002  1.5089004259437252e+002  1.5089004259437252e+002  1.5089004259437252e+002  1.5089004259437252e+002  1.5089004259437252e+002  1.5089004259437252e+002  1.5089004259434569e+002  1.5089004259429294e+002
  2.0514000923406820e+002  2.0402266516439977e+002  2.0017678247693584e+002  1.9467065470618491e+002  1.5198977020828534e+002  1.5198977020828534e+002  1.5198977020828534e+002  1.5198977020828534e+002  1.5118216676967040e+002  1.5118216676964039e+002  1.5118216676964039e+002  1.3123364662058384e+002  1.3123364662058111e+002  1.3123364662058111e+002
  2.0707649960141089e+002  1.8301248470907467e+002  1.7136253980643596e+002  1.7136253980643596e+002  1.7063871457361620e+002  1.3073165362608142e+002  1.3073165362608142e+002  1.3073165362608142e+002  1.3073165362608142e+002  1.3073165362608142e+002  1.3073165362608142e+002  1.3073165362608142e+002  1.3073165362608142e+002  1.3073165362608142e+002
  1.8900563238957011e+002  1.8900563238957011e+002  1.8900563238957011e+002  1.8900563238957011e+002  1.6479486966638024e+002  1.5731337921474278e+002  1.5459034913511869e+002  1.5102717641054960e+002  1.5091569202500386e+002  1.4418449949194746e+002  1.4226843024487698e+002  1.4014090070598331e+002  1.4014090070598331e+002  1.3356567320246540e+002
  2.0685824476019297e+002  2.0411599228951764e+002  1.9873648781133943e+002  1.7736376669100218e+002  1.3297929271381236e+002  1.3297929271381236e+002  1.3297929271381236e+002  1.3297929271381236e+002  1.3297929271381236e+002  1.3297929271381236e+002  1.3297929271381236e+002  1.3297929271381236e+002  1.3297929271381236e+002  1.3297929271381236e+002
  2.1172266757635180e+002  1.9495532589174718e+002  1.9018328554315349e+002  1.8324261274265837e+002  1.7257330328770422e+002  1.6370110223472284e+002  1.4298111826676086e+002  1.4298111826676086e+002  1.4298111826676086e+002  1.4298111826676086e+002  1.4298111826676086e+002  1.4298111826676086e+002  1.4298111826676086e+002  1.4298111826676086e+002
  2.0613259658908055e+002  2.0141826861802929e+002  1.9595443424942050e+002  1.8654968721379782e+002  1.7510703587244552e+002  1.5459703729812418e+002  1.5459703729812418e+002  1.4895981200037568e+002  1.4495410450254030e+002  1.3381931332259455e+002  1.3381931332259455e+002  1.3381931332258864e+002  1.3381931332258864e+002  1.3381931332258682e+002
  1.9693350380791799e+002  1.9540508273543901e+002  1.9540508273543901e+002  1.6214673898604678e+002  1.5398282022905278e+002  1.3477700827707304e+002  1.3170493175666161e+002  1.3151366165395893e+002  1.3066329964667875e+002  1.2310622882116013e+002  1.2310622882116013e+002  1.2310622882116013e+002  1.2310622882116013e+002  1.2310622882116013e+002
  2.0535201276769385e+002  1.7934170255474965e+002  1.7934170255474965e+002  1.7844033618283356e+002  1.4961913705685265e+002  1.4777034659291849e+002  1.4450070300812604e+002  1.4450070300812604e+002  1.4450070300812604e+002  1.4450070300812604e+002  1.4450070300812604e+002  1.4450070300811876e+002  1.4450070300811876e+002  1.4450070300811876e+002
