  4.1854718578797902e+003  2.3704667638552937e+003  1.7520834203531804e+003  1.1824204728489344e+003  1.0497005164197799e+003  8.7967518046626492e+002  8.6816812200183540e+002  8.2064225411085681e+002  8.2064225411085681e+002  8.1558668604607055e+002  8.1558668604607055e+002  8.1558668604607055e+002  8.1558668604607055e+002  8.1558668604607055e+002
  4.2048840443350755e+003  2.2770022310727163e+003  1.7643037666004257e+003  1.1828172906676332e+003  1.0082005313447571e+003  8.7494385452684764e+002  8.6944520503810963e+002  8.5191175140222686e+002  8.5191175140222686e+002  8.5191175140222686e+002  8.5191175140222686e+002  8.4483146599911834e+002  8.1932557650647914e+002  8.1932557650647914e+002
  3.4325420951257784e+003  2.4975522198795279e+003  1.6471024644229910e+003  1.4081695388665075e+003  1.0288594335229600e+003  9.4234620077196632e+002  9.3307144170200854e+002  9.3307144170200854e+002  8.4893406777601422e+002  7.9672006549907655e+002  7.9672006549907564e+002  7.9672006549907564e+002  7.9672006549907564e+002  7.9672006549907564e+002
  4.7209417016410143e+003  2.5684631072250431e+003  1.7435893207843046e+003  1.3990294350705326e+003  9.5315362725099476e+002  8.8872250948908368e+002  8.5198004012671981e+002  8.5198004012671981e+002  8.3401515005828696e+002  8.3401515005825422e+002  8.3401515005820602e+002  8.3401515005820602e+002  8.1782843584693046e+002  8.1782843584689954e+002
  4.6735699929705806e+003  2.2589702284742070e+003  2.1248085125673997e+003  1.5209122271005945e+003  1.0252574968209638e+003  8.7314015589908786e+002  8.7314015589908786e+002  8.1686251362867779e+002  8.1686251362867779e+002  8.1686251362864732e+002  8.0310957788822088e+002  8.0310957788822088e+002  8.0310957788822088e+002  8.0310957788822088e+002
  3.3956179840155201e+003  2.3143629830582959e+003  1.7937026189717772e+003  1.2823182975895288e+003  9.2380219699043755e+002  9.2380219699043755e+002  8.6767505604764938e+002  8.6767505604764938e+002  8.6767505604764938e+002  8.6767505604764938e+002  8.4152924100673499e+002  8.4152924100673499e+002  8.3645703881853933e+002  8.3645703878304039e+002
  4.4231978587255471e+003  2.5216647731548928e+003  1.8293469390019236e+003  1.3452464601112433e+003  1.0119267346635197e+003  9.5127628644277593e+002  9.5127628644277593e+002  8.7309846133334986e+002  8.6921241397038148e+002  8.5746790306906269e+002  7.8344038685326814e+002  7.8344038685326814e+002  7.8344038685326814e+002  7.8344038685326814e+002
  3.7120393320623007e+003  2.8645814472466982e+003  1.7731427722105273e+003  1.0834333322518632e+003  1.0234060848607933e+003  8.9956722060603715e+002  8.9956722060600623e+002  8.9956722060600623e+002  8.9956722060600623e+002  8.5708328819264307e+002  8.5708328819264307e+002  8.5708328819264307e+002  8.4395736607212439e+002  8.3644598035517947e+002
  4.0407838640440796e+003  2.6683815350308978e+003  1.9158149061643498e+003  1.4443103715657362e+003  9.9082801820037866e+002  9.2772023240285762e+002  9.2772023240285762e+002  8.7760980572834842e+002  8.7760934026032828e+002  8.7760934026032828e+002  8.5024454334647180e+002  8.3767172951936254e+002  8.3767172951936254e+002  8.0229900736722038e+002
  4.2154636160207683e+003  2.4789896588554147e+003  2.1056297634578450e+003  1.2146901724757399e+003  1.0666238619728260e+003  9.0756453184149086e+002  9.0756453184149086e+002  8.9819419195633145e+002  7.9438780422001855e+002  7.9438780422001855e+002  7.9438780422001855e+002  7.9438780422001855e+002  7.9438780422001855e+002  7.9438780422001855e+002
  4.3431089372987117e+003  2.5233086831737055e+003  1.9968726681842081e+003  1.1802534516758142e+003  1.0722424561437338e+003  9.2271960057687693e+002  9.2271960057687693e+002  8.0831603377253668e+002  8.0831603377253668e+002  8.0831603377253668e+002  7.6776751441427950e+002  7.6776751441391525e+002  7.6776751441391525e+002  7.6776751441391525e+002
  4.5607336183984835e+003  2.5839114333216030e+003  1.9214121305957851e+003  1.6287646495342233e+003  9.4395767509842108e+002  9.4395767509842108e+002  9.0496786606930254e+002  9.0496786606930254e+002  8.8430463611155619e+002  8.8430463611155619e+002  7.9134609711942267e+002  7.9134609711942267e+002  7.9134609711942267e+002  7.9134609711942267e+002
  3.7808858277475474e+003  2.4645131045492672e+003  1.7680122640923237e+003  1.1989722011479862e+003  1.1704597380558544e+003  1.0311421286726618e+003  9.3445232938232402e+002  8.7674425949556371e+002  8.7619206492126614e+002  8.2267916516152036e+002  8.2267916516152036e+002  8.2267916516152036e+002  8.2267916516152036e+002  7.8513764908809208e+002
  3.8881845530047249e+003  2.7076625136268613e+003  1.8953856797102844e+003  1.6562557680932750e+003  1.0551316953877931e+003  9.6741182860038498e+002  8.5303893634738461e+002  8.5303893634738461e+002  8.3779971423649067e+002  8.3779971423638699e+002  8.3779971423638699e+002  8.3779971423638699e+002  8.3779971423638699e+002  8.3779971423638699e+002
  4.6757256710265456e+003  3.0373690304649599e+003  2.0078384825057801e+003  1.4053859958704152e+003  1.1693399193359346e+003  8.8724628474848214e+002  8.3700470383260108e+002  7.7563292912216366e+002  7.7563292912216366e+002  7.7563292912137695e+002  7.7563292912137695e+002  7.7563292912137695e+002  7.7563292912137695e+002  7.7563292912137695e+002
  4.1063779683097564e+003  2.6668647256760032e+003  2.0535409348401790e+003  1.4141179695524879e+003  9.7179027809874697e+002  9.7179027809874697e+002  9.4310579668851597e+002  9.4190467204656807e+002  8.5791349177768052e+002  8.1457387947819279e+002  8.1457387947819279e+002  8.1457387947819279e+002  8.1457387947819279e+002  8.0305550753677471e+002
  4.4764278108137587e+003  2.1567401278872958e+003  2.0498379476729715e+003  1.2250194038343761e+003  1.1907493216200610e+003  9.4105453300252066e+002  9.0156595353884495e+002  8.9228920403304255e+002  8.8410109414681392e+002  8.6940737631516413e+002  8.5393145210311741e+002  8.5393145210311741e+002  8.5393145210311741e+002  8.5393145210311741e+002
  3.9438392335992912e+003  2.6626508803067236e+003  2.0446960140968677e+003  1.4790720884284892e+003  9.8280508281162020e+002  8.8668432255897596e+002  8.8668432255897596e+002  8.8668432255897596e+002  8.7979152811923223e+002  8.5046935379421575e+002  8.5046935379421575e+002  8.5046935379421575e+002  8.5046935379421575e+002  8.5046935379421575e+002
  4.0688455695538132e+003  3.0241438665308797e+003  2.1001576113464089e+003  1.6031686163337399e+003  1.1590667119750610e+003  9.2880036318404700e+002  8.9592249027415755e+002  8.3937326202145096e+002  8.3937326202145096e+002  8.3937326202145096e+002  8.3937326202145096e+002  8.3937326202145096e+002  8.3456673943896840e+002  8.3456673943896840e+002
  4.0441932339836194e+003  2.5116196664132358e+003  1.9709634081617578e+003  1.5006572801806078e+003  1.0967037546297470e+003  9.1843031275355952e+002  8.9808426707078252e+002  8.9808426707078252e+002  8.5460405423054090e+002  8.5460405423054090e+002  7.7605505684506898e+002  7.7605505684506898e+002  7.7605505684506898e+002  7.7605505684506898e+002
  3.6234909046368330e+003  2.2211538750944201e+003  1.8126095462829617e+003  1.5592434204156734e+003  1.0558101882843798e+003  9.1762272930587915e+002  8.4618469716584968e+002  8.4618469716583149e+002  8.4618469716583149e+002  8.4618469716583149e+002  8.4618469716583149e+002  8.3760412578946671e+002  8.3757966181650909e+002  8.2340521634535253e+002
  3.2170837505820182e+003  1.9361526580079371e+003  1.6123070357628076e+003  1.5572988328685351e+003  1.0260029542735656e+003  8.9544685492364079e+002  7.9369436657387178e+002  7.9369436657387178e+002  7.9369436657387178e+002  7.9369436657387178e+002  7.9369436657387178e+002  7.9369436657387178e+002  7.9369436657387178e+002  7.9369436657387178e+002
  4.4728929428089577e+003  2.5035772490096742e+003  1.6776047128055643e+003  1.3468659765145712e+003  9.2625619618460041e+002  8.5063929035036927e+002  8.5063929035036927e+002  8.5063929035036927e+002  8.5063929035036927e+002  8.5063929035036927e+002  8.5063929035036927e+002  7.6981448324493977e+002  7.6981448324493977e+002  7.6981448324493977e+002
  4.5472417478918615e+003  2.8529534770212576e+003  2.3034226654229078e+003  1.2245107411527592e+003  1.0402566388788382e+003  9.6702553886874603e+002  8.5472980506558588e+002  8.5472980506558588e+002  8.5472980506558588e+002  8.0233049419217150e+002  8.0233049419217150e+002  8.0233049419217150e+002  8.0233049419217150e+002  8.0233049419217150e+002
  3.5582634013352363e+003  2.5111894565961602e+003  1.7620308629658448e+003  1.5903738617739255e+003  1.0018686979920412e+003  8.4235954411594867e+002  7.8901829496952359e+002  7.8901829496952359e+002  7.8901829496952359e+002  7.8901829496952359e+002  7.8901829496952359e+002  7.8901829496952359e+002  7.8901829496952359e+002  7.8901829496952359e+002
  4.0786555875967088e+003  2.3291150933430763e+003  1.7447414925542762e+003  1.3792378501764078e+003  9.7820629579522210e+002  9.7820629579522210e+002  8.7429488627588034e+002  8.6821726765095855e+002  8.6821726765095855e+002  8.5362039316880237e+002  8.5362039316880237e+002  8.1202611194049859e+002  8.1202597631197023e+002  7.7066612221803689e+002
  4.3724123469632286e+003  2.4284947357245001e+003  2.0858658368393408e+003  1.2464047030355637e+003  1.0357571813898849e+003  9.2174591478448565e+002  8.9308051226899624e+002  8.3428025538395923e+002  8.3428025538395923e+002  8.3428025538395923e+002  8.3428025538395923e+002  8.0939102920732421e+002  7.9905879988682727e+002  7.9002761797792255e+002
  3.9694191545241474e+003  2.1714068097964846e+003  1.6312445698658548e+003  1.3728930307540068e+003  8.8733045672173466e+002  8.8733045672173466e+002  8.7136638888324887e+002  8.6206723637157029e+002  8.3021923518512858e+002  8.3021923518512858e+002  8.3021923518512858e+002  7.8945579982709796e+002  7.8945579982709796e+002  7.8945579982709796e+002
  4.6137713365834152e+003  2.4013930108154800e+003  2.0528396438755735e+003  1.3223089141356031e+003  1.0860907168394147e+003  9.4196851557906393e+002  9.0712895131090863e+002  8.3942460242334300e+002  8.2533929728654675e+002  8.2533929728654675e+002  8.2533929728654675e+002  8.1821357691199273e+002  8.1821357691199273e+002  8.1515036182774656e+002
  3.6262230400250392e+003  2.1820743882814813e+003  1.6741551859796455e+003  1.3105907956896126e+003  9.6231312453524470e+002  8.7806538062558457e+002  8.7746664150782635e+002  8.0123075273049017e+002  8.0123070124209698e+002  8.0123070124209698e+002  8.0123070124209698e+002  8.0123070124209698e+002  8.0123070124209698e+002  7.8450734475807621e+002
  3.7440866164149966e+003  2.3024620444279572e+003  1.8395514789791659e+003  1.1241775567266427e+003  1.0568603304508101e+003  8.6973378445240360e+002  8.4939544947971081e+002  8.4939544947971081e+002  8.4131720903896894e+002  8.4131720903896894e+002  8.3796977659769072e+002  8.3796977659769072e+002  8.3796977659769072e+002  8.1979331414465469e+002
  4.2195726549243482e+003  2.7777328865852269e+003  2.1341069617945568e+003  1.5093869509970309e+003  1.0584617850576642e+003  9.4564645256739004e+002  8.8438763486337120e+002  8.5326497373782604e+002  8.2231634692197349e+002  8.0799795378594354e+002  8.0799795378594354e+002  7.7882655949854325e+002  7.7882655949854325e+002  7.7882655949854325e+002
  3.0779172231464199e+003  1.8664537934809623e+003  1.7586458965218408e+003  1.1961890176935540e+003  1.0963603432077766e+003  9.5476650725615264e+002  8.9517390323426071e+002  8.4540127178633065e+002  8.2771449763268311e+002  8.2771449763268311e+002  8.2771449763268311e+002  8.2771449763268311e+002  8.2771449763268311e+002  7.8336832732198809e+002
  3.6556459711566240e+003  2.2864142297998214e+003  1.7278965289116913e+003  1.5319627422785452e+003  9.7346045321233487e+002  9.5046074524596861e+002  8.6827061841671230e+002  8.6827061841671230e+002  8.6827061841671230e+002  8.6778944988427111e+002  8.6778944988427111e+002  7.8309549379619557e+002  7.8309549379616965e+002  7.8309549379616965e+002
  3.9981400130831344e+003  2.8339350799404128e+003  1.6829091230819286e+003  1.2675731758037982e+003  1.0550988886870432e+003  8.9761601309066191e+002  8.5565813462576989e+002  8.5565813462576989e+002  8.5565813462576989e+002  8.4726553773521618e+002  8.4726553512308465e+002  8.4726553512308465e+002  8.4726553512308465e+002  8.4726553512308465e+002
  4.0259812825983081e+003  2.7993012375464987e+003  2.1981250201687817e+003  1.6058041341979406e+003  1.0649599429005975e+003  9.2017376619065681e+002  9.2017376619065681e+002  8.5805126888030827e+002  8.5805126886567950e+002  8.5805126886567950e+002  8.2758316133816879e+002  8.1637320365062760e+002  8.1637320358632223e+002  8.1637320358632223e+002
  4.9096347406308214e+003  2.8289605887754296e+003  2.1028959818275489e+003  1.5580920358090170e+003  1.0316525207082495e+003  9.3905416400704144e+002  9.3905416400704144e+002  8.4746897531366540e+002  8.4746897531366540e+002  8.4746897531366540e+002  8.4746832500308483e+002  8.4746832493814873e+002  8.4746832493814873e+002  8.4746832493814873e+002
  3.0934390064220906e+003  2.1610097948883540e+003  1.7020782756150538e+003  1.3785541114146072e+003  1.0326945698643835e+003  9.2815263457339825e+002  8.3350601997123249e+002  8.3350601997123249e+002  8.3350601997123249e+002  8.2202452139818297e+002  8.2202452139818297e+002  7.8753495491992362e+002  7.8753495491992362e+002  7.8753495491992362e+002
  3.2747824409223240e+003  2.4772101845412635e+003  1.8675693616168219e+003  1.3246564807981631e+003  1.0173567719312682e+003  1.0173567719312682e+003  9.9895871471560940e+002  8.8090623639842215e+002  8.8090623639842215e+002  8.8090623639842215e+002  8.8090623639842215e+002  8.0971186790982756e+002  8.0971186790982756e+002  8.0971186790982756e+002
  4.8530014705330123e+003  2.7124097150316147e+003  1.7985178099525065e+003  1.6241729136736421e+003  1.0744511097912382e+003  9.5517333462231090e+002  8.4628168227837523e+002  8.4628105784839954e+002  8.3864934010290608e+002  8.3864934010290608e+002  8.3864934010277329e+002  8.3864934010277329e+002  8.0845084782502636e+002  8.0845084782502636e+002
  4.3210380257095121e+003  2.2661030051565085e+003  1.9888476053494569e+003  1.4965115075486447e+003  1.0065658830644934e+003  9.1314398593680698e+002  9.1068594174885993e+002  8.4954143089293757e+002  8.4954143089293757e+002  8.3671694367222517e+002  8.3671694367222517e+002  8.3671694367222517e+002  8.3671694367222517e+002  8.3671694367222517e+002
  3.9934534446064372e+003  2.5444997249100215e+003  1.8376376347976675e+003  1.3118299353112779e+003  1.1159368949494301e+003  9.6113565284607694e+002  9.2581467173531610e+002  8.9726951135761647e+002  8.5326352349503304e+002  8.5326352349502213e+002  8.3921261673867866e+002  8.3921261673867866e+002  8.1974885388846178e+002  8.1974885388846178e+002
  4.1688323164734156e+003  2.0429765206650563e+003  1.7967501643802643e+003  1.4055042133657498e+003  9.5439662698320899e+002  8.4474238678405891e+002  8.4474238678405891e+002  8.4474238678404345e+002  8.3644955580302849e+002  8.1234255593491071e+002  8.1234255593491071e+002  8.0990084315195281e+002  7.7002597688070273e+002  7.7002597688070273e+002
  4.3965757675117802e+003  2.4519615048827181e+003  1.8248386710083387e+003  1.4355624068822635e+003  1.0394969646831164e+003  8.6389261211230087e+002  8.6389261211230087e+002  8.6389261211230087e+002  8.5919370416020001e+002  8.1403165583426426e+002  8.1403165583426426e+002  8.1403165583426426e+002  8.1403165583426426e+002  8.1403165583426426e+002
  3.1725887630720736e+003  2.4524185502426481e+003  1.5640901159665764e+003  1.3128023639763105e+003  1.0274547984240262e+003  9.7254620013215481e+002  9.4171325611152588e+002  8.9777267031838574e+002  8.6559613475032165e+002  8.6559613475032165e+002  8.6559613475032165e+002  8.6559613475032165e+002  8.6559613475032165e+002  7.8093771918478797e+002
  4.1600211839547474e+003  2.2705891624330598e+003  2.0422064367755920e+003  1.2235386686208926e+003  1.0685498915078597e+003  8.7760678783124877e+002  8.7760678783124877e+002  8.7760678783124877e+002  8.7760678783124877e+002  8.5563057673276535e+002  8.5563057673276489e+002  7.7600382547849495e+002  7.5319935800820440e+002  7.5319935800820440e+002
  3.9978770787656449e+003  2.4172464786747323e+003  1.4779659633743740e+003  1.4116448661905424e+003  1.1653721036528732e+003  9.9137380628402752e+002  9.4160221344962338e+002  9.3979515141388310e+002  9.1896909383230832e+002  8.1505181209175953e+002  8.0350031288396713e+002  8.0350031165027667e+002  8.0350031165027667e+002  8.0350031165027667e+002
  4.3303697535510773e+003  2.4156282067695192e+003  1.5324226680009979e+003  1.4188392819107012e+003  1.0563291092006948e+003  9.0394547305991773e+002  8.6076852823532136e+002  8.6076852823532136e+002  8.6076852812627249e+002  8.4332100224932856e+002  8.2692912656064709e+002  8.2692912656064709e+002  8.1791354803743161e+002  8.1791354803734612e+002
  4.0364908121074095e+003  2.3261358968737295e+003  1.7033927241935644e+003  1.2241150971585125e+003  8.8002671539426683e+002  8.7674737497735396e+002  8.7674737497735396e+002  8.5116684856443499e+002  8.5113683694828615e+002  8.3781253962797291e+002  8.3781253962797291e+002  8.3208504387182711e+002  8.1505876977167918e+002  8.1505876977167918e+002
  4.1144700410674213e+003  2.9001081331022042e+003  1.8929060039913875e+003  1.0786487728192506e+003  1.0668415717608514e+003  9.5234982101782180e+002  9.0291989316430136e+002  8.8036760291220071e+002  8.6069559808292797e+002  8.6069559808292161e+002  8.4339013504232298e+002  8.2432996740246381e+002  8.2432996740246381e+002  8.2432996740246381e+002
  3.6612071387013439e+003  2.8506407718990795e+003  1.6992109119091274e+003  1.4868140328834679e+003  1.0118084659799197e+003  9.4279921467096165e+002  9.2484436013116192e+002  9.0219934871640453e+002  8.7667820538464548e+002  8.7667820538464548e+002  8.4019969064054976e+002  8.4019969064054976e+002  8.4019969064054976e+002  8.4019969064054976e+002
