  1.6247187516697375e+006  2.6855517572947723e+004  4.7117068402330815e+003  1.1026452286090025e+003  3.1169620962131694e+002  2.9218803814569401e+002  2.8933062833288022e+002  2.8931672844352761e+002  2.8931672639128328e+002  2.8905629037966037e+002  2.8905629033210153e+002  2.8905628354355758e+002  2.8612088414947539e+002  2.8611684040408545e+002
  2.2495056416982943e+006  1.0543970793543897e+005  4.3224445679985620e+003  3.3336645423681903e+003  6.7031679333318243e+002  3.2058585162304644e+002  3.1399329198864643e+002  3.0973046608912591e+002  3.0973046546781416e+002  3.0973045996203336e+002  3.0937604624981986e+002  3.0937565212801201e+002  3.0937425105838611e+002  3.0937419111009967e+002
  2.9603709029379836e+005  3.5531537513222756e+004  4.6519695904904729e+003  2.2929904674552217e+003  6.1145131199821662e+002  4.7025178612274067e+002  4.7023577604466118e+002  4.7023566188462246e+002  4.7023566106969338e+002  4.7023566105973214e+002  4.7023566105964301e+002  4.7023566105964255e+002  4.6212003231643894e+002  4.6203914906956425e+002
  1.7050351830432270e+005  3.2111178867443232e+003  2.2763862746293380e+003  1.1636619896938064e+003  5.3428256159657894e+002  2.9801904790974095e+002  2.9801421124940907e+002  2.9752949812630095e+002  2.9752944864311030e+002  2.9752944773360832e+002  2.9752944773094077e+002  2.9752944773051786e+002  2.9752942840371998e+002  2.9752572162716388e+002
  4.8978845885126723e+005  5.8009574489007879e+004  3.1428307348652352e+003  1.7224313331234007e+003  8.5602765617696969e+002  2.8467925306732104e+002  2.8109009531896345e+002  2.8108999309905585e+002  2.8108999148026442e+002  2.8108998989934753e+002  2.8108998989720976e+002  2.8108998926926643e+002  2.8108998926926597e+002  2.8095573456855527e+002
  7.5124790335559053e+005  8.2469385402572167e+004  3.4778265128800173e+004  8.7614645728041387e+002  5.6500297160928221e+002  5.3451707993451191e+002  4.8428109556003210e+002  4.8428109556003210e+002  4.1730495959432756e+002  3.4123303925345317e+002  3.4030201644177168e+002  3.3777912139255113e+002  3.3738706393334360e+002  2.8921700625991843e+002
  1.7973045540663071e+006  1.4173909267172698e+005  2.0493539428986020e+004  1.5373623912990806e+003  4.1567499651305843e+002  4.0499650928202254e+002  4.0499648692395613e+002  3.3217728958037378e+002  3.3185633615619463e+002  3.3185633615599045e+002  3.3156535722512399e+002  3.3139252715758266e+002  3.3139252715758266e+002  3.3138780703265684e+002
  7.1108525876470236e+005  1.2730238967289803e+004  4.3394733572920986e+003  1.5263268641124996e+003  3.5344469653851957e+002  3.3057749755634450e+002  3.3057077250589555e+002  3.3057026591516251e+002  3.2459696564382739e+002  3.0797944844516587e+002  3.0477227075272640e+002  3.0146836171868927e+002  3.0146836171868699e+002  3.0146644629238608e+002
  6.6219344342824840e+005  9.8276630903199839e+002  9.1263600199866551e+002  8.8324528569470840e+002  4.2972607056702191e+002  4.2942235083359583e+002  4.2896033886713076e+002  4.2574586465933271e+002  4.2574585629474541e+002  4.2574585624814290e+002  4.2574585624795100e+002  3.9865138881448274e+002  3.9851632036809042e+002  3.9851449055825242e+002
  5.7023311009645497e+005  1.7310324856709576e+003  1.7147577370416666e+003  1.2357027074972857e+003  4.8690303929704669e+002  3.9974162546149000e+002  3.4207801446955727e+002  3.4207780443053571e+002  3.4207762627991087e+002  3.2489550113423365e+002  3.2393543282908195e+002  3.2393543282908195e+002  3.2393489766831999e+002  3.2383164826814436e+002
  3.3129331684862298e+005  2.2321559383337415e+004  1.0530974789130425e+004  4.5312562696101741e+003  2.7335453788530367e+002  2.7335453788530367e+002  2.7335453788530367e+002  2.7335453788530367e+002  2.7335453788530367e+002  2.7335453788530367e+002  2.7335453788530367e+002  2.7335453788530367e+002  2.7335437522931352e+002  2.7335400049962846e+002
  3.4947508624934091e+005  1.2363677475425946e+004  3.1369867044427820e+003  7.4205555348839880e+002  6.0803110299371610e+002  4.1405082230170410e+002  4.1404728296305939e+002  3.7552939644988419e+002  3.7552939644988419e+002  3.7552939644988419e+002  3.7552939644988419e+002  3.7552939644988419e+002  3.7552939644988419e+002  3.7503381650350730e+002
  2.6218650966647931e+005  7.3793111160319786e+003  5.7033698623305154e+003  2.8826600516457984e+003  4.0101633110710873e+002  3.9991549714836856e+002  3.6588734834942852e+002  3.6588673952386489e+002  3.1013936117106550e+002  3.0990354547381230e+002  3.0989982736423508e+002  3.0989982736423508e+002  3.0897011329915995e+002  2.5474837893494714e+002
  2.0896208096811515e+006  1.2052736883111029e+005  1.6828980183085921e+004  1.5008303773871867e+003  8.7447170166640444e+002  5.9035991810499399e+002  5.6172657853010742e+002  4.0251803070912956e+002  2.6086673982472303e+002  2.4030403655203099e+002  2.4030403654666270e+002  2.4030398354637236e+002  2.4029396279845423e+002  2.4010079047540876e+002
  3.1444727746219745e+004  7.8104875902246276e+003  2.2978422563204513e+003  1.1797800644373365e+003  5.4159562232753387e+002  5.4159562232753387e+002  4.4619507386857731e+002  4.2744841487622489e+002  3.9734467675377300e+002  2.4678955974757764e+002  2.4678955974757764e+002  2.4377440410461941e+002  2.4215973014505653e+002  2.3811873390753681e+002
  4.6188796759134810e+005  7.8302618896965418e+004  1.2581758096271737e+004  2.2254086434218761e+003  3.6396139894225826e+002  2.9164566996449321e+002  2.9143667812648391e+002  2.9102930778487143e+002  2.9102930778487143e+002  2.9102930778487143e+002  2.9102930768949864e+002  2.9102930745515550e+002  2.9102930745490266e+002  2.9102903686991067e+002
  2.2649387099017105e+004  2.0465422273711974e+003  1.9149420886595362e+003  1.1400578124683921e+003  5.1313394508726924e+002  5.0709244964213758e+002  5.0683952118994057e+002  4.4528095339488527e+002  4.4527669321145186e+002  4.0558876080804839e+002  3.0321590734673691e+002  2.9867649291294902e+002  2.9867649291294902e+002  2.9017014299815310e+002
  1.8213284625091354e+005  5.3285120594958105e+004  4.8307421136424628e+003  3.5666210116963011e+003  6.2552439367280658e+002  5.2076084214482808e+002  4.4231495277214844e+002  3.3844287585280608e+002  3.3610145277493075e+002  3.3510992888200281e+002  3.3510992879710375e+002  3.3510992879399191e+002  3.3510992876941054e+002  3.3510703561372338e+002
  2.4099333236766615e+005  3.5035301123978716e+004  9.3957625247226715e+003  5.5047253265092186e+003  5.5615308142693993e+002  2.9649385887554308e+002  2.9649187943697825e+002  2.9649187337189369e+002  2.9605798827754734e+002  2.9386322337200818e+002  2.9386322337183401e+002  2.9386322337183174e+002  2.9386302786500210e+002  2.9386301852933775e+002
  8.3118927956203150e+005  1.1346653879490685e+004  6.2182135080203370e+003  1.0488076584149203e+003  4.4427006309312810e+002  4.2679727060293044e+002  4.2677757253212167e+002  4.2497333972081879e+002  4.2497333882941484e+002  4.2096998394817501e+002  4.2096998394815137e+002  4.1977362180214914e+002  4.1977063636711637e+002  4.1977023602142617e+002
  4.6639166276949458e+005  1.3263163807132063e+005  5.8950124390947531e+003  3.7836067177455388e+003  3.1602922732222942e+002  3.1030928193018963e+002  3.0892769257328564e+002  3.0892768177597100e+002  3.0892766654545176e+002  3.0892766068531637e+002  3.0892766060905842e+002  3.0892766059817041e+002  3.0892766059308542e+002  3.0892093400301337e+002
  1.9824059181251918e+005  1.1055024255943066e+004  3.8707549107186333e+003  2.7252542636886346e+003  6.0812162855755059e+002  4.4646356431543245e+002  3.9633092210579207e+002  3.9633091279488826e+002  3.9633091279488826e+002  3.9633091279488826e+002  3.9633091279488826e+002  3.9633091279488826e+002  3.9633091279488826e+002  3.6181630277288241e+002
  2.0504556810203011e+005  1.8820460595608634e+005  4.5982161396844582e+004  6.5238960907013479e+003  4.8106232120110326e+002  3.8075042966382352e+002  3.6272937979769313e+002  3.6169040556631626e+002  3.6169040550476029e+002  3.6159027925792770e+002  3.5065388965177863e+002  3.4830073897373723e+002  3.2008068702823311e+002  3.0706248778373447e+002
  2.8914152332935352e+006  2.2128605082503700e+005  9.0758865842269115e+003  1.0834004126855452e+003  6.8171890288860914e+002  3.9190736990261985e+002  3.9190736990261985e+002  3.9189934929981064e+002  3.5291495849022385e+002  3.4882161981800709e+002  3.1056728883684764e+002  3.0186885903114990e+002  3.0095172429961622e+002  3.0095064537967937e+002
  4.4527658306118596e+004  1.1030898254354272e+004  2.3238823269320310e+003  1.4561533050484686e+003  3.2015617047219985e+002  3.1668768596202926e+002  3.1409347039389695e+002  3.1409347039389695e+002  3.1067728574430976e+002  3.1067728557822556e+002  3.1067728557416194e+002  3.1067016115424758e+002  3.1067015522623433e+002  3.1067015522623433e+002
  1.6890405732041944e+006  1.3954503387582579e+004  3.1680715157058776e+003  1.8310414913145560e+003  6.0784272697498318e+002  4.7370308918201454e+002  4.7369925129607873e+002  2.6504044793789853e+002  2.6235318096140372e+002  2.6235313988483404e+002  2.6209803411371968e+002  2.5949169601432823e+002  2.5041194552009165e+002  2.5040956109887884e+002
  2.9490926116916427e+005  2.6872881894853679e+004  1.5747413484149278e+004  1.2653034968928114e+003  4.5139800479889209e+002  4.0307742340133245e+002  3.6038582964465650e+002  3.3411660468873970e+002  3.3411660120674287e+002  3.1529112572865324e+002  3.1529112572760505e+002  3.1529112572759959e+002  3.1529112572759823e+002  3.1528936448384457e+002
  5.9543190214370086e+005  4.2282458720330487e+003  3.5201712920896398e+003  1.8236275977689329e+003  3.5357066086284021e+002  3.5357066086284021e+002  3.5120973793201392e+002  3.3791998658523335e+002  3.2466238243481530e+002  3.2337376328029404e+002  3.2337376328026448e+002  3.2337376328026448e+002  3.1926051699332720e+002  3.1926051699332720e+002
  1.8433047319324393e+005  1.6054088722251377e+004  6.7075615038317246e+003  1.4458510226819553e+003  4.6660311084990462e+002  3.9180953128633701e+002  3.1525939365846989e+002  2.9299431485743207e+002  2.9293615387161344e+002  2.9293611632884222e+002  2.9293611632884222e+002  2.9286887343090712e+002  2.9286887343090712e+002  2.8644569818867558e+002
  2.1285085348720994e+005  3.4710765977890049e+004  6.5130461265161684e+003  1.2974456997012685e+003  3.8140850865626771e+002  3.8140850865626771e+002  3.8136942546432556e+002  3.8135817702143004e+002  3.6613854074282244e+002  3.6613854074282244e+002  3.1153663635436578e+002  3.1153663633444739e+002  2.5614134048710685e+002  2.5611258881374033e+002
  8.2867816002792888e+005  1.1978808019612519e+005  2.7584763838971958e+003  2.2486127277648757e+003  7.6423949838360159e+002  5.5703524326947763e+002  4.7697926765358670e+002  4.3549991421791310e+002  4.3549991378342929e+002  4.3549991378316554e+002  4.3549991378316463e+002  3.6288952373868005e+002  3.5422194934658864e+002  3.3477093304946538e+002
  5.9059468939702855e+006  6.8740079223117471e+004  1.4012996422034885e+003  1.0356582884617033e+003  3.7151823147399591e+002  3.7151823147399591e+002  3.6430961308234237e+002  3.6430961308234237e+002  3.6430961308234237e+002  3.6430961308234237e+002  2.6489582449674435e+002  2.6489582449220552e+002  2.6429543413138754e+002  2.5948866228720362e+002
  1.2014920679612670e+006  1.9986755313559897e+003  1.2473752108561675e+003  1.0360985278877865e+003  6.1488525828263300e+002  5.1795754665551340e+002  5.1788011789984921e+002  5.1706858710579581e+002  4.6063257136743459e+002  4.6062037612731729e+002  4.6026632979811120e+002  4.5822102846586131e+002  4.5769262344796471e+002  4.4923623768916787e+002
  5.4539611379979039e+005  4.5609895203269873e+004  9.0652481248285003e+003  1.0754368365454093e+003  4.1771719437816228e+002  3.5296296610468698e+002  3.4114196708371583e+002  3.4058639653480986e+002  3.2354018495162427e+002  3.2092770454571064e+002  3.2089798821681688e+002  3.2089798821681688e+002  3.2040118283472657e+002  3.2036483458815292e+002
  7.2857271540785092e+004  9.7001198043072654e+003  4.6671784547538600e+003  2.2043927045397068e+003  5.9159264588057977e+002  5.7958703057260163e+002  5.7958056429840417e+002  5.7958041439753288e+002  4.7000734156963290e+002  4.7000734156963290e+002  4.2058816920182744e+002  4.2058816920182744e+002  4.2058577742926036e+002  4.2058577742926036e+002
  1.0142526628153953e+005  1.9395763580090301e+004  9.8494455019485868e+003  4.7251221015573283e+003  6.3359361963538640e+002  3.7566827984618203e+002  3.7269229238794287e+002  3.2534199799433327e+002  3.2531970485274041e+002  3.2531969221761574e+002  3.2531969220639803e+002  3.2531969220424207e+002  3.2531969220424207e+002  3.2531969220424207e+002
  1.0592548637503340e+005  3.1556607609530220e+004  2.4832127537680508e+003  1.6673934498018662e+003  5.2056625954348783e+002  4.5015725381654875e+002  2.7321469861538981e+002  2.7294604049030295e+002  2.7242494182878454e+002  2.7242494181395887e+002  2.7041251424215216e+002  2.7041218797999909e+002  2.7041217413818049e+002  2.6640282105751066e+002
  8.9761551395101764e+005  3.9393536036724130e+004  1.7506124298746236e+004  9.2777798968481466e+002  4.3341848389375264e+002  4.3341848389375264e+002  4.2466051247112136e+002  4.2466051247112136e+002  4.2466051247112136e+002  4.2466051247112136e+002  4.2466051247112136e+002  4.2466051247112136e+002  4.2466051247112136e+002  4.2466051247112136e+002
  2.1900830730472029e+004  2.6276092910449797e+003  2.4000555288502273e+003  2.3785223030092093e+003  7.6293037851260169e+002  5.0668242599033510e+002  5.0664163770369032e+002  3.4435432844567958e+002  3.4435432844567958e+002  3.4030459909610181e+002  3.4030453930330532e+002  3.4030453930330532e+002  3.4030453930330532e+002  3.4014043938735676e+002
  2.0542092825124305e+005  1.5817960000177729e+004  1.0879201733912543e+004  1.0411073952562419e+003  4.5833533296241740e+002  3.2953392022138451e+002  3.0318821788014384e+002  3.0178679479937637e+002  2.9098650742107566e+002  2.9098650742001610e+002  2.8311739731533407e+002  2.8299203373773707e+002  2.8299203215461375e+002  2.8280053151940137e+002
  8.8583523071350548e+006  1.0334871022492870e+005  4.5568749814569957e+004  7.0365264074818333e+002  5.8433088088879094e+002  5.8433088088879094e+002  5.1271429171614909e+002  4.5859547945902204e+002  4.0839330671650760e+002  3.2017478410374088e+002  2.9974431303897336e+002  2.9974431303897336e+002  2.9943945880280125e+002  2.9938887014165857e+002
  1.0556361090400325e+005  8.4703989603098980e+003  2.2425420980028903e+003  1.7118014247203664e+003  5.6121096763245350e+002  5.1938920096799575e+002  5.0541493275112089e+002  4.6916581997302819e+002  3.9330384511245848e+002  3.9326777349536724e+002  3.1702120322645897e+002  3.1697979959658096e+002  3.1393520371482100e+002  3.1393457524477526e+002
  1.4670871957833381e+005  1.5191524712329374e+004  1.3516227141156618e+004  6.8253586197717705e+003  4.1863007677539463e+002  4.1863007677539463e+002  4.1863007677539463e+002  4.1863007677539463e+002  4.1863007677539463e+002  4.1740592878191001e+002  4.1740592878191001e+002  4.1740592878191001e+002  4.1740592878191001e+002  3.5148172464615936e+002
  9.2958081491231534e+005  1.7273057738181717e+004  6.2858471438548986e+002  5.1115454562590185e+002  4.6425113244595832e+002  3.0971396963412371e+002  3.0879824708497199e+002  3.0879823456867825e+002  3.0879818855222629e+002  3.0879818850105676e+002  3.0879818849058529e+002  3.0664235403267230e+002  3.0664213439872537e+002  3.0664213439872537e+002
  5.3907947152853140e+005  3.5650279162769999e+004  1.5897533850860837e+004  4.0734613318835836e+003  6.5121454058953759e+002  6.2332000255849198e+002  6.2313964461748628e+002  6.2313893112923142e+002  6.2313890546547191e+002  6.0246677272726765e+002  5.8249027541295072e+002  4.3172989139618085e+002  4.3172989139618085e+002  4.3154993468439989e+002
  8.6761805085130240e+004  4.4380294666345486e+004  1.2858977824607287e+004  7.8929949766171512e+002  4.4498800319362772e+002  4.3592621795545620e+002  4.3591706433168611e+002  4.3591681511210390e+002  4.3591680588439067e+002  4.3589938225005153e+002  4.3589938225005153e+002  4.3589938225005153e+002  4.3307194907155736e+002  4.0022401950089352e+002
  1.1411488016709336e+006  2.3850081666383616e+004  8.8302457588651887e+003  2.8218137614447733e+003  6.1846044091006024e+002  3.1080730668812294e+002  2.8410098688824428e+002  2.8215625701355339e+002  2.8215567127986560e+002  2.8165731796550790e+002  2.8165731796141881e+002  2.8165731796131058e+002  2.8141663218190297e+002  2.8141659872389437e+002
  3.3359223321888833e+006  3.3165524870767942e+004  6.4346582755001691e+002  4.8102777709245493e+002  3.2667814597719553e+002  2.8423255685635650e+002  2.6464642905663231e+002  2.6012931452119119e+002  2.6012926730310755e+002  2.6012926723997680e+002  2.6012926713304932e+002  2.6012926713299066e+002  2.5850750563537076e+002  2.5850681170749840e+002
  8.9649083286956942e+004  1.4985219670592094e+004  1.2803790401525026e+004  4.9923925263746405e+003  5.0990697055664168e+002  4.9480013607225965e+002  3.6695627734844038e+002  3.2272677170208090e+002  2.5171743356238449e+002  2.5171725114453875e+002  2.5171725114423589e+002  2.5171725114423589e+002  2.5171725114423589e+002  2.5158210942130745e+002
  2.0481969490307735e+005  5.5160817669550779e+003  5.5160817669550779e+003  4.9964968516520139e+002  3.7965953063175903e+002  3.7965953063175903e+002  3.7965953063175903e+002  3.7965953063175903e+002  3.7965953063175903e+002  3.1622867373934423e+002  3.1523975588401026e+002  3.1523975588400617e+002  3.1523975588400617e+002  3.1523806471360649e+002
  1.1000679733862088e+006  3.2028449909744464e+004  2.7909443316831006e+004  2.2753347180145156e+003  4.0599891219323899e+002  4.0599891219323899e+002  3.0452479604091286e+002  2.8680608652323644e+002  2.8678379603962821e+002  2.8653998631145259e+002  2.8653998631145259e+002  2.8651479908331339e+002  2.8651479908331339e+002  2.8651479908331339e+002
