  2.4409346057056725e+010  1.2503483016708735e+010  4.9793149806264267e+009  3.7554716257091059e-003  9.8958998853504454e-004  9.8958998853504454e-004  9.8958998853504454e-004  4.2399895866651605e-004  4.2399895866651605e-004  4.2341832244119360e-004  4.1861798979425657e-004  4.1822494688403822e-004  4.1822494688403822e-004  1.2637867797593572e-005
  3.3115690658436241e+010  1.2625377525916761e+010  4.9925971496052399e+009  9.8332417059623367e-003  9.8332417059623367e-003  9.8332417059623367e-003  9.8332417059623367e-003  9.8332417059623367e-003  8.5829785513737988e-003  6.6153076804198463e-003  6.6092906600658807e-003  6.6092799139880754e-003  6.6086264168063735e-003  6.6085841580161286e-003
  4.1634580216754318e+010  1.2391901278184490e+010  3.2939415763592210e+009  2.1649774384613352e-001  2.1649774384613352e-001  2.1127773480287715e-002  1.8422927666648548e-002  1.5503189964420017e-002  1.0457087138377119e-002  9.6958209198874101e-003  9.6683616846746645e-003  9.6681362131789683e-003  9.6681347990852373e-003  9.6681322064000597e-003
  3.9554336291545074e+010  1.0265104446374334e+010  3.2636640822763309e+009  1.2042421212868248e-002  1.2042421212868248e-002  7.6001385532720178e-003  5.0903219388374055e-003  1.7124533700041411e-003  1.7124533700041411e-003  1.7116388337683475e-003  1.7072193753620013e-003  1.7065317178150963e-003  1.7065144910191066e-003  1.7065140521879130e-003
  4.3121307335575691e+010  1.4314208642267538e+010  4.2242159508369222e+009  1.6515072851774448e-002  1.6515072851774448e-002  9.2293443185837987e-003  2.9413068384656071e-003  2.9413068384656071e-003  1.3645434349314201e-003  1.3465011035975749e-003  1.3174483119939850e-003  1.3164925814237449e-003  1.3164878798477275e-003  1.3164878590146145e-003
  3.5724007343413002e+010  1.2909686466708181e+010  5.2566491212226486e+009  1.7006913531190548e-002  9.7317457995131917e-003  9.7317457995131917e-003  3.0919061170209261e-003  3.0919061170209261e-003  3.0052922434151697e-003  2.7609769841205889e-003  1.2921855258696269e-003  8.4648860641323154e-004  8.2950808337045601e-004  8.0338221169995450e-004
  2.8284542496546974e+010  9.5122536245724468e+009  3.7774840859768176e+009  1.9392427368899234e-002  1.9392427368899234e-002  1.8639355542688918e-002  1.8639355542688918e-002  1.8639355542688918e-002  1.8613886028362003e-002  1.4918288888850384e-002  1.4914488052056640e-002  1.4914363687893228e-002  1.3413760427567922e-002  1.3315814250773883e-002
  3.6236041689302307e+010  1.1672131721123993e+010  4.9574935460199690e+009  5.0241395085092222e-001  2.2365431077929543e-002  1.0778910650202533e-002  1.0778910650202533e-002  9.9136382605706785e-003  9.9136382605706785e-003  9.8048573105131709e-003  9.7713219379613747e-003  9.7709530297720448e-003  9.5983780763049253e-003  9.5964198406761625e-003
  3.4602434793515648e+010  1.2806976774098063e+010  4.4341356547507029e+009  9.3038959336411153e-003  2.2293870257783510e-003  3.3635564125233941e-004  3.3635564125233941e-004  3.3635564125233941e-004  3.3635564125233941e-004  3.3635564125233941e-004  1.5094687688588238e-004  1.4856424186859840e-004  1.4854663217533925e-004  1.4806106335640834e-004
  3.0001938938909855e+010  1.1352358553969204e+010  3.5800444468702106e+009  7.9066816609554280e-003  7.9066816609554280e-003  7.9066816609554280e-003  7.9066816609554280e-003  7.9066816609554280e-003  6.7669847592810584e-003  3.8465328447330194e-003  3.4282258727102999e-003  3.4223454368884632e-003  3.4223258782617449e-003  3.4223256766665600e-003
  4.2660283231881104e+010  1.2244813841671682e+010  3.9577586198511009e+009  1.4088398745258246e-002  1.4088398745258246e-002  1.9004052083460010e-004  1.9004052083460010e-004  1.9004052083460010e-004  1.9004052083460010e-004  6.7793961022744043e-006  3.0540192312855652e-006  1.1093700038600218e-006  1.0950086277716764e-006  1.0949540865112795e-006
  2.3402471800045429e+010  9.6560048936986866e+009  4.6067595932744808e+009  1.3246021268031427e-002  1.1962684839488702e-002  1.2571494425230867e-003  2.6863503268259592e-004  2.6863503268259592e-004  2.6863503268259592e-004  2.2034520961256021e-004  1.8787337558023864e-004  1.8732493157358476e-004  1.8732236139840097e-004  1.8624321447191505e-004
  3.5108631897654419e+010  9.7802390751817169e+009  3.8512731973205709e+009  7.9299270329897809e-003  3.7759563273880303e-003  1.5107544416821383e-003  1.5107544416821383e-003  1.5107544416821383e-003  1.4357924183343584e-003  4.8645251746393114e-004  1.4634036497795933e-004  1.4380633629684780e-004  1.4377807795540321e-004  1.4377807795540321e-004
  2.7570669616155685e+010  8.6715560713253193e+009  5.3752301273674774e+009  4.3176330343897007e-003  4.3176330343897007e-003  4.3176330343897007e-003  4.3176330343897007e-003  4.3176330343897007e-003  4.2113081220520598e-003  1.7198116463816859e-003  1.6525410595136236e-003  1.6524082164153242e-003  1.6524080445492473e-003  1.6524080427586796e-003
  3.2653845570982162e+010  6.6597515830758810e+009  3.6900131308192158e+009  1.2539885028495684e+002  1.7141860597519099e-002  1.7141860597519099e-002  8.9862187977587382e-003  8.9862187977587382e-003  8.9862187977587382e-003  8.8198251907840586e-003  8.6947054246024891e-003  8.6927973221122556e-003  8.6927896547592809e-003  8.4442863606852825e-003
  4.3084481467008270e+010  7.2787224567493534e+009  4.1268948115168729e+009  9.4610369272345451e-003  9.4610369272345451e-003  9.4610369272345451e-003  9.4610369272345451e-003  9.4610369272345451e-003  9.4610369272345451e-003  9.4606983116989340e-003  9.4562522348269340e-003  9.4561106142805329e-003  9.4561083957955816e-003  9.4561083614905783e-003
  3.2155001099703381e+010  9.6486037459197788e+009  4.6420498962704296e+009  4.0294933857979765e+002  3.5796424680176540e+002  1.3366485573357068e-002  4.7043199572271988e-004  4.7043199572271988e-004  4.7043199572271988e-004  2.0248025626301569e-004  1.8315294659032588e-004  1.8299833521950859e-004  1.8299687008038745e-004  1.7679780904700237e-004
  3.2766926918210995e+010  1.1416139748706909e+010  4.2605598840943761e+009  2.4302120592182064e-002  1.4276764894816552e-002  1.2214673132376674e-002  2.4868465572467358e-003  7.7055205701981322e-004  7.7055205701981322e-004  7.7055205701981322e-004  7.6687787873197522e-004  7.6603134010611029e-004  7.6602310443263377e-004  1.7200865244149099e-005
  3.8094401503754379e+010  9.7613862412506981e+009  4.6662153527696905e+009  9.0082050752471332e-003  8.0059066129365419e-003  3.2320132805807589e-003  5.1947247686712217e-004  5.1947247686712217e-004  5.1947247686712217e-004  5.1919723074433932e-004  5.1406929748054608e-004  5.1402896261265596e-004  5.1402879466877494e-004  5.1402879401507562e-004
  4.2979420645649101e+010  1.0460433755848415e+010  3.2675291450522957e+009  8.1813620387406490e+002  1.3181722094031159e+002  4.8018806396044056e-003  4.8018806396044056e-003  4.8018806396044056e-003  4.5491931454080259e-003  1.3822517915969001e-003  1.2799390906650387e-003  1.2790151791080007e-003  1.2790004131773003e-003  1.2748223024630079e-003
  3.2680446398237408e+010  1.2735823515968531e+010  3.6254105519523621e+009  7.8898296682723412e-003  7.8898296682723412e-003  7.8898296682723412e-003  7.8898296682723412e-003  7.8898296682723412e-003  7.8898296682723412e-003  7.1657613393654174e-003  5.7681317533138099e-003  5.7487561253424246e-003  5.7487561253424246e-003  5.7481251042474923e-003
  2.8382553977197483e+010  1.1024855297175432e+010  4.9504278853820763e+009  1.1333187122602340e-002  3.0286320922243704e-003  3.0286320922243704e-003  3.0286320922243704e-003  2.9645892932705920e-003  4.9893732872874352e-004  4.9882194286965387e-004  4.9561625479555005e-004  4.9409235526809425e-004  4.9408170787046402e-004  4.9408156061758746e-004
  2.6308365639214451e+010  9.3187300946910934e+009  3.3864892841166649e+009  8.9218556688255171e+002  5.0182581665580983e-004  5.0182581665580983e-004  5.0182581665580983e-004  5.0182581665580983e-004  7.2778926067940120e-005  7.2778926067940120e-005  7.0557358981204743e-005  6.6990640135600188e-005  6.6955755102071635e-005  6.6955333949181295e-005
  3.7066742998765778e+010  1.3430154418562824e+010  5.0152937701362162e+009  5.3317614704724292e-003  5.3317614704724292e-003  5.3317614704724292e-003  1.3576666361814205e-003  1.3576666361814205e-003  1.3576666361814205e-003  1.2559732649890520e-003  1.2368994409541756e-003  1.2368548830750115e-003  1.2368548142944746e-003  1.2368548134702451e-003
  3.6600140353044716e+010  1.0834090676745960e+010  4.4742359569838734e+009  1.9922421971614312e-003  1.9922421971614312e-003  1.9922421971614312e-003  1.9922421971614312e-003  1.9922421971614312e-003  1.9922421971614312e-003  9.3865837271778219e-005  9.3865837271778219e-005  8.8400553522660630e-005  8.4449529111907395e-005  8.4030634781129265e-005
  3.7028036310653503e+010  1.0786782076023643e+010  3.8634665677745352e+009  3.2809857517293040e-003  3.2809857517293040e-003  6.7489147272681294e-004  6.7489147272681294e-004  6.7489147272681294e-004  6.7489147272681294e-004  5.3002917724143117e-005  3.7002013215214902e-005  3.6678209966112263e-005  3.6677115872407740e-005  3.6677095380355240e-005
  4.3047786258710953e+010  1.1811793275256479e+010  4.7813239883180103e+009  7.6252955428230962e-003  7.6252955428230962e-003  7.6252955428230962e-003  7.6252955428230962e-003  2.8461812878504134e-003  2.8461812878504134e-003  2.8451930383539548e-003  2.8405361610452928e-003  2.8399141378656623e-003  2.8399132305310104e-003  2.8399131755634244e-003
  3.0783205318362267e+010  1.3997029023871529e+010  4.4876586885452766e+009  1.9024936324741680e+002  2.1053892655942263e-002  1.2650291461142160e-002  1.2650291461142160e-002  1.2650291461142160e-002  1.2650291461142160e-002  1.1792394075769153e-003  1.1346720340270622e-003  1.1236977659336844e-003  1.1235986416124888e-003  4.7379408329106809e-005
  3.0773723194823006e+010  1.1604328798579760e+010  4.3087150730407801e+009  2.6099892221765231e-002  1.0854428550601369e-002  1.0854428550601369e-002  1.0854428550601369e-002  5.0345787688002019e-003  2.7441432147554679e-003  1.9577468308398238e-003  1.9223151237213187e-003  1.9220808351860796e-003  1.9220802033146356e-003  1.8322494799463129e-003
  2.7748425493473652e+010  1.1471361729072144e+010  5.1523884772883301e+009  3.5370953593769627e-003  3.5370953593769627e-003  3.1852170802437740e-003  3.1852170802437740e-003  3.1852170802437740e-003  3.1852170802437740e-003  2.0139552640330294e-003  2.9832441705934798e-004  2.5765977574110366e-004  2.5744360792145926e-004  2.5650821399381130e-004
  3.2173239821850952e+010  1.2895056717506264e+010  4.4560799115912304e+009  1.9249237167240949e+000  7.3001805223498195e-003  7.3001805223498195e-003  6.1568156825444476e-003  6.1568156825444476e-003  6.1566966006409984e-003  6.1555495364586932e-003  6.1511998121659417e-003  6.1509522123230909e-003  6.1509474881802362e-003  6.1509474645902174e-003
  4.2188448359582794e+010  1.5095714023376934e+010  6.1125689146772118e+009  4.6348501688271426e-003  4.6348501688271426e-003  4.6348501688271426e-003  7.2091189687739643e-004  7.2091189687739643e-004  7.2091189687739643e-004  7.0609084099260144e-004  7.0085655187313023e-004  7.0043340545566934e-004  7.0042841318240789e-004  7.0042836156858357e-004
  3.7460849827222214e+010  1.3913833505019993e+010  3.9513217789095635e+009  1.6297700781052527e-002  1.5914391714431986e-002  3.7961374345343302e-003  2.9197405925742714e-003  2.9197405925742714e-003  2.8851563491230081e-003  1.8485740472726775e-003  1.7679498919846992e-003  1.7676555150103468e-003  1.7676537800639380e-003  1.7675720287115837e-003
  3.5880054373961334e+010  9.4658175483221092e+009  3.8298859361263556e+009  9.8616937922599845e-003  9.8616937922599845e-003  9.8616937922599845e-003  4.8525373248367032e-003  4.8525373248367032e-003  4.4561241047631484e-003  3.0412663306549348e-003  2.0651402107318972e-003  2.0465407166909699e-003  2.0464017175640947e-003  1.2316360549391447e-003
  2.7794569446968067e+010  9.4321341658345909e+009  4.7524797445996580e+009  6.4073013341214846e-003  6.4073013341214846e-003  2.1998860169105683e-003  2.1998860169105683e-003  2.1998860169105683e-003  2.1976183781760028e-003  2.1976183781760028e-003  2.1969272070521129e-003  2.1926807224303957e-003  2.1925799233599719e-003  2.1925792230206298e-003
  3.4056677439219765e+010  1.2272624292541159e+010  4.9554558541205349e+009  1.8527804751329313e-002  1.8527162552260279e-002  1.4644365977858342e-003  1.4644365977858342e-003  1.4644365977858342e-003  1.4644365977858342e-003  3.0755203223975514e-004  3.5298435335562317e-005  3.4010725357802585e-005  3.4009453315775318e-005  3.2348608129950662e-005
  4.5223126937789124e+010  1.0358048695616930e+010  3.2093205697064114e+009  1.2216177627578872e-002  1.2216177627578872e-002  1.2216177627578872e-002  7.9960651066528499e-003  7.9960651066528499e-003  7.9898274304923689e-003  7.9890179123935923e-003  7.9843328673803171e-003  7.9838994274155084e-003  7.9838981617967875e-003  7.9838981490070182e-003
  3.6919660288198288e+010  1.4142684395288721e+010  5.6855872660875521e+009  5.0169627216689605e-003  5.0169627216689605e-003  5.0169627216689605e-003  5.0169627216689605e-003  1.5781436900397239e-004  1.5781436900397239e-004  1.5234154997756377e-004  1.4978304903934259e-004  1.4974657352695431e-004  1.4974646285281779e-004  1.4974645796428376e-004
  2.9482171143818111e+010  8.1171405959712820e+009  4.0707157169236341e+009  1.0720208223006011e-002  2.7330439288277830e-003  2.7330439288277830e-003  2.4086617472960370e-003  3.4039274567021494e-004  3.4039274567021494e-004  2.4542407376770825e-004  1.1198401591627771e-004  1.1107360177220471e-004  1.1107238080398929e-004  1.1085035293945111e-004
  2.8902814996770195e+010  1.1938489251249035e+010  4.2070518655501232e+009  6.9116086349551585e+002  1.3575098515957507e-002  2.8383300792427235e-003  1.5270721273168419e-003  1.5270721273168419e-003  1.5270721273168419e-003  1.2020462554005462e-003  1.1841699662795691e-004  1.1549961345735937e-004  1.1290787156781334e-004  1.1286592800274775e-004
  3.7140881925432365e+010  9.3831295117449188e+009  2.9359530226137233e+009  1.2673648917967739e-002  1.2673648917967739e-002  1.1106752319506086e-002  1.0301730184693270e-002  1.0301730184693270e-002  1.0301730184693270e-002  9.2740101752610826e-003  6.0004999138527637e-003  5.7820045558116817e-003  5.7816429107901968e-003  5.7815501465086072e-003
  2.5813754115754349e+010  8.4884954407353163e+009  3.6974225902061038e+009  9.7162187201433881e-003  6.2397926751316390e-003  6.2397926751316390e-003  1.5081814833877161e-003  1.5081814833877161e-003  1.4351164117272219e-003  5.8823596600632300e-004  4.5352662110076380e-004  4.4864327136906468e-004  4.4852493999769649e-004  4.4540029654172031e-004
  4.0016308022606400e+010  1.3220176459338112e+010  4.9743281406623039e+009  4.6980495091304419e-003  4.6980495091304419e-003  4.6980495091304419e-003  4.6980495091304419e-003  4.3418966208719212e-004  4.2166135821730677e-004  4.2044711921107591e-004  4.1634458929706852e-004  4.1630933986880336e-004  4.1630911019296946e-004  4.1630910786238928e-004
  2.7549154984228725e+010  1.3164636770521183e+010  4.5360285214694805e+009  1.6964578380338935e-002  1.0542184588985037e-002  6.3889352218495787e-003  6.3889352218495787e-003  6.3889352218495787e-003  4.5987200802244388e-003  3.1221084626338325e-003  3.1166388971541892e-003  3.1166085045981617e-003  3.1166083189475557e-003  3.1076084264327619e-003
  4.2357018573943359e+010  9.2213441465924187e+009  4.1550712509290991e+009  2.1156871869237648e-002  4.7890836042654428e-003  7.2644991294623651e-004  7.2644991251991087e-004  6.7461687717695895e-004  3.6086072043417516e-005  3.6086072043417516e-005  3.3850532332735384e-005  3.0390488973353058e-005  3.0314884924109720e-005  3.0314734630110252e-005
  4.3904214626746162e+010  1.1361690124322178e+010  5.1475280201097097e+009  7.3510694666069867e+000  1.5636584051804903e-002  1.5636225356900013e-002  2.2498531058090521e-004  2.2498531058090521e-004  2.2498531058090521e-004  2.2424150216693306e-004  2.1989219052898079e-004  2.1962895891647349e-004  2.1962788557061685e-004  2.1959963206086286e-004
  3.4578477735402344e+010  1.3897717437270849e+010  4.3336075081655846e+009  2.1334815753561998e-003  2.1334815753561998e-003  1.8443311802798235e-003  1.8443311802798235e-003  1.8443311802798235e-003  1.8443311802798235e-003  1.8416792637765411e-003  1.8387790100575785e-003  1.8385649363494849e-003  1.8385649363494849e-003  1.8385646270928646e-003
  3.3267201108755234e+010  1.1561914813610662e+010  4.5301229211552629e+009  1.7767927509481751e-002  1.7767927509481751e-002  2.0232568071207879e-003  2.2373356316052195e-004  2.2373356316052195e-004  2.2373356316052195e-004  2.2313480988600531e-004  2.1145137824873927e-004  2.1118601617331478e-004  2.1117398682690691e-004  2.1117393401937079e-004
  3.5496462020848724e+010  1.2993989989114384e+010  4.7760590558806849e+009  1.8282072428178253e-002  6.0294781850700474e-003  6.0294781850700474e-003  6.0294781850700474e-003  6.0294781850700474e-003  2.3680796303438001e-003  2.3680796303438001e-003  2.3629019929103379e-003  2.3605198413463313e-003  2.3604985689473779e-003  2.3603718056506295e-003
  3.0324779885842117e+010  1.3327893458278984e+010  4.5808380017872057e+009  7.9403260832862088e-003  2.6064539358969796e-003  2.6064539358969796e-003  2.6064539358969796e-003  2.6064539358969796e-003  2.6064539358969796e-003  2.6064539358969796e-003  2.5577045877867022e-003  2.5491622247386658e-003  2.5490887744865631e-003  2.5490882427448014e-003
  3.0673088176677738e+010  1.3889400556918367e+010  3.9771493767521882e+009  5.8659546139352869e-002  5.8659546139352869e-002  9.7829261224831043e-003  9.1900485021199074e-003  8.8655248721352109e-003  8.8655248721352109e-003  8.8358355732509608e-003  3.2311499282968725e-003  3.2165040409779522e-003  3.2162435612974605e-003  3.2146518663012102e-003
