  3.4673386901608956e+002  3.1469663148760173e+002  2.7303084761888249e+002  2.4867734183091216e+002  2.3121768786192933e+002  2.2815206658457691e+002  2.2685083743806808e+002  2.2588393416116742e+002  2.2583509584468493e+002  2.2510424124127985e+002  2.2486557109305750e+002  2.2445780915100431e+002  2.2430547705644221e+002  2.2415037194931074e+002
  3.8129567563111368e+002  3.0658240067173756e+002  2.7448183928555181e+002  2.4191277593615268e+002  2.3845215262669717e+002  2.2919093558176701e+002  2.2801120862575726e+002  2.2725712763141019e+002  2.2627260681208327e+002  2.2558918133704901e+002  2.2558918133704901e+002  2.2558918133704901e+002  2.2539646492816382e+002  2.2527007349020096e+002
  3.6860490995589180e+002  3.0105614616811181e+002  2.7615519188463486e+002  2.6522579374709312e+002  2.3931474371685181e+002  2.2899028684329460e+002  2.2773368382781291e+002  2.2672223143958536e+002  2.2502337133842184e+002  2.2502337133842184e+002  2.2502337133842184e+002  2.2502337133842184e+002  2.2502337133842184e+002  2.2502337133842184e+002
  3.5935513156057687e+002  2.9132888620837002e+002  2.6931839681682914e+002  2.4576212977162777e+002  2.4313585508963342e+002  2.2948375923790172e+002  2.2734680439084650e+002  2.2734680439084650e+002  2.2584710871638072e+002  2.2569045316241045e+002  2.2562149193398136e+002  2.2554336885495877e+002  2.2554336885495877e+002  2.2551311049954029e+002
  3.6401161879861229e+002  2.9618583222045845e+002  2.7643369854562525e+002  2.4538671268521603e+002  2.3999065848048895e+002  2.2865867815501178e+002  2.2651034501993399e+002  2.2619828061551743e+002  2.2524284669459712e+002  2.2524284669459712e+002  2.2460815007876681e+002  2.2460815007876681e+002  2.2460815007876681e+002  2.2453977234990998e+002
  3.7115327659002060e+002  3.0297705769775257e+002  2.7358528351894256e+002  2.5966173882556177e+002  2.3515690986867139e+002  2.2838409712581461e+002  2.2755828533427029e+002  2.2640628484243598e+002  2.2547526713027946e+002  2.2547526713027946e+002  2.2547526713027946e+002  2.2460092224177288e+002  2.2448019331700198e+002  2.2448017536498401e+002
  3.5548371832283465e+002  2.9455519761700543e+002  2.7766003596482233e+002  2.4331814249180843e+002  2.3708970769113603e+002  2.2912719002155609e+002  2.2798464368916484e+002  2.2644709237564484e+002  2.2606420763606411e+002  2.2606420763606411e+002  2.2492340753061944e+002  2.2472970048834668e+002  2.2472970048834668e+002  2.2420378504838254e+002
  3.5737801781627604e+002  3.0640472130814442e+002  2.7251998977565972e+002  2.4661666935941366e+002  2.4046687972143172e+002  2.2923783668832311e+002  2.2740796907076174e+002  2.2596248327541343e+002  2.2596248327541343e+002  2.2563372927610544e+002  2.2563372927610544e+002  2.2495287289267708e+002  2.2495287289267708e+002  2.2473729787561979e+002
  3.5088335601618837e+002  3.0823316625711232e+002  2.7714857063295040e+002  2.5068533569839110e+002  2.3009414319008101e+002  2.2821328324255501e+002  2.2697898163468290e+002  2.2633319299796085e+002  2.2629712717432312e+002  2.2623265685344995e+002  2.2586726828979045e+002  2.2460363909504304e+002  2.2453869382340235e+002  2.2452443726207184e+002
  3.7354322421086772e+002  2.9166486983540835e+002  2.7785968141955982e+002  2.5044940510017886e+002  2.3180149784531704e+002  2.2841461876801623e+002  2.2602577593767364e+002  2.2566668368402679e+002  2.2522682627417998e+002  2.2472807339188012e+002  2.2472807339188012e+002  2.2472807339188012e+002  2.2461963141555725e+002  2.2453187408996746e+002
  3.7076954930055763e+002  3.1097091553108112e+002  2.7600142493038766e+002  2.4940786174685672e+002  2.3212593812856494e+002  2.2901682592663201e+002  2.2639642148742951e+002  2.2625766291033869e+002  2.2602825704604174e+002  2.2602825704604174e+002  2.2602825704604174e+002  2.2602825704604174e+002  2.2602825704604174e+002  2.2602825704604174e+002
  3.6986277879153977e+002  3.0258840144823216e+002  2.7152455749401042e+002  2.5191775768710704e+002  2.3977218341780826e+002  2.2865328074608851e+002  2.2750696394786610e+002  2.2703053392517722e+002  2.2617991508891828e+002  2.2533529650966375e+002  2.2501610024167348e+002  2.2488891062023868e+002  2.2368456733062430e+002  2.2360227081511357e+002
  3.5883259186180430e+002  3.0140530360900448e+002  2.6979786914574152e+002  2.5198375084225836e+002  2.4348660517994267e+002  2.2848656155608933e+002  2.2705475938868813e+002  2.2604352683943625e+002  2.2569903610424171e+002  2.2538348756461801e+002  2.2505391192998513e+002  2.2500725610393692e+002  2.2330583831990407e+002  2.2326369629227474e+002
  3.7792994873524503e+002  3.0135453862996383e+002  2.7780789961244091e+002  2.5503301357767032e+002  2.4239393741218510e+002  2.2945521864920192e+002  2.2781650564321490e+002  2.2609722926531595e+002  2.2598464227951354e+002  2.2517694830502342e+002  2.2498407444058194e+002  2.2498407444058194e+002  2.2498407444058194e+002  2.2477674024802718e+002
  3.6826243417113528e+002  2.9782664326787699e+002  2.7829115530632771e+002  2.5134539196497008e+002  2.3660031915932541e+002  2.2940402424899730e+002  2.2791843148732642e+002  2.2714527654640096e+002  2.2689260177267852e+002  2.2621713931384375e+002  2.2562038186571499e+002  2.2474401812422684e+002  2.2429835000147659e+002  2.2411847358905788e+002
  3.4773708078273012e+002  2.8495117910920953e+002  2.7344683534084015e+002  2.3951925318505801e+002  2.3674665203775703e+002  2.2900978163288528e+002  2.2669708278143344e+002  2.2551539406399888e+002  2.2541060874000186e+002  2.2517476430064062e+002  2.2506138909003948e+002  2.2506138909003948e+002  2.2506138909003948e+002  2.2499163561581872e+002
  3.7397577193691495e+002  3.0384099800172771e+002  2.7977015576378517e+002  2.4936916433153283e+002  2.3841299089597669e+002  2.2736993609043247e+002  2.2674506238243339e+002  2.2614414575805949e+002  2.2614414575805949e+002  2.2614414575805949e+002  2.2532812553641315e+002  2.2510892355698616e+002  2.2496208329388037e+002  2.2486935572772381e+002
  3.7052326638280601e+002  3.0506538055506826e+002  2.7086839658945064e+002  2.4461753202435511e+002  2.3284812064228527e+002  2.2943067410232015e+002  2.2695678019775460e+002  2.2642796217998921e+002  2.2612529481407364e+002  2.2590838214464657e+002  2.2580639371558573e+002  2.2482371289493722e+002  2.2480120287431873e+002  2.2473936361427104e+002
  3.7015489951261316e+002  3.0219224005042906e+002  2.7348105847902480e+002  2.4790002628146885e+002  2.3880051184621152e+002  2.2936715972299180e+002  2.2733184894137958e+002  2.2542473785644006e+002  2.2542473785644006e+002  2.2542473785644006e+002  2.2518285483254385e+002  2.2507209746980652e+002  2.2507209746980652e+002  2.2507209746980652e+002
  3.4692873867273829e+002  3.0605318738049618e+002  2.6983148865418752e+002  2.4736180144648370e+002  2.3394157777920327e+002  2.2889278301996774e+002  2.2687515521021533e+002  2.2596504764467682e+002  2.2571359223999207e+002  2.2515406715698737e+002  2.2496151958583096e+002  2.2438376711908631e+002  2.2438376711908631e+002  2.2438376711908631e+002
  3.5986462050757655e+002  3.0463283073438515e+002  2.7058604733677021e+002  2.5331338995038050e+002  2.3659178241207610e+002  2.2911334952594825e+002  2.2799610400490383e+002  2.2643099237576280e+002  2.2584881896985144e+002  2.2437852334456375e+002  2.2431179498316487e+002  2.2419148392558327e+002  2.2405452220424695e+002  2.2398880537043851e+002
  3.5584991242596334e+002  3.0084120881040690e+002  2.7467772190489177e+002  2.4830342155548442e+002  2.3745446330168579e+002  2.2887673583922924e+002  2.2699709001211977e+002  2.2619985453671870e+002  2.2616289466245689e+002  2.2585958810292232e+002  2.2585958810292232e+002  2.2574342608165171e+002  2.2574342608165171e+002  2.2574341143927722e+002
  3.7381671556102856e+002  2.9836000280414282e+002  2.7336229326090734e+002  2.4850099569082704e+002  2.4286505557043211e+002  2.2926322037239606e+002  2.2684754592152058e+002  2.2670514400904267e+002  2.2670514400904267e+002  2.2598888722018091e+002  2.2504544460929901e+002  2.2493325360564631e+002  2.2481847033316490e+002  2.2476889338998353e+002
  3.7667648172302415e+002  2.9064883567898460e+002  2.7674337276961023e+002  2.5129078972704929e+002  2.3944019255215244e+002  2.2917264241522344e+002  2.2714496854829622e+002  2.2714496854829622e+002  2.2685003909107172e+002  2.2577368706186007e+002  2.2577368706186007e+002  2.2577368706186007e+002  2.2574519042021802e+002  2.2572686789142426e+002
  3.7309919847159244e+002  3.0357786405541265e+002  2.8403209517380037e+002  2.5596399369797928e+002  2.3971683675263284e+002  2.2974248486768147e+002  2.2726787825303154e+002  2.2591644101035672e+002  2.2579623556624574e+002  2.2484229589400275e+002  2.2454976881751190e+002  2.2440882482523421e+002  2.2435856604512628e+002  2.2435856604512628e+002
  3.7373410930640057e+002  2.9665007675795641e+002  2.7936952462782756e+002  2.5467145775939616e+002  2.3043993182624081e+002  2.2765063761128886e+002  2.2636715619676488e+002  2.2636715619676488e+002  2.2587289590208866e+002  2.2440629721172172e+002  2.2440629721172172e+002  2.2440629721172172e+002  2.2440000227410610e+002  2.2438558772057149e+002
  3.7662272475429745e+002  3.0490865679711533e+002  2.7656294120250732e+002  2.5317801440025869e+002  2.3293855463538330e+002  2.2852174847183414e+002  2.2789218056849950e+002  2.2726678874717481e+002  2.2641116454524172e+002  2.2516542107928763e+002  2.2516542107928763e+002  2.2508021162765408e+002  2.2488866267184767e+002  2.2470911745374588e+002
  3.3780386683117649e+002  3.0288792081616657e+002  2.7030757742448395e+002  2.5634163088392916e+002  2.4317859302154420e+002  2.2981688499210122e+002  2.2743654147521011e+002  2.2692825282480408e+002  2.2611361013570649e+002  2.2560088493815874e+002  2.2522386922022906e+002  2.2516648680380285e+002  2.2507735213940350e+002  2.2506520295812015e+002
  3.7026855059481568e+002  3.0362444081575086e+002  2.7696729514156686e+002  2.4241548925488632e+002  2.4201946879141906e+002  2.2947647275967029e+002  2.2620115404945818e+002  2.2620115404945818e+002  2.2620115404945818e+002  2.2595163642967418e+002  2.2575997031690804e+002  2.2556312063765017e+002  2.2515372550938082e+002  2.2495690707806943e+002
  3.4453761042034012e+002  2.9858316112746616e+002  2.7520466297763141e+002  2.5879618654728893e+002  2.4454511266923328e+002  2.2736071784283604e+002  2.2664291004895495e+002  2.2664291004895495e+002  2.2664291004895495e+002  2.2497079275860870e+002  2.2495896096329034e+002  2.2481302695929753e+002  2.2481302695929753e+002  2.2481301572494567e+002
  3.4889315214618637e+002  3.0714558002935746e+002  2.7628216662417890e+002  2.5552729473261797e+002  2.3313607659537183e+002  2.2844380570668091e+002  2.2696469447969594e+002  2.2654106811330894e+002  2.2519069830230183e+002  2.2505255155245140e+002  2.2505255155245140e+002  2.2497163308621066e+002  2.2497163308621066e+002  2.2497163308621066e+002
  3.4364721888987788e+002  3.0382736547134346e+002  2.7361823365582313e+002  2.4433013463369252e+002  2.4019411621583140e+002  2.2987955804885451e+002  2.2648083127703785e+002  2.2618110646276909e+002  2.2618110646276909e+002  2.2618110646276909e+002  2.2618110646276909e+002  2.2552151945479500e+002  2.2448170230484675e+002  2.2442515531587151e+002
  3.8187279264900462e+002  3.1418276124918248e+002  2.8064989008326802e+002  2.4695069716258377e+002  2.3483551602092575e+002  2.2833041949090102e+002  2.2790570880197038e+002  2.2731836959154498e+002  2.2530891856196376e+002  2.2530891856196376e+002  2.2530891856196376e+002  2.2522677728140980e+002  2.2522204774042439e+002  2.2515748779824889e+002
  3.2043938780339886e+002  2.9726948105183465e+002  2.7783316891997129e+002  2.4123032185228203e+002  2.4105515511461499e+002  2.2872277999602238e+002  2.2817466299417356e+002  2.2632377156043049e+002  2.2632377156043049e+002  2.2597270690305413e+002  2.2469049393107662e+002  2.2469045637516865e+002  2.2469045637516865e+002  2.2469045637516865e+002
  3.5248151583278650e+002  3.0970284049753673e+002  2.7787925898688263e+002  2.4700506548762542e+002  2.3800131838056950e+002  2.2829978229315975e+002  2.2709560160890442e+002  2.2632136997861880e+002  2.2603604207777289e+002  2.2584429095162250e+002  2.2503710330068725e+002  2.2483076802508413e+002  2.2483076802508413e+002  2.2416263435307792e+002
  3.6822183500850406e+002  2.9718979753412896e+002  2.7566901775227916e+002  2.4498825781024152e+002  2.4214100751017759e+002  2.2960322484135031e+002  2.2742718590718232e+002  2.2610968445312210e+002  2.2566687450581276e+002  2.2492854557099872e+002  2.2456647704652460e+002  2.2456647704652460e+002  2.2456293636545479e+002  2.2449173833323766e+002
  3.6601192172448145e+002  2.9789183162513018e+002  2.7597482645285208e+002  2.5296171890402138e+002  2.3851613317913325e+002  2.2944480528483427e+002  2.2726810698842564e+002  2.2587961874412804e+002  2.2582045362203917e+002  2.2582045362203917e+002  2.2504081838659022e+002  2.2484739046530740e+002  2.2466907176688255e+002  2.2450384092267404e+002
  3.7743151660968306e+002  3.1340142029578055e+002  2.6909473753590692e+002  2.4775231397980360e+002  2.3958676497750366e+002  2.2744597835973445e+002  2.2722689317043341e+002  2.2665127959467509e+002  2.2554863357435170e+002  2.2540258191092789e+002  2.2432753010670558e+002  2.2412107130649883e+002  2.2389561376615575e+002  2.2387111213444314e+002
  3.5584131183056024e+002  2.8929604605590293e+002  2.7156781324102531e+002  2.6149442576263709e+002  2.4007037619447601e+002  2.2924447839630147e+002  2.2832517374022882e+002  2.2681879717190941e+002  2.2609741852997922e+002  2.2587147347160726e+002  2.2579133101403386e+002  2.2447481595051113e+002  2.2386959621667074e+002  2.2382647185087308e+002
  3.7166856065937918e+002  3.0637900455731415e+002  2.8181247713313132e+002  2.5888344636941201e+002  2.4118688176144633e+002  2.2795741095232188e+002  2.2562341348814516e+002  2.2544657403341716e+002  2.2542526940739936e+002  2.2534730408366386e+002  2.2534730408366386e+002  2.2522936720789767e+002  2.2510894641333743e+002  2.2393501535189716e+002
  3.5701325397864821e+002  3.1011473670753912e+002  2.7453611300049579e+002  2.2982697702318774e+002  2.2982697702318774e+002  2.2943920886745082e+002  2.2758810526026400e+002  2.2670360900613878e+002  2.2514358678988901e+002  2.2382760925949469e+002  2.2382760925949469e+002  2.2382760925949469e+002  2.2382760925949469e+002  2.2382760925949469e+002
  3.7357071313962979e+002  3.0541361357917231e+002  2.7298557394831641e+002  2.5110697871701086e+002  2.3335882165587964e+002  2.2857556612266444e+002  2.2686846445906212e+002  2.2590337846915099e+002  2.2575295462148551e+002  2.2575295462148551e+002  2.2494562041171821e+002  2.2494562041171821e+002  2.2477979824184513e+002  2.2477979824184513e+002
  3.5931344458941521e+002  3.0397148430179186e+002  2.7009250363260708e+002  2.4794909350125909e+002  2.3606260440216965e+002  2.2773155122068420e+002  2.2735012638698799e+002  2.2702517383239046e+002  2.2658454318222812e+002  2.2550301432204378e+002  2.2548692862195821e+002  2.2548692862195821e+002  2.2519272995729489e+002  2.2519272995729489e+002
  3.6156027447981751e+002  2.8987859276606741e+002  2.7746680985538251e+002  2.4707996146981441e+002  2.3519796821255568e+002  2.2886084666949273e+002  2.2779696615649573e+002  2.2680773757866791e+002  2.2602798680877868e+002  2.2581183268902396e+002  2.2581183268902396e+002  2.2538775502116459e+002  2.2520532922659413e+002  2.2520532922659413e+002
  3.5938444080328418e+002  3.1187907753578929e+002  2.7846573080781263e+002  2.4750934923521800e+002  2.3895739183239311e+002  2.2976082632878206e+002  2.2673936171431251e+002  2.2636442653430822e+002  2.2584911270248404e+002  2.2517694130587233e+002  2.2498850954543195e+002  2.2485902320803598e+002  2.2481057684846110e+002  2.2481057684846110e+002
  3.7801530429130253e+002  3.1267854391287574e+002  2.7268106948449804e+002  2.4603803335662269e+002  2.4313156517529478e+002  2.2913186805273835e+002  2.2764121484149746e+002  2.2606703405728013e+002  2.2502431373327590e+002  2.2482291779430852e+002  2.2482291779430852e+002  2.2482291779430852e+002  2.2482291779430852e+002  2.2482291779430852e+002
  3.6608228127786333e+002  3.1485945326169940e+002  2.7482903907269520e+002  2.5193348576636299e+002  2.3621946953822680e+002  2.2844267425560156e+002  2.2714239569426900e+002  2.2692080948322200e+002  2.2608785369537509e+002  2.2521090943415493e+002  2.2410213479469485e+002  2.2410213479469485e+002  2.2410213479469485e+002  2.2410213479469485e+002
  3.6006402071108596e+002  2.9411396373415801e+002  2.7329853879460507e+002  2.5240164570150864e+002  2.3857778048932278e+002  2.2964042196771061e+002  2.2670417040483062e+002  2.2607520918767477e+002  2.2604759919381831e+002  2.2595406476518838e+002  2.2594792479474427e+002  2.2546409796045873e+002  2.2546409796045873e+002  2.2503877985501094e+002
  3.7174034222172531e+002  3.0652587998400577e+002  2.7086729087077401e+002  2.4527765084741395e+002  2.4013837936400478e+002  2.2890478644354289e+002  2.2765782310849590e+002  2.2679312807789074e+002  2.2627073245994097e+002  2.2606293394854583e+002  2.2554773818363083e+002  2.2528898883894635e+002  2.2528653654211439e+002  2.2510037366814322e+002
  3.7655862458663933e+002  2.9991040728249163e+002  2.7527114095024535e+002  2.5021148118504425e+002  2.3402597494446127e+002  2.2935989774479549e+002  2.2757121770842832e+002  2.2657361945541652e+002  2.2605057201789714e+002  2.2413075069712750e+002  2.2413075069712750e+002  2.2413075069712750e+002  2.2413075069712750e+002  2.2413075069712750e+002
  3.5155477260013913e+002  3.0335738651908787e+002  2.7385522144783954e+002  2.4203310918308534e+002  2.3808849050267600e+002  2.2826508031845196e+002  2.2738866189891723e+002  2.2632857671123202e+002  2.2518241933711079e+002  2.2478188326554755e+002  2.2478188326554755e+002  2.2478188326554755e+002  2.2475253838059143e+002  2.2449084502528740e+002
