  8.4511964859881937e+002  6.5894268185716328e+002  2.1968649344453388e+002  2.1823468704384140e+002  2.0933282342893244e+002  2.0933282342893244e+002  2.0933282342893244e+002  2.0933282342893244e+002  2.0933282342893244e+002  2.0933282342893244e+002  2.0488079058187532e+002  2.0488079058187532e+002  2.0488079058187532e+002  2.0171233415144525e+002
  7.6723140436111225e+002  6.4085143320313091e+002  2.1925149095065808e+002  2.1854564494903934e+002  2.1506336476746765e+002  2.0655450714433027e+002  2.0543362695604355e+002  2.0543362695604355e+002  2.0543362695604355e+002  2.0543362695604355e+002  2.0543362695604355e+002  2.0543362695604355e+002  2.0543362695604355e+002  2.0175327427821230e+002
  8.9995863100669294e+002  7.2707864721512624e+002  2.1455987602746018e+002  2.1403185970585037e+002  2.1403185970585037e+002  2.0930879697052160e+002  2.0246687953400624e+002  2.0246687953400624e+002  2.0246687953400624e+002  2.0246687953400624e+002  2.0246687953400624e+002  2.0246687953400624e+002  2.0246687953400624e+002  2.0163343509768310e+002
  8.1020166089723989e+002  7.3256382945123823e+002  2.2819101415921568e+002  2.2819101415921568e+002  2.1103051726316016e+002  2.0530495641774360e+002  2.0522076851060001e+002  2.0522076851060001e+002  2.0522076851060001e+002  2.0522076851060001e+002  2.0277366300862514e+002  2.0277366300862514e+002  2.0277366300862514e+002  2.0128560356967000e+002
  7.8969643100946996e+002  7.0770121412009439e+002  3.7810111040881839e+002  3.7810111040876063e+002  3.7810111040869788e+002  2.2141136028504252e+002  2.2141136028504252e+002  2.0461887939525241e+002  2.0461887939525241e+002  2.0461887939525241e+002  2.0461887939525241e+002  2.0461887939525241e+002  2.0461887939525241e+002  2.0461887939525241e+002
  8.4233036897744432e+002  6.6802815117910995e+002  2.2868022087815598e+002  2.2868022087815598e+002  2.2868022087815598e+002  2.1530844124173518e+002  2.1530844124173518e+002  2.1126627356318386e+002  2.1126627356318386e+002  2.0538221730961322e+002  2.0362816062755201e+002  2.0362816062755201e+002  2.0362816062755201e+002  2.0139441349925710e+002
  7.6163098710745362e+002  7.1696990407689373e+002  2.2468142175174353e+002  2.2468142175174353e+002  2.2468142175174353e+002  2.1586663886755196e+002  2.1336019165418384e+002  2.0947490045151062e+002  2.0661595338548705e+002  2.0661595338548705e+002  2.0661595338548705e+002  2.0661595338548705e+002  2.0661595338548705e+002  2.0255488894308382e+002
  8.5092710988337330e+002  6.9527083333191695e+002  3.0590229289279841e+002  3.0590229289272384e+002  3.0590229289261652e+002  3.0590229289261652e+002  3.0590229289261652e+002  2.1720606430609314e+002  2.1720606430609314e+002  2.1707641435875030e+002  2.1470172894903180e+002  2.1253498275989250e+002  2.1253498275989250e+002  2.0262424398026769e+002
  7.4739792166402594e+002  6.2769436595527532e+002  2.2458091337775204e+002  2.2139155611356318e+002  2.0809997878305603e+002  2.0809997878305603e+002  2.0809997878305603e+002  2.0809997878305603e+002  2.0809997878305603e+002  2.0704988559714775e+002  2.0704988559714775e+002  2.0704988559714775e+002  2.0704988559714775e+002  2.0145188036926129e+002
  7.9790507854400403e+002  7.1273344495540005e+002  2.1849589791457402e+002  2.1849589791457402e+002  2.1734121546739743e+002  2.0495180915712081e+002  2.0495180915712081e+002  2.0294652240200867e+002  2.0294652240200867e+002  2.0294652240200867e+002  2.0294652240200867e+002  2.0294652240200867e+002  2.0294652240200867e+002  2.0147102569670733e+002
  8.5014587455004130e+002  6.8064603386837052e+002  2.1824631273496107e+002  2.1575474987130110e+002  2.0447062074906671e+002  2.0447062074906671e+002  2.0447062074906671e+002  2.0447062074906671e+002  2.0299461756213213e+002  2.0223567289294488e+002  2.0223567289294488e+002  2.0223567289294488e+002  2.0223567289294488e+002  2.0126870618970588e+002
  7.4160409343420861e+002  7.3001112045901300e+002  2.2009505646439948e+002  2.2009505646439948e+002  2.1011429817956059e+002  2.0387577228786949e+002  2.0387577228786949e+002  2.0387577228786949e+002  2.0387577228786949e+002  2.0387577228786949e+002  2.0387577228786949e+002  2.0387577228786949e+002  2.0387577228786949e+002  2.0161540328247429e+002
  7.2768523444953144e+002  6.8637308921487238e+002  3.2576673401873450e+002  3.2576673401820062e+002  3.2576673401818698e+002  2.1460595981696770e+002  2.1325019506344370e+002  2.0437281879997818e+002  2.0437281879997818e+002  2.0437281879997818e+002  2.0253273818024536e+002  2.0253273818024536e+002  2.0253273818024536e+002  2.0169021654902281e+002
  8.3398001560887360e+002  6.9017013833880355e+002  2.1738326483321725e+002  2.1738326483321725e+002  2.1536025089289660e+002  2.0612060287082932e+002  2.0612060287082932e+002  2.0612060287082932e+002  2.0612060287082932e+002  2.0307566215245060e+002  2.0307566215245060e+002  2.0307566215245060e+002  2.0307566215245060e+002  2.0190477264192896e+002
  7.2168445952030606e+002  7.1111660784389733e+002  3.2009279185608966e+002  3.1999409776769016e+002  3.1999409776769016e+002  3.1999409776769016e+002  3.1999409776769016e+002  2.3120995239087370e+002  2.0795241904255499e+002  2.0795241904255499e+002  2.0795241904255499e+002  2.0795241904255499e+002  2.0795241904255499e+002  2.0311774206719792e+002
  7.9803969978304758e+002  6.7096522884968135e+002  4.1750968851978860e+002  3.1559187863912712e+002  2.1365989500965907e+002  2.1365989500965907e+002  2.0580835095131351e+002  2.0580835095131351e+002  2.0580835095131351e+002  2.0580835095131351e+002  2.0580835095131351e+002  2.0580835095131351e+002  2.0580835095131351e+002  2.0566779098065945e+002
  8.3932307371468460e+002  7.6649477132030643e+002  2.2347707828549892e+002  2.2347707828549892e+002  2.1815094811398012e+002  2.0694012022541438e+002  2.0694012022541438e+002  2.0694012022541438e+002  2.0686808541727169e+002  2.0686808541727169e+002  2.0686808541727169e+002  2.0686808541727169e+002  2.0455167494311809e+002  2.0210757964451250e+002
  8.3453320457737937e+002  7.1150102281264253e+002  2.2043006240135765e+002  2.2043006240135765e+002  2.1629522430562474e+002  2.1629522430562474e+002  2.0449826964629938e+002  2.0449826964629938e+002  2.0449826964629938e+002  2.0449826964629938e+002  2.0449826964629938e+002  2.0449826964629938e+002  2.0449826964629938e+002  2.0263861606034743e+002
  7.6230254580121164e+002  7.1803302771070639e+002  3.0436639768943633e+002  3.0436629118143355e+002  3.0436629118119345e+002  2.0626115696978604e+002  2.0626115696978604e+002  2.0626115696978604e+002  2.0626115696978604e+002  2.0626115696978604e+002  2.0626115696978604e+002  2.0626115696978604e+002  2.0626115696978604e+002  2.0183928056418790e+002
  7.6197217328712668e+002  7.3265901648950785e+002  4.2007792597758089e+002  4.2007792597757225e+002  4.2007792597757225e+002  4.2007792597757225e+002  2.1944790009685039e+002  2.0612723348597865e+002  2.0612723348597865e+002  2.0612723348597865e+002  2.0612723348597865e+002  2.0612723348597865e+002  2.0612723348597865e+002  2.0225586415655562e+002
  7.7539541802800250e+002  6.9105377150469667e+002  2.1999152671306138e+002  2.1974036997561916e+002  2.0616609256774882e+002  2.0616609256774882e+002  2.0616609256774882e+002  2.0616609256774882e+002  2.0588455852150491e+002  2.0588455852150491e+002  2.0588455852150491e+002  2.0588455852150491e+002  2.0588455852150491e+002  2.0309009675456218e+002
  8.1695187792281422e+002  6.4562987308170705e+002  3.2170598997908610e+002  3.2170598997908473e+002  3.2170598997846264e+002  2.1905017123676726e+002  2.1764701105891754e+002  2.0777389461300436e+002  2.0777389461300436e+002  2.0632694261605320e+002  2.0632694261605320e+002  2.0632694261605320e+002  2.0632694261605320e+002  2.0265192219240771e+002
  8.1194200756714690e+002  7.1099021676021039e+002  2.2188301549912512e+002  2.2188301549912512e+002  2.2188301549912512e+002  2.1783421432978685e+002  2.1438228579782208e+002  2.1021443644016244e+002  2.1021443644016244e+002  2.1021443644016244e+002  2.0560443662122952e+002  2.0560443662122952e+002  2.0560443662122952e+002  2.0208462744877716e+002
  8.3824986133964012e+002  6.2414819790764295e+002  3.0173715806281416e+002  3.0173715806252994e+002  3.0173715806252994e+002  3.0173715806252994e+002  3.0173715806252994e+002  3.0173715806252994e+002  3.0173715806252994e+002  2.1904566413993234e+002  2.0595262408890767e+002  2.0595262408890767e+002  2.0582351814262165e+002  2.0260215251725003e+002
  8.5054908019628419e+002  7.1644343688327126e+002  2.1567383341960158e+002  2.1567383341960158e+002  2.0684888156413854e+002  2.0684888156413854e+002  2.0684888156413854e+002  2.0684888156413854e+002  2.0322665277295300e+002  2.0322665277295300e+002  2.0322665277295300e+002  2.0322665277295300e+002  2.0322665277295300e+002  2.0173176036156201e+002
  8.3412835572639005e+002  7.1942283453132359e+002  4.3033008753929607e+002  4.3033008753920467e+002  4.3033008753920467e+002  2.2562464058032856e+002  2.1557018523387524e+002  2.0629047580834231e+002  2.0629047580834231e+002  2.0310906944744829e+002  2.0310906944744829e+002  2.0310906944744829e+002  2.0310906944744829e+002  2.0181869925136925e+002
  7.9668970733856986e+002  7.3877294642572542e+002  2.1964006598695005e+002  2.1869682162683421e+002  2.1713203303226874e+002  2.0671768193192202e+002  2.0671768193192202e+002  2.0671768193192202e+002  2.0671768193192202e+002  2.0671768193192202e+002  2.0671768193192202e+002  2.0671768193192202e+002  2.0291367539581415e+002  2.0128389023984346e+002
  8.1886955419878132e+002  7.5846323937255511e+002  2.1975162269958764e+002  2.1975162269958764e+002  2.0289678625001079e+002  2.0289678625001079e+002  2.0289678625001079e+002  2.0289678625001079e+002  2.0289678625001079e+002  2.0289678625001079e+002  2.0289678625001079e+002  2.0289678625001079e+002  2.0289678625001079e+002  2.0177524926680508e+002
  7.9505063297322158e+002  7.0775821121344234e+002  2.3049742388731875e+002  2.3049742388731875e+002  2.3049742388731875e+002  2.0693163328094670e+002  2.0693163328094670e+002  2.0693163328094670e+002  2.0693163328094670e+002  2.0296465288616901e+002  2.0296465288616901e+002  2.0296465288616901e+002  2.0296465288616901e+002  2.0265393334479904e+002
  7.9362733270720491e+002  7.2209076493873636e+002  2.3077182775625715e+002  2.3077182775625715e+002  2.1768958949899843e+002  2.1768958949899843e+002  2.1035661429230368e+002  2.0625973496554889e+002  2.0625973496554889e+002  2.0505234059064560e+002  2.0505234059064560e+002  2.0505234059064560e+002  2.0503491480609728e+002  2.0207843952737358e+002
  7.2692623417778350e+002  6.6912605086758185e+002  4.2672060081538802e+002  4.2672060081538802e+002  4.2672060081538802e+002  4.2672060081538802e+002  2.0723809169826109e+002  2.0702822046158099e+002  2.0702822046158099e+002  2.0702822046158099e+002  2.0702822046158099e+002  2.0702822046158099e+002  2.0702822046158099e+002  2.0702822046158099e+002
  8.5020553807976921e+002  7.1002016446594371e+002  2.1863712656480038e+002  2.1863712656480038e+002  2.1631938565079463e+002  2.0644788766188185e+002  2.0644788766188185e+002  2.0644788766188185e+002  2.0642138080897439e+002  2.0280929554083605e+002  2.0280929554083605e+002  2.0280929554083605e+002  2.0280929554083605e+002  2.0280929554083605e+002
  7.5271991026447768e+002  6.7521574148505215e+002  2.2239912205256815e+002  2.0766063878997738e+002  2.0766063878997738e+002  2.0766063878997738e+002  2.0766063878997738e+002  2.0766063878997738e+002  2.0640712705618034e+002  2.0640712705618034e+002  2.0640712705618034e+002  2.0640712705618034e+002  2.0640712705618034e+002  2.0143938596768112e+002
  8.5845652480350964e+002  7.2429460595239061e+002  3.6670013488377526e+002  3.6670013488377117e+002  2.3459406871849433e+002  2.1547765896575265e+002  2.1547765896575265e+002  2.0322645201271371e+002  2.0254399618497382e+002  2.0254399618497382e+002  2.0254399618497382e+002  2.0254399618497382e+002  2.0254399618497382e+002  2.0227630996473363e+002
  8.1060560974960345e+002  7.4390772076585290e+002  2.2390655593627844e+002  2.2299509008520499e+002  2.2038940238477699e+002  2.1964499050810082e+002  2.1964499050810082e+002  2.0562577359747365e+002  2.0562577359747365e+002  2.0562577359747365e+002  2.0562577359747365e+002  2.0562577359747365e+002  2.0451986468382165e+002  2.0160707669258136e+002
  6.5585357475595674e+002  6.5585357475595674e+002  2.1832317882221196e+002  2.0673585986893522e+002  2.0673585986893522e+002  2.0673585986893522e+002  2.0673585986893522e+002  2.0673585986893522e+002  2.0673585986893522e+002  2.0673585986893522e+002  2.0673585986893522e+002  2.0673585986893522e+002  2.0673585986893522e+002  2.0176108495957806e+002
  8.2051564640675315e+002  6.5742960288649829e+002  3.4863280932274392e+002  3.4863280932274392e+002  3.4863280932274392e+002  3.4863280932274392e+002  2.1465192663640210e+002  2.0852415060774638e+002  2.0639774528840735e+002  2.0639774528840735e+002  2.0639774528840735e+002  2.0639774528840735e+002  2.0639774528840735e+002  2.0639774528840735e+002
  8.6481139494692206e+002  7.5668536279048885e+002  3.2344284534705093e+002  3.2344284534705093e+002  2.1601399539346221e+002  2.0740548144691911e+002  2.0426612014998227e+002  2.0426612014998227e+002  2.0426612014998227e+002  2.0426612014998227e+002  2.0426612014998227e+002  2.0426612014998227e+002  2.0426612014998227e+002  2.0186034739940806e+002
  7.3282889147978312e+002  7.1844001738632323e+002  3.2900558984945792e+002  3.2900558984945792e+002  3.2900558984931104e+002  2.1946708258341096e+002  2.1849267011943857e+002  2.1370042205279424e+002  2.1370042205279424e+002  2.1242423679886360e+002  2.0560680908341647e+002  2.0560680908341647e+002  2.0560680908341647e+002  2.0201959457481780e+002
  8.7590355793125809e+002  7.3918211623127763e+002  2.9627231110195817e+002  2.9627231110192179e+002  2.1285094142461912e+002  2.0614322016931646e+002  2.0614322016931646e+002  2.0614322016931646e+002  2.0614322016931646e+002  2.0614322016931646e+002  2.0614322016931646e+002  2.0614322016931646e+002  2.0614322016931646e+002  2.0182009099077413e+002
  7.7962696992707697e+002  7.0209563542400701e+002  2.0770514951914265e+002  2.0748087378484570e+002  2.0748087378484570e+002  2.0748087378484570e+002  2.0456286454379233e+002  2.0456286454379233e+002  2.0456286454379233e+002  2.0456286454379233e+002  2.0456286454379233e+002  2.0456286454379233e+002  2.0254090203800934e+002  2.0126748027502390e+002
  8.1374411671706730e+002  6.7758462822903357e+002  2.2878356035948082e+002  2.2757433969544809e+002  2.2132077834561733e+002  2.0497314025167543e+002  2.0497314025167543e+002  2.0497314025167543e+002  2.0497314025167543e+002  2.0357348101255320e+002  2.0357348101255320e+002  2.0357348101255320e+002  2.0357348101255320e+002  2.0285296439659624e+002
  8.3610248556088391e+002  7.0909019928855832e+002  2.0818394447894889e+002  2.0587929854709955e+002  2.0587929854709955e+002  2.0587929854709955e+002  2.0587929854709955e+002  2.0261769783292084e+002  2.0261769783292084e+002  2.0261769783292084e+002  2.0261769783292084e+002  2.0261769783292084e+002  2.0261769783292084e+002  2.0160815895184987e+002
  7.1051060686605479e+002  7.1051060686605479e+002  2.1613957283591844e+002  2.1511588710666592e+002  2.0749179760215293e+002  2.0749179760215293e+002  2.0283219972470260e+002  2.0283219972470260e+002  2.0283219972470260e+002  2.0283219972470260e+002  2.0283219972470260e+002  2.0283219972470260e+002  2.0283219972470260e+002  2.0166717375038979e+002
  7.3291574128918501e+002  6.6211416980258582e+002  3.7082854405096668e+002  3.7082854405086937e+002  3.7082854405086937e+002  2.0583152689334202e+002  2.0583152689334202e+002  2.0583152689334202e+002  2.0583152689334202e+002  2.0583152689334202e+002  2.0583152689334202e+002  2.0583152689334202e+002  2.0583152689334202e+002  2.0509806078275869e+002
  7.4790117897339132e+002  7.2595185178408519e+002  2.2270201970201379e+002  2.2135467454412810e+002  2.1397375402440184e+002  2.0649914864365655e+002  2.0649914864365655e+002  2.0649914864365655e+002  2.0649914864365655e+002  2.0649914864365655e+002  2.0649914864365655e+002  2.0457528207522591e+002  2.0457528207522591e+002  2.0216245635674204e+002
  8.1932612658437802e+002  6.7924841192050371e+002  2.2762297120139510e+002  2.2042238065763195e+002  2.1811726791110959e+002  2.0836011368456002e+002  2.0836011368456002e+002  2.0836011368456002e+002  2.0836011368456002e+002  2.0836011368456002e+002  2.0544750547970352e+002  2.0544750547970352e+002  2.0350455487655290e+002  2.0185323874131609e+002
  8.6018904412582651e+002  6.9807108686377751e+002  2.1893865080153137e+002  2.1893865080153137e+002  2.1893865080153137e+002  2.1893865080153137e+002  2.1021293495831014e+002  2.0661395887403751e+002  2.0661395887403751e+002  2.0661395887403751e+002  2.0661395887403751e+002  2.0661395887403751e+002  2.0661395887403751e+002  2.0171530640341052e+002
  8.3981249243565389e+002  7.3254561188447951e+002  2.2921033203734896e+002  2.2053181453672914e+002  2.1376982732182705e+002  2.1376982732182705e+002  2.1376982732182705e+002  2.0789783209696179e+002  2.0591581089260671e+002  2.0591581089260671e+002  2.0591581089260671e+002  2.0591581089260671e+002  2.0591581089260671e+002  2.0431511974862815e+002
  6.5807692203892793e+002  5.9291101106693577e+002  3.4299105903305826e+002  3.3494099046651991e+002  3.3494099046651991e+002  3.3494099046651991e+002  2.2661021373506173e+002  2.1573147065385456e+002  2.1573147065385456e+002  2.1573147065385456e+002  2.0502126568347194e+002  2.0502126568347194e+002  2.0502126568347194e+002  2.0300901221753975e+002
  8.1216378007716139e+002  7.3928169048407563e+002  2.2984703471733610e+002  2.2984703471733610e+002  2.1904371296641011e+002  2.0796636171744240e+002  2.0363736168822925e+002  2.0275671596186248e+002  2.0275671596186248e+002  2.0275671596186248e+002  2.0275671596186248e+002  2.0275671596186248e+002  2.0275671596186248e+002  2.0239641053487048e+002
