  2.9051805976534956e+002  1.9296626255001024e+002  1.2804862942869181e+002  4.1788240095367769e+001  2.2944228704683724e+001  1.2847881213815072e+001  5.9185945178934389e+000  1.0725682544148185e-002  2.0412014919202193e-005  5.8029854699270800e-008  0.0000000000000000e+000  0.0000000000000000e+000  0.0000000000000000e+000  0.0000000000000000e+000
  2.5880304535117352e+002  1.7920119835155913e+002  1.4306737040161465e+002  3.9798321981181857e+001  2.0962268691877853e+001  1.1939508685122291e+001  8.9546264760225540e+000  7.0393568933013739e-004  6.8406279751798138e-008  0.0000000000000000e+000  0.0000000000000000e+000  0.0000000000000000e+000  0.0000000000000000e+000  0.0000000000000000e+000
  2.7020979997369363e+002  1.8415121917862291e+002  1.3940752570834081e+002  3.1838664637891952e+001  2.4208680098181958e+001  1.7888045797655536e+001  5.7156910204306541e+000  0.0000000000000000e+000  0.0000000000000000e+000  0.0000000000000000e+000  0.0000000000000000e+000  0.0000000000000000e+000  0.0000000000000000e+000  0.0000000000000000e+000
  2.9732550427892920e+002  1.7131971290601382e+002  1.3264641627925107e+002  3.4823541809172070e+001  2.4873956276058266e+001  1.8168700166825374e+001  3.9502625915879435e+000  0.0000000000000000e+000  0.0000000000000000e+000  0.0000000000000000e+000  0.0000000000000000e+000  0.0000000000000000e+000  0.0000000000000000e+000  0.0000000000000000e+000
  2.9287286685666527e+002  1.8117663390517737e+002  1.0471124400712267e+002  4.3778143050659651e+001  3.2601705128906474e+001  1.4593686815203910e+001  2.6379965452740635e+000  8.1541591953282477e-005  6.0670913626381662e-008  0.0000000000000000e+000  0.0000000000000000e+000  0.0000000000000000e+000  0.0000000000000000e+000  0.0000000000000000e+000
  3.1511305553101033e+002  1.6424065176228009e+002  1.2602224382819634e+002  3.0200333249186542e+001  2.9748970357527924e+001  9.9495905709352428e+000  7.8941003888608066e+000  0.0000000000000000e+000  0.0000000000000000e+000  0.0000000000000000e+000  0.0000000000000000e+000  0.0000000000000000e+000  0.0000000000000000e+000  0.0000000000000000e+000
  2.5472370437732025e+002  1.8457735911794384e+002  1.1544889112908561e+002  4.9838338860347108e+001  3.0372871685254836e+001  8.9546315138416048e+000  7.9596724567480805e+000  1.0209566662183533e-002  0.0000000000000000e+000  0.0000000000000000e+000  0.0000000000000000e+000  0.0000000000000000e+000  0.0000000000000000e+000  0.0000000000000000e+000
  2.5645588908881609e+002  2.0483657970645527e+002  1.1606749570385250e+002  3.3539342837596223e+001  2.0854695801464004e+001  1.4189296614938598e+001  1.0582293179408225e+001  6.3734796923085923e-002  0.0000000000000000e+000  0.0000000000000000e+000  0.0000000000000000e+000  0.0000000000000000e+000  0.0000000000000000e+000  0.0000000000000000e+000
  2.9300986802490866e+002  1.8554230787650067e+002  1.3674097802255494e+002  4.4773076873219111e+001  2.6530635526546121e+001  9.9495905709349017e+000  5.9697543425623962e+000  1.6791384389898667e-001  2.9978934890095843e-007  8.2154770097986329e-008  0.0000000000000000e+000  0.0000000000000000e+000  0.0000000000000000e+000  0.0000000000000000e+000
  3.1616711149637285e+002  1.9375437333353864e+002  1.4154276627185709e+002  5.4527594355411111e+001  1.4924385856401500e+001  9.9965155267331056e+000  7.8378458328242004e+000  2.3023126447128561e-002  8.0514872706771712e-006  0.0000000000000000e+000  0.0000000000000000e+000  0.0000000000000000e+000  0.0000000000000000e+000  0.0000000000000000e+000
  2.8763866424465527e+002  1.9288439702839196e+002  1.5098567593004987e+002  2.7858838485157548e+001  2.5197634041714650e+001  1.4924380818582108e+001  3.9365057544874844e+000  0.0000000000000000e+000  0.0000000000000000e+000  0.0000000000000000e+000  0.0000000000000000e+000  0.0000000000000000e+000  0.0000000000000000e+000  0.0000000000000000e+000
  2.8207731082522400e+002  1.9611603879805375e+002  1.3792499896928723e+002  4.2783204190280003e+001  3.3683072381312286e+001  1.1174069109552875e+001  6.3797805160118060e+000  1.3988492298153687e-002  9.5071059149631765e-006  0.0000000000000000e+000  0.0000000000000000e+000  0.0000000000000000e+000  0.0000000000000000e+000  0.0000000000000000e+000
  2.6980658654805165e+002  1.5247952494672290e+002  1.2483666923438659e+002  4.2372442155291424e+001  3.7041831915270677e+001  1.0944549628029449e+001  5.6883518871072738e+000  5.2715531988951625e-003  1.4947383306207485e-005  0.0000000000000000e+000  0.0000000000000000e+000  0.0000000000000000e+000  0.0000000000000000e+000  0.0000000000000000e+000
  2.5888170930721026e+002  1.8697660335317300e+002  1.3659611420466240e+002  3.7808418980453212e+001  2.5706274893688715e+001  8.2445237958053212e+000  2.2384347451759368e-001  7.1185517276717292e-004  6.8496774474624544e-008  0.0000000000000000e+000  0.0000000000000000e+000  0.0000000000000000e+000  0.0000000000000000e+000  0.0000000000000000e+000
  2.7775126215775640e+002  2.0383553563299358e+002  1.3339248361876253e+002  3.0843710618618616e+001  2.6436887355947306e+001  1.6914293894949992e+001  1.1939508685124224e+001  0.0000000000000000e+000  0.0000000000000000e+000  0.0000000000000000e+000  0.0000000000000000e+000  0.0000000000000000e+000  0.0000000000000000e+000  0.0000000000000000e+000
  2.8491972767028483e+002  1.9155425251682391e+002  1.4412547219827070e+002  5.1429248545346468e+001  2.4423429361273293e+001  1.4040939667699718e+001  3.9798362283759161e+000  3.6171725582789804e-005  2.8842873689427506e-007  0.0000000000000000e+000  0.0000000000000000e+000  0.0000000000000000e+000  0.0000000000000000e+000  0.0000000000000000e+000
  2.6876376031839482e+002  1.9453867778879760e+002  1.2985269202806126e+002  3.2919679669947868e+001  2.7329192097820282e+001  1.5919339875675632e+001  5.3216533223861688e+000  4.9765870958253799e-003  4.7777757572475821e-007  0.0000000000000000e+000  0.0000000000000000e+000  0.0000000000000000e+000  0.0000000000000000e+000  0.0000000000000000e+000
  2.6600200549884721e+002  1.4108076434239183e+002  1.2189321910544425e+002  2.4873966351697163e+001  2.0894135161143140e+001  9.9495905709347880e+000  4.9747952854681898e+000  4.2115554282702305e-001  0.0000000000000000e+000  0.0000000000000000e+000  0.0000000000000000e+000  0.0000000000000000e+000  0.0000000000000000e+000  0.0000000000000000e+000
  2.9556208367749650e+002  2.0683305183053199e+002  1.5558313501307612e+002  5.3051578048501824e+001  2.9848751561525546e+001  1.0114576273419289e+001  1.0168182119365383e+000  1.1015148857040913e-005  0.0000000000000000e+000  0.0000000000000000e+000  0.0000000000000000e+000  0.0000000000000000e+000  0.0000000000000000e+000  0.0000000000000000e+000
  2.8236471564671047e+002  1.7400835024276557e+002  1.3221861126663680e+002  3.2887997149702642e+001  2.4881115412061604e+001  9.4743747905927194e+000  5.9697543425619415e+000  4.1786285970260906e-002  6.9018999511172296e-005  3.8762209442211315e-008  0.0000000000000000e+000  0.0000000000000000e+000  0.0000000000000000e+000  0.0000000000000000e+000
  2.7965200462655889e+002  1.9657678272571593e+002  1.3625992585046981e+002  6.1687380889244423e+001  1.8818177605132291e+001  1.1939503647305742e+001  3.6617192372971203e+000  1.1104323539257166e-004  2.8819124509027461e-007  0.0000000000000000e+000  0.0000000000000000e+000  0.0000000000000000e+000  0.0000000000000000e+000  0.0000000000000000e+000
  2.6833184453051808e+002  1.7071756844135996e+002  1.3273502396229412e+002  3.3841107919583806e+001  2.4873961313877089e+001  1.0796782536609840e+001  3.3046760446693497e+000  0.0000000000000000e+000  0.0000000000000000e+000  0.0000000000000000e+000  0.0000000000000000e+000  0.0000000000000000e+000  0.0000000000000000e+000  0.0000000000000000e+000
  2.7933540681028308e+002  2.0182879806349240e+002  1.3117713372067419e+002  4.8957590745664902e+001  3.7588780664987894e+001  8.9546315138413775e+000  5.9697543425617141e+000  8.6731373600059669e-003  5.2759048685402377e-007  0.0000000000000000e+000  0.0000000000000000e+000  0.0000000000000000e+000  0.0000000000000000e+000  0.0000000000000000e+000
  2.9014083693642510e+002  2.0531612454854928e+002  1.4675728297966452e+002  3.5818480669551718e+001  2.6287829097668464e+001  9.3942679789630574e+000  4.6072895173044799e+000  2.6072703474767422e-001  3.4489870131437783e-005  0.0000000000000000e+000  0.0000000000000000e+000  0.0000000000000000e+000  0.0000000000000000e+000  0.0000000000000000e+000
  2.7768962430875536e+002  1.8370510418701724e+002  1.4168404563441084e+002  2.3681784828153354e+001  1.6914303970587525e+001  1.4924385856401159e+001  3.9886493649731847e+000  0.0000000000000000e+000  0.0000000000000000e+000  0.0000000000000000e+000  0.0000000000000000e+000  0.0000000000000000e+000  0.0000000000000000e+000  0.0000000000000000e+000
  2.8786141550193315e+002  1.9142299862837444e+002  1.4079075213145006e+002  4.1230530813228029e+001  3.4279559196161927e+001  8.9546315138416048e+000  1.6058813338820528e+000  2.8324789047928789e-004  7.2942953011079226e-008  0.0000000000000000e+000  0.0000000000000000e+000  0.0000000000000000e+000  0.0000000000000000e+000  0.0000000000000000e+000
  3.0236673843308154e+002  1.9132817919635113e+002  1.3260187430253052e+002  4.6763015184119240e+001  3.4789341050266898e+001  1.7953488576384416e+001  8.9961539096829028e+000  2.3808360873852052e-001  2.4538991397093923e-005  0.0000000000000000e+000  0.0000000000000000e+000  0.0000000000000000e+000  0.0000000000000000e+000  0.0000000000000000e+000
  2.8983947319356639e+002  2.1654527150427543e+002  1.3782026896619186e+002  3.4140741625151236e+001  2.3878997218964969e+001  7.4330921689186198e+000  5.8293570761743467e+000  1.8475996234883496e-003  1.4700377732879133e-006  0.0000000000000000e+000  0.0000000000000000e+000  0.0000000000000000e+000  0.0000000000000000e+000  0.0000000000000000e+000
  2.7092538212130466e+002  1.9144748957234651e+002  1.4262962917490927e+002  3.3828582752079114e+001  2.9848751561525319e+001  1.2661280367020368e+001  5.4945459471364302e+000  0.0000000000000000e+000  0.0000000000000000e+000  0.0000000000000000e+000  0.0000000000000000e+000  0.0000000000000000e+000  0.0000000000000000e+000  0.0000000000000000e+000
  2.5904699951555085e+002  1.6244677849955633e+002  1.4130237783931977e+002  2.9848756599344597e+001  1.3779305461499462e+001  1.1070253319285712e+001  6.6021614957140855e+000  0.0000000000000000e+000  0.0000000000000000e+000  0.0000000000000000e+000  0.0000000000000000e+000  0.0000000000000000e+000  0.0000000000000000e+000  0.0000000000000000e+000
  2.9514982885654672e+002  1.8021783510654200e+002  1.2341418191963987e+002  5.4722652330696292e+001  3.5824519350147398e+001  1.6184465252590371e+001  3.3158316250766120e+000  1.2669275243979428e-003  0.0000000000000000e+000  0.0000000000000000e+000  0.0000000000000000e+000  0.0000000000000000e+000  0.0000000000000000e+000  0.0000000000000000e+000
  2.9849862580715171e+002  1.6966724374352157e+002  1.4319318506029663e+002  2.9958270044170945e+001  2.7858838485156866e+001  1.2166951543054211e+001  1.1026176735633157e+001  0.0000000000000000e+000  0.0000000000000000e+000  0.0000000000000000e+000  0.0000000000000000e+000  0.0000000000000000e+000  0.0000000000000000e+000  0.0000000000000000e+000
  2.4274835815951315e+002  1.5759669902754445e+002  1.2465047974977551e+002  2.7631333588746998e+001  2.0349695173862642e+001  1.4924385856401841e+001  2.2818502991457308e+000  1.3738904683577857e-003  9.3115340860094875e-007  0.0000000000000000e+000  0.0000000000000000e+000  0.0000000000000000e+000  0.0000000000000000e+000  0.0000000000000000e+000
  2.8796266240537466e+002  1.9518448159637990e+002  1.3232339697527891e+002  3.4642183690948968e+001  2.5593167431435063e+001  1.0978452178667112e+001  4.2630623921476172e+000  0.0000000000000000e+000  0.0000000000000000e+000  0.0000000000000000e+000  0.0000000000000000e+000  0.0000000000000000e+000  0.0000000000000000e+000  0.0000000000000000e+000
  2.8543035679075001e+002  1.9433701407639603e+002  1.4401265064225345e+002  5.0062502747915573e+001  2.3918512826500660e+001  1.8904212009137268e+001  6.3286932278637096e+000  7.6394544154254618e-002  0.0000000000000000e+000  0.0000000000000000e+000  0.0000000000000000e+000  0.0000000000000000e+000  0.0000000000000000e+000  0.0000000000000000e+000
  2.2334099328061450e+002  1.7086513806602204e+002  1.4567476373951786e+002  3.7808373549204816e+001  2.8284277524381082e+001  1.2454141247416715e+001  4.9747952854688720e+000  1.0543356909693102e-002  0.0000000000000000e+000  0.0000000000000000e+000  0.0000000000000000e+000  0.0000000000000000e+000  0.0000000000000000e+000  0.0000000000000000e+000
  2.9052928333729824e+002  2.0150183029308630e+002  1.2911202087434833e+002  3.4990496920107034e+001  2.6863884465884212e+001  1.2934462704396083e+001  6.6983217193135260e+000  0.0000000000000000e+000  0.0000000000000000e+000  0.0000000000000000e+000  0.0000000000000000e+000  0.0000000000000000e+000  0.0000000000000000e+000  0.0000000000000000e+000
  2.7864513298058614e+002  1.9375163809661422e+002  1.5207170096438801e+002  4.2783183993565558e+001  2.9524035293496922e+001  1.1005727000408797e+001  3.3582857373419301e+000  0.0000000000000000e+000  0.0000000000000000e+000  0.0000000000000000e+000  0.0000000000000000e+000  0.0000000000000000e+000  0.0000000000000000e+000  0.0000000000000000e+000
  2.6254573657714286e+002  1.4831798268200953e+002  1.3502510398261120e+002  3.0843710618622936e+001  2.0268897823820453e+001  1.3929426799308203e+001  7.3536646139735922e+000  5.5277689454214851e-002  0.0000000000000000e+000  0.0000000000000000e+000  0.0000000000000000e+000  0.0000000000000000e+000  0.0000000000000000e+000  0.0000000000000000e+000
  2.8834804048174624e+002  1.9119984945375904e+002  1.4449282403912105e+002  6.1337561592300290e+001  2.6572097988500786e+001  1.4008077374144023e+001  8.2203133732350580e+000  2.0925078658160601e-001  5.1187994586143759e-005  3.4382537705823779e-008  0.0000000000000000e+000  0.0000000000000000e+000  0.0000000000000000e+000  0.0000000000000000e+000
  2.8375918400132014e+002  1.8232498721372554e+002  1.3549998701176492e+002  2.7858838485156980e+001  1.8010093923610043e+001  9.7376617560188379e+000  5.7595786012728922e+000  2.3255314977177477e-004  1.9183586346116499e-006  0.0000000000000000e+000  0.0000000000000000e+000  0.0000000000000000e+000  0.0000000000000000e+000  0.0000000000000000e+000
  2.8117372713374516e+002  1.9151593051242844e+002  1.2195078831746491e+002  3.9184129087510655e+001  2.6088732191642293e+001  1.8019391521125044e+001  1.0657127254164152e+001  1.0017860516213659e+000  0.0000000000000000e+000  0.0000000000000000e+000  0.0000000000000000e+000  0.0000000000000000e+000  0.0000000000000000e+000  0.0000000000000000e+000
  3.0257932911533658e+002  2.0673484824634238e+002  1.3382417056363840e+002  3.4160471640577271e+001  3.1600041300623730e+001  1.0944544590209603e+001  8.2740583194436113e-002  5.5851577030807675e-005  0.0000000000000000e+000  0.0000000000000000e+000  0.0000000000000000e+000  0.0000000000000000e+000  0.0000000000000000e+000  0.0000000000000000e+000
  2.9323537668174004e+002  1.7608951355353611e+002  1.3666254259892185e+002  3.9798311860104718e+001  2.2256936817303085e+001  1.1585460423505197e+001  4.3394774018020144e+000  4.2162121974342881e-004  1.0608500815578736e-006  0.0000000000000000e+000  0.0000000000000000e+000  0.0000000000000000e+000  0.0000000000000000e+000  0.0000000000000000e+000
  2.9302551529859602e+002  1.9563947790380030e+002  1.2302450818796069e+002  2.5766902351755220e+001  2.5353135385566020e+001  5.8056857649236235e+000  1.7511525578618148e-001  0.0000000000000000e+000  0.0000000000000000e+000  0.0000000000000000e+000  0.0000000000000000e+000  0.0000000000000000e+000  0.0000000000000000e+000  0.0000000000000000e+000
  2.7896651995722709e+002  1.8319639387530083e+002  1.2446072890970072e+002  3.2101512323683437e+001  2.0814190038650054e+001  1.7215626938985451e+001  7.7335859237886098e+000  0.0000000000000000e+000  0.0000000000000000e+000  0.0000000000000000e+000  0.0000000000000000e+000  0.0000000000000000e+000  0.0000000000000000e+000  0.0000000000000000e+000
  2.5960947690947069e+002  1.7664953704851007e+002  1.3967956075452423e+002  2.8853802580069896e+001  2.4873971389515077e+001  7.9596674189303940e+000  4.2535087202089699e+000  0.0000000000000000e+000  0.0000000000000000e+000  0.0000000000000000e+000  0.0000000000000000e+000  0.0000000000000000e+000  0.0000000000000000e+000  0.0000000000000000e+000
  3.1755763149333052e+002  1.8091886333716036e+002  1.4632181354869999e+002  3.1748888589201783e+001  2.6048240020610592e+001  9.9495855331158509e+000  4.8689497589444954e+000  3.8329727598238605e-003  0.0000000000000000e+000  0.0000000000000000e+000  0.0000000000000000e+000  0.0000000000000000e+000  0.0000000000000000e+000  0.0000000000000000e+000
  2.8817077978960992e+002  1.8754801789669193e+002  1.4144504893675958e+002  4.9234365059194147e+001  2.6098201615535686e+001  1.5085402775946136e+001  3.3870140956558998e+000  0.0000000000000000e+000  0.0000000000000000e+000  0.0000000000000000e+000  0.0000000000000000e+000  0.0000000000000000e+000  0.0000000000000000e+000  0.0000000000000000e+000
  2.6474238329056220e+002  1.6515774764981632e+002  1.2817024309864860e+002  5.2340118458128245e+001  2.0740626099302631e+001  1.2806374538153477e+001  4.4369038610788039e+000  2.9283563557100933e-003  5.4848878789925948e-006  0.0000000000000000e+000  0.0000000000000000e+000  0.0000000000000000e+000  0.0000000000000000e+000  0.0000000000000000e+000
  2.6089702071916963e+002  1.7756958278772129e+002  1.4164876964211192e+002  2.9861041550427217e+001  2.1940027593976538e+001  9.9931520038310282e+000  7.7361218364430897e+000  4.9719063305246891e-003  0.0000000000000000e+000  0.0000000000000000e+000  0.0000000000000000e+000  0.0000000000000000e+000  0.0000000000000000e+000  0.0000000000000000e+000
