  2.9294638426526938e+007  1.1412355615712465e+006  1.1412011997073216e+006  3.1722528487550566e+005  4.9086468740756573e+000  4.7130374891034990e+000  4.0191689099503947e+000  3.8751339695729712e+000  2.4975700542199775e+000  2.4532029257904924e+000  2.3603519013320238e+000  2.3445795352022287e+000  2.3445791042588553e+000  2.2599231042117935e+000
  3.0310305840496705e+006  2.7697188890754951e+003  2.7360596861932872e+003  1.4252958266739229e+003  1.5206742717253746e+001  3.0751261232212528e+000  2.4395338830743185e+000  2.3525989507147642e+000  2.1788417127875164e+000  1.5534238731786445e+000  1.5188569285983249e+000  1.1052282833504705e+000  1.1052282833504705e+000  1.1051413012646663e+000
  2.3699292160422571e+007  4.7547135317231313e+005  1.5872933134003414e+005  9.7679003547641896e+003  1.1540962277889776e+001  6.4394815078037482e+000  4.0206308058016020e+000  3.6848716233353116e+000  3.6848716233353116e+000  3.6462752943411942e+000  3.5880124029820308e+000  3.5821526312615788e+000  3.5779249486581648e+000  3.5243373289977171e+000
  8.3569720709310016e+006  3.6184035950354574e+005  8.4355980567678780e+004  2.9278172779029363e+004  8.3692595026618619e+000  8.0371967116982432e+000  7.1053050768357480e+000  7.0698858008593106e+000  5.5121862057048929e+000  5.5121862057048929e+000  3.4890106551174540e+000  3.4711344092868330e+000  3.4710211256915500e+000  2.7382757429002140e+000
  2.5672367143277235e+007  5.5382157250141063e+004  5.5293364889043041e+004  3.1009657877650418e+004  1.2005476632871478e+001  3.1006478772105766e+000  2.4160584231506164e+000  2.4160584231506164e+000  2.4017825334531153e+000  2.4017825334531153e+000  2.4017825334531153e+000  2.4017825334531153e+000  2.4016561382013606e+000  2.4016313385427566e+000
  2.6554072765898886e+006  2.7124108302375076e+004  2.7121742822366581e+004  2.4857822004084064e+004  7.1926190210758705e+000  6.8665230454491848e+000  6.8665230454491848e+000  5.8509767422426648e+000  5.6964877157918181e+000  4.7672090324949750e+000  4.5572727672370092e+000  4.5572727672370092e+000  4.3656647351292577e+000  4.2985087403508260e+000
  1.2507793111385196e+007  2.1543611184857789e+005  2.1543121335792335e+005  5.2207571626332334e+004  2.1278478308415060e+001  5.9684945586288904e+000  5.9684945586288904e+000  5.9562121606020355e+000  5.6634042971879808e+000  5.6311846322353176e+000  5.5711887412808210e+000  5.5518498281135180e+000  5.5518496541269542e+000  5.4714105606192334e+000
  1.9573631634858660e+006  5.1372288507001445e+005  1.3645313863390373e+005  9.9969957204726408e+004  1.8336838142937268e+001  3.6893991487552285e+000  3.6831274308246975e+000  3.6690037395476338e+000  3.6630245583558008e+000  3.6630245583558008e+000  3.5409103562219570e+000  3.5405182544236595e+000  3.5405182544236595e+000  3.5401889700203810e+000
  9.2698778909322489e+006  1.6019606605948874e+005  4.5482169818453331e+004  1.8268041425895073e+004  1.9865288321465414e+001  3.5608286347705871e+000  3.3779445662289618e+000  3.3779445662289618e+000  3.3593933050144642e+000  3.3593933050144642e+000  3.3593933050144642e+000  3.3584979351207949e+000  3.3584979351207949e+000  3.3584955476280811e+000
  1.1535748293079576e+007  1.7454817572051374e+005  6.6958036804916759e+004  6.3385008279591129e+003  6.4989400763333833e+000  1.5622317159477461e+000  1.5622317159477461e+000  1.5622317159477461e+000  1.5622317159477461e+000  1.5622317159477461e+000  1.5622317159477461e+000  1.5622317159477461e+000  1.5622317159477461e+000  1.5622317159477461e+000
  1.6518426111934795e+006  5.4177275306150113e+004  5.4138146947080277e+004  3.2012354533328937e+004  1.2088767746016629e+001  1.1988566982591010e+001  5.4285031735028042e+000  3.5509637321235914e+000  3.5509473629231252e+000  3.5381202480111824e+000  3.5378387180955997e+000  3.5278971556558645e+000  3.5278971556558645e+000  3.5278376271842262e+000
  1.9983380219380390e+006  2.6364034232042795e+004  7.0663846588084507e+003  6.1234225304210295e+003  1.4197888828031637e+001  2.6874690927093070e+000  2.6394277847148260e+000  2.6394277847148260e+000  2.6394277847148260e+000  2.6394277847148260e+000  2.6394277847148260e+000  2.6394277847148260e+000  2.6304782845361387e+000  1.4867209381729936e+000
  2.0636166258839625e+006  3.8205513392282464e+005  1.6994750209578063e+005  1.2806318983571458e+004  6.7647820836211849e+000  6.6092322142469584e+000  6.6092322142469584e+000  6.6039113220722356e+000  6.5667535201139344e+000  6.3792130912468110e+000  6.3590640908334990e+000  6.3590640014870132e+000  6.3590637287852587e+000  6.3369234868428066e+000
  1.0129572240737509e+007  8.4513033285103738e+005  3.8802157566120033e+004  3.0425324969914313e+004  5.0821203020764187e+000  3.1186885323400020e+000  2.6883925404306410e+000  2.6841845840506267e+000  2.6595778973585311e+000  2.6160943294830759e+000  2.4195076768737636e+000  2.4195074225990538e+000  2.4135500378367851e+000  2.3597733995418366e+000
  5.3908264913474871e+006  3.8552451644552225e+005  3.3466770288585256e+004  2.7335388860633422e+004  1.6641402908606096e+001  5.7467670699415976e+000  3.5072958107275554e+000  1.7793196695181450e+000  1.6522969557922806e+000  1.6510057735301871e+000  1.5989938784996411e+000  1.5989868815167938e+000  1.3943113986608751e+000  1.3943113986608751e+000
  1.5158204255362405e+006  9.1751031243596750e+005  5.3674766616558004e+005  3.4240833700339717e+004  2.6844112049202067e+001  7.0415889075395626e+000  5.8727449922700998e+000  5.4905763444935474e+000  4.6991714862783738e+000  4.6991714862783738e+000  4.6991714862783738e+000  4.5753327884810915e+000  2.6560672746302316e+000  2.6530058908274441e+000
  1.7163466226037412e+006  8.7806899746053654e+005  1.2344213449689803e+005  8.2672783341212653e+003  6.9621281891509170e+000  6.8403374240974699e+000  5.1182341403407463e+000  4.6977380511700630e+000  4.5821712466174631e+000  4.5468047727449630e+000  4.5468047727449630e+000  4.4863143251911879e+000  4.4863143251911879e+000  4.3031895634187549e+000
  3.6003775553447637e+006  1.4040933036371134e+005  1.4033557122486731e+005  1.8482885080230833e+004  1.5411223449586259e+001  6.5127069640127502e+000  2.2805984900826388e+000  1.9593759216315902e+000  1.7904230797903438e+000  1.5298396880075416e+000  1.5298394258254575e+000  1.5298394241294773e+000  1.5298391616627214e+000  1.4933662467303748e+000
  1.3350393809398352e+006  2.9852124123676243e+005  9.3352515616359233e+004  2.6546600369954725e+004  1.7764866584265064e+001  6.5446988928606515e+000  4.6519928854356749e+000  4.5693083461078459e+000  4.5083936883786464e+000  4.4904494627464828e+000  4.4904494627464828e+000  4.4064774862235936e+000  4.4061927233908591e+000  4.3831167397318040e+000
  9.1538862932962198e+006  1.4684876236109849e+005  3.8816634298472069e+004  8.6131524916700400e+003  1.7763368738307463e+001  9.3169695985986891e+000  6.4839120939377608e+000  3.6852641712496279e+000  2.5809737548406702e+000  2.5809689113300465e+000  2.5809689113300465e+000  2.5124786290755310e+000  2.4436619586288089e+000  2.4435570346399800e+000
  6.5103598926375117e+006  6.5102621160873016e+006  3.2714217133425362e+005  6.5295066327666631e+004  6.6655832446103886e+000  5.0522157422115015e+000  3.8496695603555509e+000  2.7913845776527069e+000  2.7913845776527069e+000  2.7415923859912255e+000  2.4869897042799494e+000  2.4869897042799494e+000  2.4869897042799494e+000  2.1559472061792349e+000
  1.0473270892026690e+006  2.7593741764222604e+005  1.7039202019838132e+004  1.6903775428456469e+004  1.4574474079399579e+001  1.0922856449333494e+001  5.6974363653123419e+000  5.2490272077084228e+000  3.1133831853553602e+000  2.6360314561381983e+000  2.5284855362999679e+000  2.5284855362999679e+000  2.5284855362999679e+000  2.4563520589720156e+000
  5.5043878681527684e+006  1.0738342632669213e+005  1.0728736801882923e+005  2.5706749626564655e+004  1.3827314451023540e+001  8.7885053962841084e+000  7.4577443161899737e+000  4.3259244840405700e+000  3.8030896915765879e+000  3.7390852947030453e+000  3.5949291798749528e+000  3.5728689494728769e+000  3.5728689494728769e+000  3.5436781748542217e+000
  4.7367172524509551e+006  8.6317033393964521e+005  4.4541109140578075e+004  8.0861774957527596e+003  5.9094267452808253e+000  5.7133026019498629e+000  3.6409376073868316e+000  3.2967031400833093e+000  3.2129606421460721e+000  3.2129606421460721e+000  3.1610489220172440e+000  3.1610489220172440e+000  3.1610489220172440e+000  3.0635344326842642e+000
  2.2250335903174926e+007  6.0839332306252595e+005  2.5573864018521729e+005  3.7906430338790611e+004  1.8155426622472078e+001  5.4001733089667141e+000  5.1994695609309929e+000  5.1992137675399590e+000  5.1125787780740666e+000  5.1125784990097145e+000  5.1125783509730809e+000  5.1125783509730809e+000  5.1125782530484685e+000  5.0606269023671757e+000
  3.3321076633016826e+006  1.4030958663781380e+005  1.4030736597915925e+005  1.0947086652260366e+004  1.2952860033535217e+001  1.0655024184958393e+001  7.8203335000171137e+000  2.6386162818862431e+000  2.6220160126456449e+000  2.6054260811945369e+000  2.6054249943949799e+000  2.6054249707128747e+000  2.6054249628741672e+000  2.5682713081973816e+000
  2.1340310839225627e+006  6.5991017433975765e+005  7.6999084633162871e+004  1.3226336478868632e+004  1.6703067378667583e+001  1.0737383129306181e+001  9.0257808474427748e+000  6.4074447536816024e+000  3.9768098869992627e+000  3.7776089871929344e+000  3.7131025237586073e+000  3.6605111651410880e+000  3.6149603194928659e+000  3.4395244798151907e+000
  1.2104718298998384e+006  9.9714713194674160e+005  4.0616614827934667e+004  2.1782076635534144e+004  2.2982325088547213e+001  1.2814624422087491e+000  1.1386310769437387e+000  1.1386310769437387e+000  1.1386310769437387e+000  1.1386310769437387e+000  1.1386310769437387e+000  1.1360023682100291e+000  1.1277019733063298e+000  1.0578433852915623e+000
  1.6020033895762605e+006  7.8316993517736474e+005  4.0255279503656219e+005  3.0149132553225991e+003  1.4569352720860934e+001  3.3570833414910339e+000  2.5235101239584310e+000  2.4370561486059614e+000  2.4326219966476401e+000  2.2429788501956409e+000  2.2076013348014385e+000  2.2005661173313911e+000  2.2005658491978011e+000  2.0941765800903340e+000
  1.2658792845026278e+006  4.2491312647256121e+005  2.8160714880165079e+005  1.7818828917458675e+004  1.5607125245056977e+001  3.9472160825646370e+000  3.4807490742837217e+000  2.8444555067278543e+000  2.7640075812896612e+000  2.7640075812896612e+000  2.7449758542131804e+000  2.7322906500837689e+000  2.7322906239207896e+000  2.7322750858750169e+000
  1.7313474253785186e+007  1.8273599389300267e+006  7.3173518491983763e+005  1.1167703791333328e+005  1.5988347472865598e+001  5.8673547748871897e+000  2.2415586445606550e+000  2.2066470708505221e+000  1.6033672730609396e+000  1.5884052593714841e+000  1.5362696948191115e+000  1.5362696948191115e+000  1.5362696948191115e+000  1.5362649849751051e+000
  2.5067312935801591e+006  1.9612422984147719e+006  9.2198906443285683e+004  4.1182822259472341e+004  2.5495291966515197e+000  2.4163698477195794e+000  2.4091844638503517e+000  2.0969772333219225e+000  2.0969772333219225e+000  2.0969772333219225e+000  2.0818553626234007e+000  2.0769125639449157e+000  2.0769005811539500e+000  2.0769005811539500e+000
  1.2342306344125480e+005  1.2327781616820963e+005  3.0797873189668691e+004  1.5474740325937608e+004  1.2249248415371312e+001  3.9610598858560024e+000  3.4698737179230648e+000  3.4698737179230648e+000  3.4660490906549057e+000  3.4657741310195433e+000  3.4657735924104145e+000  3.4354254825295811e+000  3.4354254825295811e+000  2.5950600854089316e+000
  4.8081818597065096e+004  1.7144753021842782e+004  1.7053371584689266e+004  4.5104060226328802e+003  6.2974298926480969e+000  6.1449382101795891e+000  5.3363217538076242e+000  4.2940432671093731e+000  3.9712251166840815e+000  3.9712251166840815e+000  3.9581834842142598e+000  3.8311707562393167e+000  3.8199950006712697e+000  3.2009185551992232e+000
  6.6100909658191456e+006  5.0574739271999877e+006  3.1500890799268376e+005  1.7725610205587014e+004  2.8394976317106284e+001  3.6424476155452794e+000  2.9750830107998354e+000  2.9750830107998354e+000  2.5737767633804651e+000  2.4494260129292798e+000  1.8119244919503217e+000  1.5569769597318555e+000  1.5569769597318555e+000  1.5138862901446828e+000
  3.7331774382226150e+006  3.7330874118907554e+006  5.4337235147637222e+005  2.1287728029815611e+005  2.6359659133706828e+001  8.0305752199658400e+000  6.8842622152501463e+000  5.5705467824382140e+000  5.5705447709347027e+000  5.5704623809158420e+000  5.5704623809158420e+000  5.5698202631872391e+000  5.5698202628445870e+000  5.5698192233221562e+000
  2.7729934896295937e+006  1.7073267912877658e+006  1.3221138660082506e+005  2.4928007168951677e+004  1.2723131045005402e+001  1.1165540248921161e+001  4.7334942141474130e+000  4.4779272769403633e+000  1.6189809291158781e+000  1.5437959184537249e+000  1.5437959184537249e+000  1.5432928966347390e+000  1.3964194786324242e+000  1.2688888441803101e+000
  1.6032095443748252e+006  5.6630772839249531e+005  2.1985324855865937e+005  2.0275065660806242e+004  1.0827249274073893e+001  9.3423358471429765e+000  8.5478224126029545e+000  3.9695065632115529e+000  3.9637044844753291e+000  3.9637044456273998e+000  3.3434498418146177e+000  2.9668010695386329e+000  1.4929267266754778e+000  1.4499125256156731e+000
  1.7107580873791010e+006  5.0876181924831290e+004  5.0875236045780890e+004  1.6587882654928649e+002  1.6413505134701154e+000  1.6063752038562598e+000  1.4718611180635435e+000  1.4718611180635435e+000  1.4488092231317751e+000  1.4488092231317751e+000  1.4488092231317751e+000  1.4488092231317751e+000  1.4482694255759725e+000  1.4386572036487451e+000
  2.6729977769380552e+006  1.3713252321760164e+005  1.3703072037310532e+005  7.9231064144099128e+003  1.0859262784610792e+001  5.2001431747476090e+000  4.7264936789556486e+000  3.9908571729620235e+000  3.9908436138900925e+000  3.9908436138900925e+000  3.5100999803892137e+000  3.5083349416092915e+000  3.5083349416092915e+000  3.5083349416092915e+000
  1.5612646597571827e+006  2.8564601517363521e+005  6.5564982792272480e+004  6.9276719737924159e+003  7.9465774554544168e+000  3.9685469715873296e+000  3.9658160167225560e+000  3.8333449735787326e+000  3.8214058089920400e+000  3.8214058089920400e+000  1.5379749017176891e+000  1.5379749017176891e+000  1.5300453325905892e+000  1.5122647960208724e+000
  3.7313123389601768e+006  6.3645723261673201e+005  2.7322557491623491e+004  2.0003352744092510e+004  1.2554645151325985e+001  6.5131560043141690e+000  6.0807295407230413e+000  6.0797116639523665e+000  3.6994686453513168e+000  3.3719474668757812e+000  3.3610598879622557e+000  1.9359250472762142e+000  1.9359250472762142e+000  1.9059032951081463e+000
  2.8219853161104396e+006  8.3546673898957227e+005  2.9024781015923619e+005  9.3772431179971209e+003  7.4057296294142816e+000  5.0392395932487943e+000  5.0392395932487943e+000  5.0321760753174658e+000  5.0321646387506007e+000  5.0321646387506007e+000  5.0321646387506007e+000  5.0321639839423824e+000  5.0321639372855316e+000  5.0321560768022664e+000
  1.0829224288385581e+007  5.9445811015317391e+005  1.1218721649038741e+005  1.0935660941769114e+004  2.4148219206583917e+001  8.2064555609190393e+000  6.2610075270451944e+000  6.2116338498042296e+000  6.1931958796299114e+000  6.1931958796299114e+000  6.1930997009828843e+000  4.1409898697040717e+000  4.1408399479230411e+000  1.5701588544914102e+000
  7.2647335350395683e+006  5.2687643641843298e+005  2.2502399675810331e+005  3.0798817148335766e+004  1.2173139181462830e+001  7.3995179549183376e+000  6.7573027339306009e+000  6.3399018982497637e+000  6.2901355449657785e+000  6.2830873534182956e+000  2.4182792257083747e+000  2.2782296157920428e+000  2.2782296157920428e+000  2.1110618189561592e+000
  3.2294610216738391e+006  3.7705583877129934e+005  1.3501894372545270e+005  1.8424934824522446e+004  7.7764060846184293e+000  3.5723742064608359e+000  3.4334280997654787e+000  1.6343998467457368e+000  1.5797102304256896e+000  1.4070753985151896e+000  1.4070753985151896e+000  1.4070753985151896e+000  1.4070753985151896e+000  1.4065830468061904e+000
  5.8973194412043747e+006  2.1834543904089340e+005  8.9229562788731026e+004  1.4089963195801960e+004  1.1194234724032640e+001  6.6625002600735570e+000  5.7317007724029736e+000  5.6331537739451960e+000  5.5441383265967943e+000  5.5234489829924769e+000  2.5604978807828047e+000  2.4964577097725851e+000  2.4572014346358628e+000  2.1375529202371126e+000
  2.2261166320173382e+006  4.8096763858536264e+005  4.7429994387972221e+005  3.0774152616418232e+003  4.2478346690725175e+000  4.0834501609890594e+000  2.6688167237714424e+000  2.4736989712789637e+000  2.4174684723436712e+000  2.3573224699730417e+000  2.3565292421849335e+000  2.3506938731795799e+000  2.3375931732568915e+000  2.3278996975022892e+000
  1.1527671817765853e+006  1.7966735350246920e+005  3.0873272715356248e+004  9.4332861409824545e+003  1.7365206248068716e+001  5.9379886324329618e+000  5.6768978903621701e+000  4.5388877080647489e+000  4.5073896578767290e+000  4.5058041176184815e+000  4.5058041176184815e+000  4.5056491171874313e+000  4.5056491171874313e+000  4.5056455551084582e+000
  3.6618301637462326e+006  4.1907774985816883e+005  2.7633205440230311e+004  1.5203150171671496e+004  9.8209262817383660e+000  2.3849579663283293e+000  2.2507639013981589e+000  2.2507634213995971e+000  1.2478166199671250e+000  1.2478166199671250e+000  1.2478166199671250e+000  1.2478166199671250e+000  1.2478166199671250e+000  1.2478166199671250e+000
  2.9196922309600678e+006  2.7768548327359371e+005  8.1251547797026171e+004  6.7161136969532527e+002  8.7616913754886809e+000  7.7599483011845223e+000  7.5162820267919415e+000  5.8591736605239930e+000  5.5839981608764901e+000  5.4935876722017838e+000  3.6691186809903229e+000  3.5964399048148152e+000  2.7715977728678354e+000  2.4975292974497734e+000
