  1.2361827865718235e+004  1.0563233936311726e+004  9.5718131091534906e+003  5.5011761130844498e+003  3.9665173803520556e+003  3.2814418536835474e+003  1.9892791460932676e+003  1.8673395697019841e+003  1.4328972733606170e+003  1.4328972733606170e+003  1.4328972733606170e+003  1.4328972733606170e+003  1.2162402068069423e+003  8.4543229588720351e+002
  1.1787184285700099e+004  1.0592004078146405e+004  8.2685585782182043e+003  4.4084645709201177e+003  3.9732654318767491e+003  2.5053945236645704e+003  2.1489582952035307e+003  1.1673652839353163e+003  7.4692262564840348e+002  7.4692262564840348e+002  1.4916011921333848e+001  1.4916011921333848e+001  1.4916011921333848e+001  1.4916011921333848e+001
  1.2572684171558369e+004  1.0312639903595300e+004  8.8636120055735155e+003  5.3628079826018366e+003  3.6754134797767911e+003  2.2318480759031627e+003  2.1331467411270278e+003  1.5380429204785505e+003  1.1243563567834135e+003  1.0837026526811169e+003  4.5408698492400799e+002  3.5141800049451922e+002  3.5141800049451922e+002  3.5141800049451922e+002
  1.1873276577370021e+004  1.0488691338306566e+004  9.4783452214473618e+003  5.2250042921530749e+003  3.8939488329335945e+003  2.6699241289484307e+003  2.5500409159929768e+003  1.8113982591650201e+003  1.5955871856090453e+003  1.5955871856090453e+003  1.5955871856090453e+003  1.2614158640714959e+003  6.6466532963375357e+002  2.3038599085257374e+002
  1.2696723190331168e+004  1.0712156578015078e+004  9.1107190199973647e+003  4.7368247275784270e+003  3.7614895658109162e+003  3.1641023634700869e+003  1.9696365928658415e+003  1.6218151398240734e+003  1.3178475999360307e+003  1.3178475999360307e+003  1.3178475999360307e+003  1.0994526186338517e+003  1.0994526186338517e+003  8.8336123395666073e+002
  1.1682699894660731e+004  1.0094607555936562e+004  9.1149573358071048e+003  5.1854834779819867e+003  3.2352894360521132e+003  2.4477579974337059e+003  1.6432395595937160e+003  1.0862896619538551e+003  8.6898703500299234e+002  6.2051267548111718e+002  2.3453472717712793e+002  2.3453472717712793e+002  2.3453472717712793e+002  2.3453472717712793e+002
  1.2797469358601888e+004  1.0483847557783840e+004  8.8787383789611395e+003  4.5949112957106045e+003  3.1134181331467662e+003  2.2879340543812286e+003  2.2513474249896972e+003  9.6609554312072942e+002  2.2886592008553998e+002  2.2886592008553998e+002  2.2886592008553998e+002  1.3515601380604494e+001  1.1563293134742707e+001  1.1563293134742707e+001
  1.2255575251814242e+004  9.6731985942377141e+003  9.1098078688525893e+003  4.5582064693912507e+003  4.3854422810193901e+003  3.5162388026442713e+003  2.6656210519867418e+003  1.8743690169974288e+003  1.8743690169974288e+003  8.3584882181788271e+002  7.1378697655027281e+002  7.1378697655027281e+002  5.7507518563372651e+002  5.7507518563372651e+002
  1.1994319588084360e+004  1.0391452580156525e+004  8.9464393483084605e+003  4.2260663782890042e+003  2.7603097928874704e+003  2.3256920473058344e+003  1.1398937356122042e+003  1.0546671593402425e+003  8.4647400660687708e+002  5.6903757615833820e+002  5.6903757615833820e+002  5.6903757615833820e+002  5.6903757615833820e+002  3.4939387754233030e+002
  1.2278862522059968e+004  1.0304992407745012e+004  8.8743942573857421e+003  4.4996372599078350e+003  3.7675564702670272e+003  2.0081330172381531e+003  1.6747331273380441e+003  7.8389161477974631e+002  4.5282920931949775e+002  4.5282920931949775e+002  4.5282920931949775e+002  4.5282920931949775e+002  4.5282920931949775e+002  2.3570203160903475e+002
  1.1925365224311114e+004  1.0533876517641998e+004  8.9601643852745656e+003  4.9429987042093053e+003  4.7283974398111586e+003  2.4050364328431024e+003  2.1956891963238450e+003  2.1956891963238450e+003  2.0978747965722469e+003  1.2431791957755959e+003  9.2840255376018467e+002  2.3733508447651911e+002  1.6599031509304041e+001  1.6599031509304041e+001
  1.2194184075495741e+004  9.9862891217513770e+003  8.1776897625121637e+003  5.3839299609504124e+003  5.3234661436043534e+003  2.0779366377130427e+003  1.3553753687746575e+003  1.0548133462150581e+003  5.7751144783423297e+002  3.4436676064889616e+002  3.4436676064889616e+002  1.2705164201799562e+002  1.2705164201799562e+002  1.2705164201799562e+002
  1.2645473035339919e+004  8.8794573811029404e+003  8.8482472092322005e+003  5.4099457424782449e+003  4.2220059652625350e+003  2.7418653911811598e+003  1.7298432063430009e+003  1.2368466312701057e+003  1.1363823983853326e+003  1.0198358812258884e+003  6.8212511063520287e+002  4.6548053576164239e+002  4.6548053576164239e+002  4.6548053576164239e+002
  1.1793615047236179e+004  1.0376203447790151e+004  9.0013054029219638e+003  3.9925297680222830e+003  3.5593893861725155e+003  2.2880217701152542e+003  1.5672513045536907e+003  1.4757190967012903e+003  1.1339892445001278e+003  4.7822472861067945e+002  4.7822472861067945e+002  4.7822472861067945e+002  1.4564584834808556e+002  1.4564584834808556e+002
  1.1653296184230956e+004  1.0078817502310372e+004  9.0348949443209021e+003  4.3215932602523244e+003  4.1343452653904969e+003  2.4826961394090940e+003  1.6506694562128250e+003  1.4842395301092256e+003  9.9957009331777954e+002  6.6276176076152478e+002  5.9609738507479415e+002  2.9339162597175164e+002  2.2004355411281722e+001  1.1016837469367601e+001
  1.2997702320921584e+004  1.0626572797112167e+004  9.3138473579843976e+003  3.9604153304341744e+003  3.0646583216268409e+003  1.5968272297212607e+003  1.0722467354392029e+003  7.0677623652809416e+002  7.0677623652809416e+002  5.8900844567006789e+002  5.3768301532847909e+002  3.4982817981633707e+002  3.4982817981633707e+002  1.3374928681927122e+002
  1.2401870568127835e+004  1.1030476265635465e+004  9.0720717495504468e+003  6.8518048489084158e+003  4.3518131228924030e+003  2.1387572476347195e+003  1.4246561741693695e+003  1.0498424745056473e+003  1.0298606173148255e+003  1.0298606173148255e+003  1.0298606173148255e+003  9.1044935513409655e+002  6.9227812347934378e+002  3.5653716191414424e+002
  1.2474961328679237e+004  1.0427918491443659e+004  9.1124974647608396e+003  4.7357223897895437e+003  4.7357223897895437e+003  3.7474344547937289e+003  2.0990229903597028e+003  1.8810248362913189e+003  1.4453147363583812e+003  1.2303281977125516e+003  1.2303281977125516e+003  6.5813367514301717e+002  6.5813367514301717e+002  6.5813367514301717e+002
  1.1978395306880473e+004  1.0061707018733759e+004  9.0079026895299339e+003  6.3613305551372359e+003  5.0547268063831452e+003  3.3191146073356504e+003  1.7312068305110806e+003  1.0269169354210535e+003  1.0269169354210535e+003  8.8697915589388504e+002  6.9202196685348463e+002  6.9202196685348463e+002  4.7295644179411465e+002  4.7295644179411465e+002
  1.3075848815836544e+004  1.0132499102077201e+004  8.5737885689908744e+003  3.6585635936452636e+003  3.6585635936452636e+003  2.3669335973973248e+003  1.3174897208066141e+003  1.3174897208066141e+003  1.3174897208066141e+003  1.1989733946217166e+003  1.1989733946217166e+003  1.1989733946217166e+003  1.1606720487563834e+003  3.0870663737490759e+002
  1.2658224444479263e+004  1.0573576005369654e+004  8.8573631759892669e+003  4.8852039173593930e+003  4.3503581803761226e+003  3.5528803757423302e+003  2.2720023403224295e+003  1.6737793352947083e+003  1.3193950258730911e+003  1.3193950258730911e+003  6.5659261362830512e+002  5.7265270124251765e+002  5.7265270124251037e+002  5.7265270124251037e+002
  1.2200314965381263e+004  1.0342985285945781e+004  8.9539411541763657e+003  4.3009490491541656e+003  3.2586963217965094e+003  1.5386939221295252e+003  1.5386939221295252e+003  9.0669071933768646e+002  5.7183322581043467e+002  2.3540922880772268e+002  2.3540922880772268e+002  2.3540922880772268e+002  1.8940103174467367e+001  1.8940103174467367e+001
  1.2058068337658982e+004  9.9131018731112927e+003  8.6708148212616597e+003  3.8914283977835039e+003  3.8914283977835039e+003  3.8914283977835039e+003  3.8914283977835039e+003  1.7490237905420654e+003  1.5312868613172795e+003  1.5312868613172795e+003  8.7952944634498999e+002  8.7952944634498999e+002  8.7952944634498999e+002  6.6238977695442009e+002
  1.2212898743798398e+004  9.6501053721900535e+003  9.3085542414537649e+003  4.4110132426142154e+003  4.0764305151123772e+003  2.1885564473360573e+003  2.1885564473360573e+003  9.2522334551804670e+002  5.6902944719950028e+002  5.6902944719950028e+002  3.5295055420243443e+002  3.5295055420243443e+002  3.5295055420243443e+002  1.3648142856922641e+002
  1.2401598641532262e+004  1.0180872680085891e+004  9.2609764933155802e+003  4.8326597790448723e+003  2.8067271574018632e+003  2.5236346186634000e+003  2.1426551244692018e+003  1.7582207743523177e+003  8.7524901345940452e+002  5.7515422670582848e+002  5.7515422670582848e+002  5.7515422670582848e+002  5.7515422670582848e+002  5.7515422670582848e+002
  1.1713057696831909e+004  1.0206255371166169e+004  8.9298412274060411e+003  5.9737819415731628e+003  3.5642107782242892e+003  2.2117577282533784e+003  1.6839115905374165e+003  1.6725579206383482e+003  1.3187329831312454e+003  1.0214710494233732e+003  1.0214710494233732e+003  5.8635820932464412e+002  5.8635820932464412e+002  5.8568766556729679e+002
  1.2487776719140427e+004  1.0587445766542645e+004  8.5434628784745328e+003  4.5841087723153596e+003  3.2990141900927156e+003  1.9109157577386868e+003  1.3378877338515777e+003  6.7513752306716560e+002  2.5880744672860237e+002  2.3732259279639766e+002  2.3732259279639766e+002  2.3732259279639766e+002  2.3732259279639766e+002  2.3732259279639766e+002
  1.2064162458941379e+004  1.0530957139584254e+004  8.5732959820162159e+003  4.7963072736953090e+003  4.7963072736953090e+003  2.1527839893343335e+003  2.1527839893343335e+003  1.3628853341376416e+003  7.6362952435705301e+002  5.7291968323499896e+002  5.7291968323499896e+002  5.7291968323499896e+002  3.5174932783780605e+002  3.5174932783780605e+002
  1.2635959601348957e+004  1.0581232705800050e+004  9.0620025326706891e+003  3.6507159281818931e+003  3.6507159281818858e+003  3.6507159281818858e+003  1.8994430504799129e+003  1.6822908894092361e+003  1.3249199479252056e+003  1.3249199479252056e+003  8.9171387721769133e+002  7.1405798975372090e+002  7.1405798975372090e+002  7.1405798975372090e+002
  1.1721248387833279e+004  1.0581310220685158e+004  9.0416355837903720e+003  3.4955788444758764e+003  2.5683999253407856e+003  2.0335231222989969e+003  9.5390461117621453e+002  3.5568326167094710e+002  1.3903868679739026e+002  1.3671010681231928e+002  1.3671010681231928e+002  1.3671010681231928e+002  1.7535728550177737e+001  1.7535728550177737e+001
  1.1649444880892224e+004  1.0210224071362818e+004  8.4870963731735646e+003  4.5468083439607435e+003  4.4798492599964266e+003  1.7224853513398157e+003  1.3263603975359620e+003  1.1777493524234451e+003  6.2466350505580704e+002  3.5380147564000436e+002  3.5380147564000436e+002  3.5380147564000436e+002  3.5380147564000436e+002  3.5380147564000436e+002
  1.2611156502274216e+004  1.0637947371288232e+004  9.0316846134257485e+003  4.0958727822345536e+003  3.5078245113396479e+003  2.6646323700808753e+003  2.1911396836536042e+003  1.6732604110364518e+003  1.3168644703426216e+003  1.0086047998077192e+003  1.0086047998077192e+003  7.8878802360540431e+002  7.8878802360540431e+002  7.8878802360540431e+002
  1.2346590242679509e+004  9.2973961236461073e+003  8.4122890952693087e+003  4.7363991756298656e+003  4.4008336633045074e+003  1.4740721011878086e+003  1.4185344187824121e+003  1.2370519404981605e+003  1.0186444675160274e+003  1.0186444675160274e+003  1.0186444675160274e+003  4.4555963297035123e+002  4.4555963297035123e+002  2.2825700601955396e+002
  1.1762293878760784e+004  9.1000330652103712e+003  8.9307505213068544e+003  4.4354631449612643e+003  3.9502867381685282e+003  2.2727192438886086e+003  1.5182740771506942e+003  9.9889009937004448e+002  7.8157498073912939e+002  7.1330507874577597e+002  5.6378975095143687e+002  1.2940824685308326e+002  1.2940824685308326e+002  1.2940824685308326e+002
  1.1180475307624936e+004  1.0071184897473611e+004  9.2760824059863626e+003  4.3242791772123273e+003  4.3242791772123273e+003  3.4755471602589969e+003  2.5434327902591613e+003  1.8467468708575943e+003  1.1501564380976342e+003  6.8730046153246803e+002  6.8730046153246803e+002  4.6785719551700458e+002  3.4936585269234274e+002  1.3205073406142401e+002
  1.1853851866595342e+004  1.0665429885675310e+004  8.5580700851054044e+003  4.0031491656631551e+003  4.0031491656631515e+003  2.5122609020301279e+003  1.5814507797010483e+003  1.3653593950238501e+003  1.3653593950238501e+003  1.3653593950238501e+003  1.0103045418448928e+003  7.9317736413445891e+002  7.9317736413445891e+002  7.9317736413445891e+002
  1.2255791716387543e+004  1.0776184774515013e+004  9.1674472200737546e+003  5.4585453721353479e+003  3.4881774757611092e+003  3.4503718292499834e+003  2.7839771469205116e+003  1.8573517298803126e+003  7.9324795149406054e+002  7.9324795149406054e+002  5.7660337662049642e+002  5.7660337662049642e+002  3.5995880174693957e+002  3.5995880174693957e+002
  1.2295203508357617e+004  9.6133670561974341e+003  8.9152444657882206e+003  4.6416912553088059e+003  4.4904477922142796e+003  2.9147115608884051e+003  2.4767102103061843e+003  1.8964156724626300e+003  1.1096121028627203e+003  7.0939789768502305e+002  6.7388951124966843e+002  4.5657439261875697e+002  4.3796708067415602e+002  2.3884995507407439e+002
  1.1349074322006029e+004  1.0003333058578912e+004  9.1601155787498246e+003  4.4227323682607530e+003  3.5338805449517931e+003  2.5580576410230642e+003  1.3899153331598282e+003  1.1237483438990203e+003  5.8210415793438733e+002  5.8210415793438733e+002  5.8210415793438733e+002  5.8210415793438733e+002  5.8210415793438733e+002  5.8210415793438733e+002
  1.2138437101968204e+004  1.0432318706314332e+004  9.5568718209713079e+003  5.7659966343478118e+003  5.2816210309980797e+003  2.5307599558360853e+003  1.9600286846357121e+003  1.4465126834651091e+003  1.4465126834651091e+003  1.1504184613867073e+003  1.1504184613867073e+003  6.9034061357889368e+002  6.3814436638644111e+002  4.6818276571132810e+002
  1.1700083416437985e+004  1.0711241775039656e+004  9.1134393852968278e+003  4.4231310679451199e+003  4.0640643658523586e+003  3.1543542326769712e+003  2.6989390906852350e+003  2.0464920456779910e+003  1.5107423867942052e+003  1.0769706342101817e+003  8.6089174121312317e+002  5.6545557121195452e+002  5.6545557121195452e+002  1.3169631030806704e+002
  1.1614263829751493e+004  1.0508315581198904e+004  9.0556194079562956e+003  4.4135394504979631e+003  2.8891770907515565e+003  1.4708515047119254e+003  4.5984806159402069e+002  2.4252045128299869e+002  2.4086241505528233e+002  2.4086241505528233e+002  2.4230331861817831e+001  2.4230331861817831e+001  2.4230331861817831e+001  2.4230331861817831e+001
  1.2372849216006056e+004  1.0408269320218729e+004  8.9253747058718945e+003  3.3322338995568716e+003  3.0932269218819310e+003  2.6830902490505032e+003  2.0561493943192727e+003  1.4831088787520348e+003  1.0907129809281396e+003  6.6271672248149116e+002  6.6120894456301539e+002  4.4332175702849054e+002  4.4332175702849054e+002  4.4332175702849054e+002
  1.2530647996732168e+004  1.0043288576102475e+004  9.4331169926365710e+003  6.2403584912060669e+003  4.0308912779445200e+003  3.3161318017000667e+003  2.0959727711417763e+003  1.0413166708242097e+003  8.0795663387601599e+002  4.5153289709513047e+002  4.5153289709513047e+002  4.5153289709513047e+002  4.5153289709513047e+002  4.5153289709513047e+002
  1.1266901869559266e+004  1.0630658376745081e+004  9.3561239291132606e+003  4.5051729880338135e+003  4.5051729880338135e+003  1.9296995902978815e+003  1.5743516849770131e+003  4.5469850367037725e+002  3.5599716889422052e+002  3.5599716889422052e+002  3.5599716889422052e+002  3.5599716889422052e+002  3.5599716889422052e+002  3.5599716889422052e+002
  1.1781461946300078e+004  1.0361779809403264e+004  8.4587264798106571e+003  4.5998558176147835e+003  4.5689222135919463e+003  3.6166212082007332e+003  1.0235644621043321e+003  1.0235644621043321e+003  6.3928193836782884e+002  5.7177076741002384e+002  5.7177076741002384e+002  3.5530164177680854e+002  1.3798652314590436e+002  1.3798652314590436e+002
  1.2306895697151138e+004  9.9146842426463299e+003  9.4690570090252877e+003  4.6661296145920987e+003  4.6661296145920987e+003  1.6554274418353380e+003  1.6554274418353380e+003  1.2981702037368668e+003  1.0020634899783472e+003  6.6467698386550910e+002  6.6467698386550910e+002  6.6467698386550910e+002  6.6467698386550910e+002  2.3173873259904576e+002
  1.1554317951751367e+004  1.0424492692811265e+004  9.0853642541599129e+003  5.2185248703555662e+003  5.2185224224138474e+003  2.0070836048852580e+003  9.5505073798470767e+002  7.8489541607174397e+002  6.6639158156698250e+002  6.6639158156698250e+002  5.6203817438034457e+002  1.3978486171410623e+001  1.3978486171410623e+001  1.2320449943686981e+001
  1.2599612332174975e+004  1.0093919865013060e+004  9.1837681919064053e+003  4.6835082594526593e+003  4.6313838401003850e+003  2.3979162494592456e+003  1.9241549928841450e+003  6.6312111295481009e+002  4.4665198732160934e+002  4.4665198732160934e+002  4.4665198732160934e+002  2.2936185205088987e+002  1.1624922826111288e+001  1.1624922826111288e+001
  1.2208270833663528e+004  1.0732985613917861e+004  9.1808028523394714e+003  4.6256504615929025e+003  4.5487316521852517e+003  1.0670228342696355e+003  7.9449429699810935e+002  5.7735462760753217e+002  5.7735462760753217e+002  3.5894715462539170e+002  2.6409420125616089e+002  1.4294814014896110e+002  1.4294814014896110e+002  1.4294814014896110e+002
  1.1751634848339396e+004  9.9262457351019457e+003  8.5733491788035844e+003  5.4076271446470637e+003  3.9271047579341648e+003  3.1537654957290579e+003  2.5593563307696350e+003  1.8154817807451109e+003  8.8428217703502014e+002  2.6444574103430205e+002  2.4055878673138795e+002  2.4055878673138795e+002  2.4055878673138795e+002  2.4055878673138795e+002
