  2.4357525540585129e+002  1.5485863999935873e+002  6.6545750003755529e+001  4.5202717222015053e+001  1.9253662688150598e+001  1.2979220586607426e+001  8.1964285063654643e+000  4.8027690900062225e+000  3.9733609732402329e+000  3.9445973190508994e+000  3.6476779422350774e+000  3.4922467311271248e+000  3.1275163614313897e+000  3.1275163614313897e+000
  1.9345212155386071e+002  1.2375574744236837e+002  1.1679952421006283e+002  7.1386092853304490e+001  3.3904439017873301e+001  1.8161595639835468e+001  7.4573069371381280e+000  5.3573423605848802e+000  5.0915070864734844e+000  5.0602826135464056e+000  4.8564032562662760e+000  4.8323735807894082e+000  4.3521041788571893e+000  4.1873790026766073e+000
  5.0759341786006644e+001  4.7478050156443260e+001  4.2325986479618223e+001  3.9883599187571690e+001  2.3594583716504985e+001  4.6356659368084365e+000  2.5234368566802914e+000  2.2374645556965334e+000  1.7901625790063918e+000  1.0500956355322160e+000  1.0412144551301026e+000  1.0254408346513628e+000  1.0130849374181707e+000  9.9825001426052040e-001
  2.3252844320310533e+002  1.0109253898731959e+002  4.8740426911434497e+001  3.8226397321572676e+001  2.1800357844094378e+001  1.0230255269000281e+001  3.9513650221983880e+000  3.8340525962021275e+000  3.7316897131631777e+000  2.4856266036422312e+000  2.4610611386397068e+000  2.1598248647819673e+000  2.1456423203208033e+000  2.1416064697027650e+000
  4.1266547434724362e+002  8.8277057998193868e+001  4.8637315786468207e+001  3.3983551583585722e+001  2.1046493759009081e+001  4.8894316092373629e+000  4.7570792019346300e+000  4.6824310104225333e+000  4.6817602836786136e+000  4.6684546737219534e+000  4.4032410117129075e+000  4.3580315877611611e+000  4.3580277529395062e+000  4.2897722700731720e+000
  1.4392314349396429e+002  5.3958014173823813e+001  4.0757868869604408e+001  2.4761663126686472e+001  1.5687438486732390e+001  4.2290319212793293e+000  3.9191299023295869e+000  3.9156562796861181e+000  3.6799360867044015e+000  3.5747462105182422e+000  3.4867157442677126e+000  3.4856670169888275e+000  3.4542403091968481e+000  3.4082949316129998e+000
  2.1774719180314878e+002  1.1021677930623355e+002  1.1021677930623355e+002  2.9786673905585758e+001  2.2651413039896397e+001  6.9229957514880880e+000  6.0432259991584942e+000  4.5006605329863305e+000  4.5006604208920180e+000  3.6193377849895114e+000  3.2720665198548886e+000  3.2372211031524785e+000  3.2359063055741899e+000  3.2357467917327085e+000
  2.7009612352141357e+002  4.9877951239138838e+001  4.5166344355778620e+001  3.9908701842826304e+001  2.1884071927229343e+001  1.0597351630743105e+001  6.1307343507287442e+000  6.0878814953175606e+000  6.0077005831376482e+000  4.2030070407681706e+000  3.5054170930734472e+000  3.4739476811478198e+000  3.4406663764748373e+000  3.4294807276751271e+000
  3.4934253064487166e+002  1.2895311126869728e+002  6.3729006069859224e+001  4.1238310426617318e+001  2.1975816468136600e+001  1.9072542619621345e+001  4.9625755326651415e+000  2.0347985692619659e+000  1.3517250812301427e+000  1.3451061621913141e+000  1.3399862584692528e+000  1.3393149274916141e+000  1.3162533825779974e+000  1.2405144892845783e+000
  2.8321374375431560e+002  8.5169962147550905e+001  4.3552791322872508e+001  3.0167476811360757e+001  1.9012981169541035e+001  1.1058916474833495e+001  9.4784167691714174e+000  6.7132187099437033e+000  6.7047673097295046e+000  6.7022658396017505e+000  1.3819454112417588e+000  1.2740658561237979e+000  1.2142020416936248e+000  1.2139330322802380e+000
  2.0436430270459186e+002  8.6087458691354186e+001  6.8458593418677083e+001  5.5123623441427299e+001  3.0087545146792763e+001  1.0160635920184177e+001  7.5158041052391127e+000  5.9910122838164170e+000  4.9104276878383644e+000  4.6403225191784259e+000  2.2782889135114601e+000  2.2618210142168209e+000  2.2026612351464792e+000  2.1963176117083094e+000
  4.2124389624441210e+002  1.3201759455525053e+002  1.2019536020062742e+002  2.7768963935941429e+001  2.1334662984606439e+001  1.2918824463620240e+001  1.0317249861002892e+001  1.6562615332359201e+000  1.5270160024765573e+000  1.4909370687428236e+000  1.4797677921583272e+000  1.4784016826283732e+000  1.4769080764613136e+000  1.4167040690053909e+000
  2.2060386570495120e+002  1.0823621736915493e+002  7.2850650076983584e+001  2.8673383458071385e+001  2.2721266090563859e+001  1.4967564310746184e+001  4.5498070261064640e+000  2.7194105049661630e+000  2.6726608043391025e+000  2.1948401967470090e+000  1.6510773914515084e+000  1.3175913350255541e+000  1.3164047967493389e+000  1.3161712514797728e+000
  2.5476226868553204e+002  1.1893005837211786e+002  1.0202162535299203e+002  2.9216950316384555e+001  1.9714342148058677e+001  6.7404561194102826e+000  6.5301949220356619e+000  6.5132921749277557e+000  6.5125292427483146e+000  6.1903427684965209e+000  6.1903426619596758e+000  6.1372168342600162e+000  5.6916164641042997e+000  5.5812824827107761e+000
  5.0478935900758688e+002  2.1901766601179861e+002  5.5360653113665194e+001  3.5468389133178334e+001  2.2048634602334914e+001  1.4868450165648483e+001  1.4739498700927470e+001  8.3905252867334639e+000  8.3905222260859773e+000  8.0344965450353811e+000  6.5880999199634971e+000  5.8795693896481680e+000  5.6751141608519902e+000  5.6742730601404219e+000
  1.2793846819279361e+002  3.6838552791464281e+001  3.4185579020733257e+001  2.9421451626162252e+001  2.2796857451541200e+001  1.7151227478849705e+001  1.6884549819457334e+001  1.0762486848570006e+001  1.9216641027273909e+000  1.5247627377616482e+000  1.4044931953726518e+000  4.1353367029250876e-001  3.9169315354638456e-001  3.9141539561978789e-001
  2.8412941539376197e+002  2.1009257525655175e+002  3.0879544509860807e+001  2.6640188902139471e+001  2.0881936925593891e+001  1.2383057810179253e+001  1.0729724442977385e+001  7.0897962426706727e+000  6.0897448506343608e+000  6.0395092768117138e+000  5.8715713052147294e+000  5.8118446175562894e+000  5.4194032920827340e+000  5.4126014476983073e+000
  7.5347030482774244e+001  7.3527315960791839e+001  7.2724185317937554e+001  4.5694309616035298e+001  3.6099762095336246e+001  9.5837718635034435e+000  7.1855170453318351e+000  6.3327147496179350e+000  4.8604234140821063e+000  1.8694706253104414e+000  1.8634128056783084e+000  1.8526369321716629e+000  1.8450155954483307e+000  1.8369450967161356e+000
  2.4913067608085794e+002  1.2472308084184033e+002  5.5425977122080440e+001  2.6797004740268221e+001  2.2355982028497692e+001  2.0344097411595158e+001  1.3066815085890994e+001  3.0093127982613623e+000  2.5714689103297133e+000  9.1108711683955335e-001  4.8210191530824886e-001  4.5054615865547021e-001  4.1803146619213294e-001  3.9291822013728961e-001
  3.0524537370435382e+002  1.8366545243600694e+002  1.1079384695092494e+002  4.0166975692466622e+001  1.6233945737703380e+001  9.3166551207809789e+000  8.3494118477296979e+000  8.2620424863866901e+000  6.3308470083634347e+000  4.4072223314278745e+000  4.2617623908718087e+000  4.2162671047526601e+000  4.1844347844416916e+000  4.1780462390033790e+000
  1.8761273735276927e+002  8.7835545129252750e+001  7.7273747609871407e+001  2.5211498901478990e+001  1.4684918545668552e+001  5.5338911725266371e+000  3.1736722370224015e+000  3.1682773031711804e+000  3.1569730531250570e+000  2.5496822957315999e+000  2.5420604413902765e+000  2.5091235486302139e+000  2.4494998120671880e+000  2.4494974503145386e+000
  2.4533187454920153e+002  1.2495096256183115e+002  7.3791863165757150e+001  4.6391120636257256e+001  1.7819688594000127e+001  3.7967078240258161e+000  2.9672374415240483e+000  5.6302530700077114e-001  4.8902945659619945e-001  4.5656782716514499e-001  4.5511430260285124e-001  4.5459193562101063e-001  4.5339978862921271e-001  4.5290115288753441e-001
  3.6276313537433134e+002  1.9337851508791346e+002  4.3886661726169223e+001  2.6709058763581197e+001  1.8317789752195949e+001  3.1729001402477479e+000  2.9893849256641261e+000  1.5730412801081002e+000  1.3685777335222156e+000  4.8975820056284647e-001  4.3047197111764035e-001  4.2347491316786545e-001  4.2270986106723285e-001  4.2172906242512909e-001
  2.2060386570495120e+002  1.0823621736915493e+002  7.2850650076983584e+001  2.8673383458071385e+001  2.2721266090563859e+001  1.4967564310746184e+001  1.0829057713211114e+001  3.5351104032283729e+000  3.0844091026642673e+000  3.0808344083739030e+000  2.9189981298845851e+000  2.8933208596458826e+000  2.8930836674348939e+000  2.8926639598307702e+000
  5.9313086356400163e+001  5.4980839749651750e+001  5.3466778449212597e+001  2.8114393790446684e+001  2.1327667718559951e+001  1.2581105219614074e+001  3.1814457590307939e+000  5.1751132298659286e-001  3.9364884241831533e-001  3.8853363374028049e-001  3.8454470472743196e-001  3.5818998946660940e-001  3.5375107328945887e-001  3.5374239748807668e-001
  3.0194067742620246e+002  1.7516934517775553e+002  1.1811654625486017e+002  3.6967495356335348e+001  2.1346064568844213e+001  4.0868975826706446e+000  3.8648425551673427e+000  3.7966580272245665e+000  3.3177761277538593e+000  3.1872144113958711e+000  3.1872144113958711e+000  3.1692048025006443e+000  3.0422170909573651e+000  3.0406581116226334e+000
  1.7977433566386981e+002  1.1116332134793993e+002  6.1018129841151676e+001  2.8808609139322016e+001  1.5900731366938089e+001  3.3205425866567566e+000  2.6638549286171838e+000  1.1872990021875012e+000  3.9711703822831623e-001  3.8860146296474340e-001  3.8770091495007364e-001  3.8656931517243720e-001  3.8635616092278724e-001  3.8619945769823971e-001
  3.4228482159938085e+002  1.1230269457947088e+002  5.8213873681608675e+001  4.1593746179515620e+001  2.2219476211946130e+001  1.8054482699508299e+001  1.2365788210381197e+001  4.0675202468682983e+000  3.6473797310409282e+000  3.2734797286320827e+000  2.0118311911592173e+000  2.0118252996544470e+000  2.0118251697299456e+000  2.0118249807201209e+000
  3.6166663141715117e+002  6.0988119279284092e+001  5.7606454401447536e+001  3.4218782297197322e+001  9.1800335202847236e+000  7.6683089812004255e+000  3.0072266339961971e+000  2.7420647779140381e+000  2.6449579144386917e+000  2.5948638580916850e+000  2.4506653617117991e+000  2.4497137170287715e+000  2.4489808277985503e+000  2.4487245587729376e+000
  2.9248122297144846e+002  1.1968116412429436e+002  8.5939965500950620e+001  5.7768397344272216e+001  3.3618751843383961e+001  2.3586609237274388e+001  2.3262282055301512e+001  2.1701282171416551e+001  2.1628558814185908e+001  2.1596724853754495e+001  2.1590844478652343e+001  2.1590514695210913e+001  2.1581511119771221e+001  2.1574768149070678e+001
  3.1808259484065593e+002  2.2242469679615624e+002  8.0040278501212470e+001  3.7407527403157928e+001  1.4759333290183804e+001  6.0812550594905588e+000  4.9193711183916093e+000  3.8354003455110615e+000  1.3516480523567225e+000  1.3355996399695869e+000  1.2082949705400097e+000  1.2067694944253162e+000  1.2061657701660806e+000  1.2053173779804638e+000
  1.2698713320800516e+002  1.2603964631950703e+002  1.2396327898185564e+002  8.2061971515912774e+001  4.2687946404264949e+001  8.8509442456202123e+000  4.2680615583099097e+000  3.0051033723834735e+000  2.9197757452434416e+000  2.9197757349838867e+000  2.8160615038004835e+000  2.8160615037991192e+000  2.8160615037991192e+000  2.8145675501418737e+000
  2.5705268629428883e+002  1.1242125001753857e+002  8.4464428286167731e+001  5.7018329535928842e+001  1.8880584901018210e+001  1.2118555592185203e+001  9.3891251591444416e+000  7.8482864158950179e+000  5.9803119101970879e+000  5.8950242791106575e+000  4.3295269970581103e+000  4.1145059389741618e+000  3.9428195377549855e+000  2.3781141353547355e+000
  2.3093178199510385e+002  1.1215504047767081e+002  9.0473230925699227e+001  3.9138699449989417e+001  2.9055444951511163e+001  2.2071961973388170e+001  2.1709811472745059e+001  2.1441850811257154e+001  2.1440985441104658e+001  2.1440804883187866e+001  2.1440804778845632e+001  2.1362656887706180e+001  2.1292471087163904e+001  2.0795705688787166e+001
  2.6821281886981251e+002  1.7915768506981658e+002  1.3539084429167588e+002  6.3031390583940720e+001  2.1524206520974076e+001  6.4165949174457637e+000  3.4068667797373564e+000  2.9026534413142144e+000  9.3326905109415748e-001  4.2782955804659650e-001  3.8248403887973836e-001  3.7334352750167454e-001  3.7056831463496565e-001  3.6973054267764383e-001
  3.4025666784306668e+002  2.6509877241095228e+002  1.2460034050567583e+002  3.0098846859064452e+001  1.8714653393351455e+001  5.6771509561131097e+000  4.9026480929537684e+000  4.3963114680896069e+000  4.3627512517991818e+000  4.3389114888923359e+000  4.3367133848178128e+000  4.0663201185825528e+000  4.0656426450655090e+000  4.0234851971122225e+000
  1.4239323543675528e+002  6.1073442887788133e+001  4.9263083449745409e+001  3.2921265246124676e+001  1.4827023972095503e+001  8.8618694973665697e+000  7.5247947950788330e+000  4.6160195370757720e+000  3.0023376608892249e+000  2.9114092669387901e+000  2.9064005461018496e+000  2.4126455517771319e+000  2.4060511256484460e+000  2.0658111610978267e+000
  3.5212254238069227e+002  1.7897845565595435e+002  1.1214991321640309e+002  2.5621881392382420e+001  1.9647446781397775e+001  8.9985539152075944e+000  4.4631236294694645e+000  3.7056728717880105e+000  3.3653243755370568e+000  3.3452543433486426e+000  3.3419050635056919e+000  3.3035487181332428e+000  3.3033777438708967e+000  3.3033215726882190e+000
  2.9327639812308553e+002  1.6409885761878331e+002  3.3082912422204572e+001  3.0326893815908988e+001  2.1268800054965595e+001  4.5501195778792862e+000  3.3615471405587414e+000  3.2079383323539332e+000  3.0521928299835963e+000  3.0350380112613493e+000  2.9187510472420399e+000  2.8958085555691468e+000  2.8109670165945317e+000  2.8061908486793072e+000
  1.7620050747414371e+002  9.1811901153494546e+001  7.5805685769317279e+001  3.8355864469814605e+001  2.1378352439071932e+001  1.4554325593487647e+001  1.2594191745628450e+001  1.1988757763611829e+001  7.6285549742447074e+000  7.5240721891100293e+000  4.7509587363028913e+000  4.0349998870105992e+000  3.8002824132936439e+000  3.7382972414657161e+000
  2.0627391147480103e+002  1.3219803034529923e+002  4.7586652957107617e+001  2.5994155915943338e+001  1.3024769800348167e+001  4.9147166853631461e+000  3.7767979842446948e+000  3.4611430049603769e+000  3.0993992080420867e+000  3.0975688562589312e+000  3.0961497161047191e+000  3.0952865425470009e+000  3.0950355250397479e+000  3.0947738782861052e+000
  1.7791952965936889e+002  1.3183876843074540e+002  7.4571147052355627e+001  4.4299469090372440e+001  1.8989483993304475e+001  4.1897144948911773e+000  1.9281707746263237e+000  6.5777231612901232e-001  4.1071119495745734e-001  3.8852167470304266e-001  3.8734785718315834e-001  3.8362001812038216e-001  3.8314254202123266e-001  3.8314192612187981e-001
  2.7126767085928759e+002  1.2289024401748838e+002  1.1505458676510352e+002  3.8018893988728450e+001  2.2185509898368309e+001  1.3438116677434209e+001  8.9258517494672560e+000  5.8895818237442654e+000  5.5827176928210065e+000  5.3668081446362521e+000  4.2260699658086196e+000  3.9674927571472836e+000  3.7454018833382179e+000  3.7175053822097652e+000
  2.7600618166930417e+002  9.7295021401560007e+001  5.4339390404529695e+001  3.3684078744953240e+001  2.1424920603809824e+001  1.5126044709309099e+001  1.4888767132778412e+001  1.3017907410887801e+001  7.7289760536018548e+000  6.0301022125026975e+000  5.9855891559132033e+000  5.9572280477445929e+000  5.9377821560169650e+000  5.9376156512817033e+000
  3.5555807314491267e+002  1.2201521889363403e+002  1.1345732761472391e+002  6.0873938306416221e+001  2.0024617538540042e+001  7.1848410509605856e+000  4.0627355806145715e+000  3.2378904759443685e+000  2.8345193820241548e+000  2.5391352847168491e+000  2.5113969107451339e+000  2.5113969107246703e+000  2.5113969107237608e+000  2.1487155819690997e+000
  3.3923488955475887e+002  3.2393641268764895e+001  3.1150610431432597e+001  2.8951421795760325e+001  2.1976584607146833e+001  5.8956217770523835e+000  3.5095009363071767e+000  3.3314437515750797e+000  3.2778995456396842e+000  3.2773402464054016e+000  3.2773034982510580e+000  3.2489070606020505e+000  3.1125246924193561e+000  3.0854573510855516e+000
  3.2891674233914046e+002  8.4220760544415043e+001  3.8444135647657731e+001  3.4114657342300688e+001  1.4586700677463341e+001  4.9720328445146151e+000  4.8638323478221537e+000  4.7627061998114186e+000  4.3669997982415225e+000  4.3429544600289773e+000  3.2726104468856647e+000  3.1870575931775420e+000  2.4652485575943501e+000  2.4652409674781666e+000
  3.6928352434180306e+002  2.2337275012229884e+002  1.9107672989510911e+002  1.7286804292600573e+002  7.8758297185046104e+001  1.4659813998271602e+001  1.1749821531316229e+001  7.8882266955938576e+000  7.4684168934695663e+000  7.4665324760117073e+000  6.9219353087364652e+000  3.9545599201096593e+000  3.8600797219705782e+000  3.8600773365392342e+000
  2.5167984565675397e+002  9.7168046414651144e+001  7.3384500580415079e+001  6.1548273521624196e+001  2.4349469338493236e+001  1.0911995255768034e+001  1.0498275109471706e+001  4.5829607102255068e+000  4.5819533686853902e+000  4.5437107160360029e+000  4.5386820253675069e+000  1.4917262260405550e-001  4.5892054047726560e-002  3.0822939614608913e-002
  1.2237901228899182e+002  1.0828545090659645e+002  3.7196468360510607e+001  3.0699415360280909e+001  1.7973109403402759e+001  1.1763009850537401e+001  1.0468220836517503e+001  5.2182686375899721e+000  5.1173548336346357e+000  5.1141820377838485e+000  5.0307935810046729e+000  4.9583304590855732e+000  4.4102546115468613e+000  2.5695302290050677e+000
  2.8515663904128860e+002  1.7167429751271766e+002  6.1679558615732276e+001  4.4516459911390484e+001  1.4825881194320118e+001  4.7204172038955221e+000  4.5843386973383531e+000  4.4110359501532912e+000  4.4110356394990049e+000  4.4110353020068942e+000  3.3728777347914729e+000  3.3728773363068285e+000  2.8508470402825878e+000  2.8508462023751235e+000
