  3.9380655122813550e+000  3.9314518844419126e+000  3.7538998279658244e+000  3.2196854984467791e+000  2.4463912112762500e+000  2.3827661623272434e+000  1.8740804027490867e+000  1.3274772043091616e+000  1.2384337104888345e+000  1.2384337104856513e+000  1.2384337104856513e+000  1.2384337104856513e+000  1.1627610702462334e+000  1.1627610702462334e+000
  3.8803678971623867e+000  3.7863334161079365e+000  3.7863334161079365e+000  3.4492583970748001e+000  2.9117193010822575e+000  2.3422741560905251e+000  2.3422741560905251e+000  1.9622231448804541e+000  1.8515285970197510e+000  1.8515285970197510e+000  1.8515285970197510e+000  1.8515285970197510e+000  1.8515285970197510e+000  1.8515285970197510e+000
  3.5060495301113406e+000  3.5060495301113406e+000  3.5060495301113406e+000  3.4681122642396076e+000  2.6905833884281947e+000  1.8976316061318812e+000  1.8976316061318812e+000  1.8976316061318812e+000  1.7209407545619797e+000  1.6722324645829758e+000  1.5432117150708109e+000  1.2647871183080497e+000  1.2647871183080497e+000  1.2647871183080497e+000
  4.1559967576572490e+000  3.9426849325966487e+000  3.7239721090913918e+000  3.7239721090913918e+000  3.2502666387620138e+000  2.2621732785605673e+000  1.8626500863570072e+000  1.8388935010257228e+000  1.8354459921608850e+000  1.8207409634894702e+000  1.8207409634894702e+000  1.8207409634894702e+000  1.8207409634894702e+000  1.8207409634894702e+000
  4.2581874265224542e+000  3.6868944023151471e+000  3.6045746903087093e+000  3.1639581822373657e+000  2.6900091928300753e+000  2.5871281485763120e+000  2.5807315398651554e+000  2.5218866914326554e+000  1.4159016005708054e+000  1.4159016005708054e+000  1.4159016005708054e+000  1.4159016005708054e+000  1.4159016005708054e+000  1.4159016005708054e+000
  3.9838360620676667e+000  3.7564595407345678e+000  3.7512271424564005e+000  3.6864091321217529e+000  3.0389672666472052e+000  2.6063342559154989e+000  2.0753083333959239e+000  2.0124059507252241e+000  2.0124059507252241e+000  2.0124059506458707e+000  2.0124059506197227e+000  2.0075175747053891e+000  2.0075175747053891e+000  2.0075175747053891e+000
  4.1061599930428656e+000  3.5317014137783644e+000  3.5317014137783644e+000  3.2117941293006425e+000  3.0448396351223437e+000  2.6388759145277163e+000  2.1327234199561644e+000  1.8793351880767659e+000  1.8793351880767659e+000  1.8793351880767659e+000  1.8793351880767659e+000  1.8793351880767659e+000  1.6213121337498251e+000  1.2971886503196401e+000
  3.6419795428864745e+000  3.3702500782571860e+000  3.3021537678966979e+000  2.8594420392287248e+000  2.5244278454413234e+000  2.5244278454413234e+000  2.5244278454413234e+000  2.5244278454413234e+000  2.5244278454413234e+000  2.5244278454413234e+000  2.5244278454413234e+000  2.2235542026794519e+000  2.2235542015048395e+000  2.2235542002208604e+000
  3.9849433961958312e+000  3.6726112797209680e+000  3.5207698869417072e+000  3.3656803305900667e+000  2.6570008972730648e+000  2.0186101399224299e+000  1.6985703919845037e+000  1.6985703919845037e+000  1.6985703919845037e+000  1.6985703919845037e+000  1.6985703919845037e+000  1.6985703919845037e+000  1.6985703919845037e+000  1.6985703919845037e+000
  3.9810087414468853e+000  3.7634133110727817e+000  3.4527007631822926e+000  3.3764804371826358e+000  2.7856115254442102e+000  2.7443305944466374e+000  2.2020773765875674e+000  2.2020773765875674e+000  2.2020773765875674e+000  2.2020773765875674e+000  2.1274731499627251e+000  1.0517631012764923e+000  1.0517631012749007e+000  1.0517631012746733e+000
  4.1296727062269838e+000  3.9331549258354244e+000  2.8116074529521029e+000  2.8116074529521029e+000  2.5266418082346718e+000  2.4217225975444308e+000  2.4217225975444308e+000  2.0966766122403442e+000  2.0966766122403442e+000  2.0966766122403442e+000  1.6502822769948580e+000  1.3239067741553754e+000  1.1513726829978168e+000  1.1513726829978168e+000
  3.6394658827841795e+000  3.6394658827841795e+000  3.5868967866808816e+000  3.5745870423620545e+000  2.6703076928433802e+000  2.6703076926135054e+000  2.6703076871929170e+000  2.4049070347925863e+000  2.4049068553968027e+000  1.6643275373628512e+000  1.6643275373628512e+000  1.6643275373628512e+000  1.6643275373628512e+000  1.6643275373628512e+000
  3.8563320288396881e+000  3.5402368403622404e+000  3.5402368403622404e+000  3.4478578918080984e+000  3.0879485758750889e+000  2.6246353219605680e+000  1.9448009943628222e+000  1.9448009943628222e+000  1.9448009943628222e+000  1.6677746764812582e+000  1.5727362384488970e+000  1.5635463954913575e+000  1.5496424813784415e+000  1.5496424813784415e+000
  3.9525535051977840e+000  3.3708499425674745e+000  3.3708499425674745e+000  3.2576432866640062e+000  2.7773641957485324e+000  2.5296734789008042e+000  2.1160656504735016e+000  1.9073444333741918e+000  8.0731612957629295e-001  8.0731612957629295e-001  8.0731612957629295e-001  8.0731612957629295e-001  8.0731612957629295e-001  8.0731612957629295e-001
  3.9510533450770708e+000  3.9510533450770708e+000  3.6246750771954339e+000  3.3987426700477954e+000  2.5796902082088309e+000  2.5796902082088309e+000  1.3427466725268005e+000  1.3427466725268005e+000  1.3427466725268005e+000  1.3427466725268005e+000  1.3427466725268005e+000  1.3427466725268005e+000  1.3427466725268005e+000  1.3427466725268005e+000
  4.2283196595012669e+000  3.7640556458525225e+000  3.2534018043274955e+000  3.2534018043274955e+000  2.9595808959047645e+000  2.6597540021182340e+000  1.5829726828910680e+000  1.5829726828740149e+000  1.5829726828610546e+000  1.1138744621525802e+000  1.1138744619720455e+000  1.1138744618831424e+000  1.1138744616987424e+000  1.0588585942255122e+000
  4.1901293616419935e+000  3.9355497652979921e+000  3.6819892873254503e+000  3.2841760250983043e+000  3.0919822127127645e+000  2.5234697034277360e+000  2.1337463228576325e+000  2.1337463228574052e+000  2.1337463228574052e+000  2.1337463228574052e+000  2.1337463228574052e+000  1.9234820258243417e+000  1.8761246526523792e+000  1.6479841895852587e+000
  4.1913339787226960e+000  3.9821708634551669e+000  3.7858365069571391e+000  3.7058892739576095e+000  3.2635260846807341e+000  2.8687213040964252e+000  1.5371849559080601e+000  1.5371849559080601e+000  1.5371849559080601e+000  1.5371849559080601e+000  1.5371849559080601e+000  1.5371849559080601e+000  1.5371849559080601e+000  1.5371849559080601e+000
  3.9233281382603309e+000  3.7450248202442253e+000  3.7450248202442253e+000  3.6911324178706764e+000  3.5034483014808302e+000  2.9344167458987158e+000  2.2580632124754629e+000  2.2580632124754629e+000  2.2580632124754629e+000  2.2580632124754629e+000  2.2580632124754629e+000  2.2580632124754629e+000  2.1755674245268892e+000  1.6942431386821681e+000
  4.0711552524571744e+000  3.9574427251166071e+000  3.7967436279670892e+000  3.5931299003423192e+000  3.5931299003423192e+000  3.0784075998183198e+000  2.4271885423111144e+000  2.4271885423111144e+000  2.3427108637574747e+000  2.1467333185905773e+000  1.9334834496294206e+000  1.9150872027028072e+000  1.7912240096814003e+000  1.5291130889800115e+000
  4.1030866576852532e+000  3.9486838452041866e+000  3.9191938121050498e+000  3.1537212504599665e+000  2.4922220112584910e+000  2.3058415626219357e+000  2.3058415626219357e+000  2.0867536568098330e+000  2.0808562553427237e+000  1.9887156791096459e+000  1.9255070557205727e+000  1.8618962508132881e+000  1.3425045962451350e+000  1.3425045962233071e+000
  4.1332162398464334e+000  3.6891505580501871e+000  3.2828438767023727e+000  2.9646728723007527e+000  2.1564397564666251e+000  2.1564397564666251e+000  2.0520973571037757e+000  1.1738128728213724e+000  1.0114544240418581e+000  9.6070284153142893e-001  9.6070284153142893e-001  9.6070284153142893e-001  9.6070284153142893e-001  9.6070284153142893e-001
  3.5884993503709666e+000  3.5884993503709666e+000  3.5884993503709666e+000  3.1392646292854351e+000  2.7052905238708718e+000  2.7052905238656422e+000  2.7052905238656422e+000  2.7052905238656422e+000  1.5282378915908339e+000  1.5281124784539770e+000  1.5281124779485253e+000  1.5278635470801873e+000  1.4305100742071772e+000  1.4305100742071772e+000
  4.1436404346939071e+000  3.8556179752074513e+000  3.5455383366042952e+000  3.3311505571114139e+000  2.9634359255408071e+000  2.9634359255408071e+000  2.8006596281716156e+000  2.5662987696393884e+000  2.5662987656548921e+000  2.5662987596356288e+000  1.7687496688647570e+000  1.7687496688647570e+000  1.7687496688647570e+000  1.6868194548089832e+000
  3.6920632337573807e+000  3.4399517744809600e+000  3.3883537121184872e+000  3.3883537121184872e+000  3.0924765035240398e+000  2.7508464761588129e+000  2.2168192868427923e+000  2.2168192868427923e+000  2.2168192868427923e+000  2.2168192868427923e+000  2.2168192868427923e+000  1.4785815128773265e+000  1.4785815128773265e+000  1.4785815128773265e+000
  4.1960337443699700e+000  3.6594555954718544e+000  3.5234450878194821e+000  3.4650287760603078e+000  1.9064986772273187e+000  1.9064986772273187e+000  1.8579929497770991e+000  1.6851958007800931e+000  1.6595478363174152e+000  1.3591802424471098e+000  1.2806084616229327e+000  1.2806084616208864e+000  1.2806084616208864e+000  1.2806084616208864e+000
  3.8668658788735684e+000  3.7832547253060511e+000  3.7832547253060511e+000  3.6024239545379260e+000  3.3451988297313164e+000  2.6850608294109861e+000  2.3761995712134194e+000  2.2154070500200760e+000  2.2153656102989316e+000  2.2153656102500463e+000  1.9969563370418655e+000  1.5023806691983737e+000  1.5023806687681827e+000  1.2785595732220827e+000
  4.1423937171130092e+000  3.6499026172498361e+000  3.6414058837685843e+000  3.4341084665652488e+000  2.6118961220752226e+000  2.6118961220752226e+000  2.4869046097917362e+000  2.3380556176548453e+000  2.2325229775660773e+000  2.1900088950642385e+000  2.1900088950642385e+000  2.1888476028434525e+000  2.1886422730688082e+000  2.1472654989258899e+000
  3.9814749641886920e+000  3.6879256931929376e+000  3.5516995423427034e+000  3.0183181151112422e+000  2.6113141179605464e+000  2.3894171272422682e+000  2.3894171272422682e+000  1.9028215022190125e+000  1.7273412348852162e+000  1.4734252265925534e+000  1.4734250889378018e+000  1.4734250889378018e+000  1.4734250889378018e+000  1.2267386129815350e+000
  4.0008238085092671e+000  3.6832391377081422e+000  3.6042503653450240e+000  3.3426726157804296e+000  3.0383363961220766e+000  2.1429735490742132e+000  1.2164102240583361e+000  1.2164102240583361e+000  1.2164102240583361e+000  1.2164102240583361e+000  1.2164102240583361e+000  4.2477392386126667e-001  3.8672464698765907e-001  3.8672464698765907e-001
  3.8796380872202008e+000  3.8796380872202008e+000  3.6841100270632978e+000  3.6841100270632978e+000  3.4814985137575150e+000  3.0704893242796061e+000  2.5467975554579425e+000  2.2053193771130282e+000  1.7828098314075760e+000  1.7828098312509155e+000  1.7828098312509155e+000  1.5826890623004601e+000  1.5191966920488085e+000  1.5143175210771460e+000
  4.0515844510794068e+000  3.6437614466794912e+000  3.5138635541643453e+000  3.4499808588404903e+000  2.9621704014900843e+000  2.6880796886744065e+000  2.6030235054126933e+000  2.5847125715108632e+000  2.5685965782276980e+000  2.5685964710605731e+000  2.5685964710605731e+000  2.5685964710605731e+000  2.5685964709566633e+000  2.5685964684407736e+000
  3.8775944814992727e+000  3.7801663579534761e+000  3.4612340983007925e+000  3.3204580907442960e+000  2.6012347507510185e+000  2.6012347507439699e+000  2.6012347507439699e+000  2.6012347507439699e+000  1.7623550131900174e+000  1.7623550131900174e+000  1.4974509551166193e+000  1.3719198529113328e+000  9.3775329676441288e-001  9.3775329675554531e-001
  4.1847087458893384e+000  3.9278249367191620e+000  3.7495668408607798e+000  3.4219401726395517e+000  2.9881485830762813e+000  2.4677224237718747e+000  1.7572416243290263e+000  1.7572416242499003e+000  1.7572416242128384e+000  1.7572416242128384e+000  1.7572416242128384e+000  1.7572416242128384e+000  1.7572416242128384e+000  1.7572416241480369e+000
  3.5710016455434470e+000  3.5710016455434470e+000  3.5710016455434470e+000  3.3198856389515186e+000  3.2267417749746983e+000  2.5396509069785225e+000  2.1385617178664234e+000  2.1385617178664234e+000  1.8281335643989678e+000  1.8281335643985130e+000  1.8281335643985130e+000  1.8281335643985130e+000  1.8281335643985130e+000  1.8281335643985130e+000
  4.2137640930707221e+000  3.8466714825160579e+000  3.7554544107135825e+000  3.5917441671356301e+000  3.1215761745409054e+000  2.9308379216417961e+000  2.9215114279663794e+000  2.8223371400367796e+000  2.8181307756569822e+000  2.5653417021353562e+000  2.3328207193387698e+000  2.3328207193387698e+000  2.3328207193387698e+000  2.3328207193387698e+000
  3.9330426730864474e+000  3.8608397536950179e+000  3.4707125813051789e+000  3.4517109548492044e+000  3.2685503010441153e+000  2.7109390573573364e+000  2.5272855589109895e+000  2.5147861224520511e+000  2.5147861224520511e+000  2.2031075585105100e+000  2.2031075585105100e+000  1.8562173358934615e+000  1.8562173358934615e+000  1.8562173358934615e+000
  3.9056392417689949e+000  3.8143447260767971e+000  3.4917323132876845e+000  3.1447541960169474e+000  2.7771057693291823e+000  2.1019357603474873e+000  1.5824022722108566e+000  1.5824022722097197e+000  1.5824022722097197e+000  1.5824022722097197e+000  1.5824022722097197e+000  1.5824022722097197e+000  1.5824022722097197e+000  1.5824022722097197e+000
  3.7670619538491792e+000  3.4613565212439426e+000  3.4613565212439426e+000  3.1340722014367657e+000  2.7528894276931624e+000  2.6109912268880180e+000  1.9685404293409192e+000  1.9685404293409192e+000  1.9685404293409192e+000  1.8866113969124854e+000  1.6023513312716204e+000  1.5645276410918996e+000  1.4472248113534079e+000  1.3061374173871627e+000
  3.7086051354467600e+000  3.6061896706632979e+000  3.3655086398409821e+000  3.0696426453275762e+000  2.3969251126288782e+000  1.9735820864671041e+000  1.9735820864609650e+000  1.9735820864609650e+000  1.9735820864609650e+000  1.9735820864609650e+000  1.9735820864609650e+000  1.9735820864609650e+000  1.9735820864609650e+000  1.9735820864609650e+000
  3.9821702678930251e+000  3.7528627687074732e+000  3.7528627687074732e+000  3.4360924138259179e+000  2.8199808363112879e+000  2.4727157427187194e+000  2.2463039032304550e+000  1.4380967135457468e+000  1.4380967135457468e+000  1.4380967135457468e+000  1.4380967135457468e+000  1.4380967135457468e+000  1.4380967135457468e+000  1.4380967135457468e+000
  4.1820022671759034e+000  3.6215056681107853e+000  3.5883843593730944e+000  2.8639446593217599e+000  2.8639446593217599e+000  2.2046867924939306e+000  2.2046867924736944e+000  2.2046867924550497e+000  2.2046867924545950e+000  2.2046867924545950e+000  2.2046867924545950e+000  2.1563940896462555e+000  1.8728097766279461e+000  1.7656522241766197e+000
  3.7549877128199114e+000  3.6803455834315173e+000  3.6803455834315173e+000  3.6803455834315173e+000  3.0936856567150244e+000  2.7799908032784515e+000  2.7118206451802962e+000  2.0585723394988236e+000  1.7594479030358343e+000  1.1715728396700342e+000  1.1715728396700342e+000  1.0907024745083618e+000  1.0907024743917191e+000  1.0907024740781708e+000
  4.1294377985602750e+000  4.1294377985602750e+000  3.8048959735162953e+000  3.7265961457462708e+000  3.3885303773622582e+000  2.6800190697113067e+000  1.7760931787702248e+000  1.7760931787702248e+000  1.7760931787702248e+000  9.5953473966005731e-001  5.9527965697770924e-001  4.3538585742362557e-001  4.2606851830191772e-001  4.2606851830191772e-001
  3.9810087414468853e+000  3.7634133110727817e+000  3.4527007631822926e+000  3.3764804371826358e+000  2.7856115254442102e+000  2.6587244559275405e+000  2.6587244353165715e+000  2.6587244348713739e+000  2.6587244304284923e+000  2.6587244262532295e+000  2.6587244220932007e+000  2.6587244220932007e+000  2.6587244220932007e+000  1.6167067057690474e+000
  4.0315341742291366e+000  3.4306705306610183e+000  3.4306705306610183e+000  3.1876907373659833e+000  2.7141658939094668e+000  2.5822873537210853e+000  1.5397910183905879e+000  1.5397910183905879e+000  1.5397910183905879e+000  1.5397910183905879e+000  9.9276962695557813e-001  9.9276962695557813e-001  9.9276962695557813e-001  9.9276962694898430e-001
  3.9382427403247675e+000  3.7935690677359162e+000  3.7784996869952465e+000  3.4045263237364907e+000  2.9761121950486995e+000  1.8355533709338943e+000  1.8031673532773311e+000  1.7566227767713372e+000  1.7566227682032149e+000  1.7566227682032149e+000  1.7566227682032149e+000  1.7566227682032149e+000  1.7566227682032149e+000  1.7566227682032149e+000
  4.1432702744507424e+000  3.4864215672789669e+000  3.4864215672789669e+000  3.2186059424352607e+000  2.9892430370989587e+000  2.7604797967937884e+000  2.5227674970146836e+000  2.3395325429078184e+000  2.3109725790420725e+000  2.3109725790420725e+000  2.2183149320248958e+000  2.2183149320248958e+000  2.2183149320248958e+000  2.2183149320248958e+000
  3.7768179276624778e+000  3.6532747361891325e+000  3.5885660980934517e+000  3.5878082721810642e+000  3.2706644843638060e+000  3.0683616011381218e+000  3.0683616011087906e+000  2.8327073438342723e+000  2.5487387527793999e+000  2.1643819439286744e+000  1.9814789353451943e+000  1.9814789353451943e+000  1.9814789353451943e+000  1.9814789353451943e+000
  3.9014506870039440e+000  3.8013505289907243e+000  3.6647001336932590e+000  3.5304537295855880e+000  3.0839666877425316e+000  2.5287056611341541e+000  2.5287056611341541e+000  2.5287056611341541e+000  2.0205550852795113e+000  1.7556710744445354e+000  1.7556710744058819e+000  1.7556710744058819e+000  1.7556710744049724e+000  1.5648260481875695e+000
  3.9271747178488567e+000  3.8444180194992441e+000  3.5705842162599311e+000  3.4009209592757088e+000  2.8446468270344667e+000  2.7595549895668228e+000  2.6055408402799003e+000  2.5790796805827085e+000  2.5790796805827085e+000  2.5790796805827085e+000  2.5790796805827085e+000  2.5790796805827085e+000  2.5567614845306252e+000  2.5058552784385029e+000
