  2.3012760314288479e+005  1.2047880313196349e+005  9.3471562270975584e+004  3.3513752284245144e+004  1.1281838035989917e+003  4.4181488536384950e+002  3.4550692695185626e+002  3.0907483849432265e+002  2.5671967375986196e+002  2.4128103778692002e+002  2.3768930162670313e+002  1.9473695180117647e+002  1.9002012541386239e+002  1.1545824276160829e+002
  1.5641824545392441e+005  1.0058030537171919e+005  9.9184334958840671e+004  2.2649395226245297e+003  6.8125800289035305e+002  2.6925065233636769e+002  2.6080844183364707e+002  1.4210122246063520e+002  1.4036874505868491e+002  1.3406376958395504e+002  1.3406376958395504e+002  1.3406376958395504e+002  1.3165533675016377e+002  1.2290225228936106e+002
  4.1955348833807989e+005  1.7529097979533073e+005  9.9965805594776626e+004  3.7898496514516983e+003  3.5264735110431548e+002  2.6369771477295490e+002  2.3314598952730512e+002  2.2141984811839848e+002  1.9784310882430100e+002  1.2268288608810781e+002  1.1226306083971303e+002  1.1226306083971303e+002  1.1182574046129639e+002  9.8341985344841760e+001
  5.9386799968897027e+005  1.1729245997963512e+005  6.8757177953483537e+004  5.5241421236147335e+002  4.5053163188406552e+002  3.3166989514959550e+002  3.2294245820936703e+002  2.6762444653963075e+002  2.6432595152612976e+002  1.5769565043122611e+002  1.4512790765118780e+002  1.4512790765118780e+002  1.4512790765118780e+002  1.4240728467514964e+002
  1.9780146649253176e+005  6.4624774134193576e+004  6.3757316962856712e+004  4.4378496020431521e+002  3.8296573206498488e+002  2.9584762390654441e+002  2.8275767781762215e+002  2.7591920695076215e+002  2.6965632332012410e+002  2.0707276183504473e+002  1.8916681300911523e+002  1.6556312928116495e+002  1.6410455858945761e+002  1.3836009462229367e+002
  2.5485173551397238e+005  1.0367335242786256e+005  6.7081215247026150e+004  6.6708778263702698e+002  6.5929649785336096e+002  3.9127837075454363e+002  3.7181416824494772e+002  2.5787302075967318e+002  2.4122604150402231e+002  2.4122604150402231e+002  1.9125108325746942e+002  1.8488101168524099e+002  1.7851782074741277e+002  1.4614798681970342e+002
  1.1364564071518881e+005  9.2767967123863884e+004  4.5411124904275093e+004  2.0566203666006763e+003  8.7143857123856651e+002  4.6877999592652395e+002  4.3417970875318724e+002  3.8653315045512500e+002  2.1272420681934727e+002  1.8211666144596256e+002  1.4722959167805402e+002  1.3891144727167148e+002  1.3891144727167148e+002  1.3891123000438347e+002
  3.3357290974497324e+005  1.0458270930095643e+005  5.5702905851945659e+004  7.3682612382014167e+002  5.3825450496068697e+002  2.9259382875811616e+002  1.7685896160858738e+002  1.5712530545514664e+002  1.2524965436444700e+002  1.1151332964530775e+002  1.0893498709830146e+002  1.0893498709830146e+002  1.0778297903163093e+002  9.8578782864654386e+001
  3.3614578783856437e+005  1.3874356650157413e+005  8.6799268543025260e+004  1.6548043895482629e+003  1.5860860945399381e+003  3.1330286297898328e+002  2.9385555913383541e+002  1.9815739328369727e+002  1.3718312629338925e+002  1.3335525388013730e+002  8.4923403894074454e+001  8.0210373822591464e+001  7.9392519231187180e+001  7.9392018835555973e+001
  2.6964177803816204e+005  1.0533019467147060e+005  8.9289393506326160e+004  3.3623952744369126e+002  3.3623952744369126e+002  3.3341071030469993e+002  2.3667055542235130e+002  1.9884998230861083e+002  1.9884998230861083e+002  1.6846692328056815e+002  1.6777865042831036e+002  1.6751171183410406e+002  1.4657876985122402e+002  9.3017776543165837e+001
  9.6870531197408607e+004  8.9189856956117728e+004  8.9189856956117728e+004  2.7169020075661820e+003  1.3348188981006397e+003  1.8389044319693539e+002  1.1885598995582723e+002  9.3002210514819126e+001  9.3002210514819126e+001  8.6259913973966377e+001  8.6259913973966377e+001  8.6259913973966377e+001  7.9525794745910844e+001  7.9125290739156299e+001
  1.6872339739645386e+005  1.1577399244684367e+005  6.1003081663533194e+004  6.5460461106391722e+002  5.4588046129126360e+002  2.9650101397554909e+002  2.9650101397554909e+002  1.5269233414446717e+002  1.5269233414446717e+002  1.4952729272165470e+002  1.4824251853224496e+002  1.4824251853224496e+002  1.4824251853224496e+002  1.1856778609501634e+002
  4.0527131625163334e+005  1.8159536258893079e+005  9.3424024673889799e+004  4.8264059016377587e+002  4.7020690710244617e+002  4.5617882354096309e+002  3.6404110412950513e+002  2.0949463310758119e+002  1.8521953694548301e+002  1.7274559392412448e+002  1.6760183869423872e+002  1.6550253021816752e+002  1.6550253021816752e+002  1.4703571206972310e+002
  2.6914524437710200e+005  1.0243023027177101e+005  6.8354740287795430e+004  5.8810606424436446e+002  5.2844062525370327e+002  5.0256296323614606e+002  1.9607605391761899e+002  1.9607605391761899e+002  1.2426038426378909e+002  1.2426038426378909e+002  1.1046767094210918e+002  1.0862600507683374e+002  1.0862600507683374e+002  1.0693546457306002e+002
  9.7675841810402766e+004  9.4761748678479897e+004  7.5328244026689004e+004  2.8393348585654861e+004  1.5458759611586720e+003  3.5116096735226256e+002  3.2313854155951958e+002  2.6439040893161382e+002  2.5130256728894483e+002  2.2427776871353035e+002  2.1807064980584710e+002  2.1452656866526831e+002  2.1343970811434428e+002  1.8715801123217580e+002
  2.2364246660463227e+005  1.1055536150461166e+005  9.8988306138906890e+004  1.4228140372539206e+003  7.6534742217488747e+002  3.7537789195331743e+002  2.5060616439594105e+002  1.6423759544566474e+002  1.5403276696223475e+002  1.5403276696223475e+002  9.6543480685225859e+001  9.6383746986855840e+001  9.6383746986855840e+001  8.3731940070663768e+001
  2.3153579839225387e+005  1.1599120416961804e+005  5.3349777051189456e+004  1.0478029914517010e+003  4.4832676827191108e+002  3.7720301202564360e+002  2.1255264810394783e+002  1.5979776553808142e+002  1.4418058371832967e+002  1.3052059839263802e+002  1.3006272719953222e+002  1.3006272719953222e+002  1.3006272719953222e+002  1.2777848688491349e+002
  2.6975068685464928e+005  6.7229972870557191e+004  5.5702971066292965e+004  1.4198837017194201e+003  9.6746146915580357e+002  4.5055257347002134e+002  2.8762798241212658e+002  2.8065452747718427e+002  2.6490345379541850e+002  2.4089444417300683e+002  1.9829122822698491e+002  1.5159192029202541e+002  1.4390667937291528e+002  9.9190301117087074e+001
  2.3280715272808619e+005  1.1923056825012719e+005  5.8118461941364214e+004  3.2273611039458274e+003  7.0099687945867754e+002  3.2139829000898862e+002  3.0745111282707239e+002  2.6091765978477406e+002  2.6083402779336348e+002  2.0880610654901920e+002  1.8387592609573767e+002  1.7671225613095703e+002  1.7671225613095703e+002  1.7642282373427679e+002
  1.8447563340460978e+005  1.3103909804068922e+005  6.4098847082629101e+004  1.5658416947291647e+004  1.7346289204915329e+003  3.0885949962207769e+002  2.5738096414123765e+002  2.4646065148095067e+002  2.3699246898456158e+002  2.3699246898456158e+002  2.3600578710758464e+002  1.6575644049792891e+002  1.6441483041994798e+002  1.3535068756878354e+002
  3.9638292843988462e+005  9.6664020749305913e+004  8.9719643131530625e+004  1.1801852599337440e+003  8.7349070806550480e+002  4.1061995613852741e+002  2.8175875443828500e+002  2.8175875443828500e+002  2.7146239395663770e+002  2.6425045170648991e+002  2.5363215165686370e+002  2.4943556458010153e+002  2.2302358828966771e+002  2.1140578783260844e+002
  3.0753474982988753e+005  1.3832471489955991e+005  6.6690448170072195e+004  7.1140858334899303e+002  5.6918794244651599e+002  4.1865776725183332e+002  2.8232904813024015e+002  2.0489956254112712e+002  2.0198548637547265e+002  1.9399633268799835e+002  1.9114540429482850e+002  1.9114540429482850e+002  1.6356545532908831e+002  1.5807502145154012e+002
  1.9681842644503989e+005  6.0667373593276774e+004  5.0129501777226098e+004  3.5969942643000486e+003  1.7697757512642679e+003  8.0268408597579582e+002  3.9754249238639704e+002  2.6302334945708026e+002  2.5081442369175193e+002  2.4175387082226189e+002  1.6123490135987868e+002  1.5429908568376823e+002  1.4944108146279632e+002  8.8345345406830802e+001
  2.0575920989722930e+005  9.6980814976838199e+004  5.6281942302651849e+004  1.3884148389311122e+003  6.1331592201628428e+002  4.1594153765125748e+002  2.9271575107040462e+002  2.7316398745516108e+002  2.4210417103354894e+002  2.4210417103354894e+002  2.3583164433433240e+002  2.2595767884643556e+002  2.2027153475710884e+002  1.8822186729536361e+002
  2.9930582576439390e+005  1.3652390083254091e+005  8.4792807393091949e+004  1.4778829773771186e+003  4.6991693777811224e+002  2.9832429475645449e+002  2.8786855992357414e+002  1.9520458837496199e+002  1.5137829166318079e+002  1.5090539052134454e+002  1.4442103146360114e+002  1.4435428245389767e+002  1.4430378584861819e+002  1.3268188075526177e+002
  1.4882392021218853e+005  1.3216193402915361e+005  6.8684177157940023e+004  8.9491833011092604e+002  6.9883009018585017e+002  3.4126678067002513e+002  2.8439344317621908e+002  2.0112560100717019e+002  1.8385881090627436e+002  1.3675874543895634e+002  1.3334405021193834e+002  1.3277190962297982e+002  1.3277190962297982e+002  1.1870810444184553e+002
  3.0039178216172621e+005  8.5219085696920607e+004  8.2595901878958204e+004  1.3345640381495268e+003  6.4824987175377601e+002  4.2456652302651173e+002  2.7312043776565542e+002  1.7541371638477858e+002  1.7493077227441427e+002  1.5028094270741212e+002  1.4948043969433411e+002  1.4907200358143109e+002  1.4731337954170476e+002  1.2795259154118867e+002
  1.5639456843077380e+005  6.1106173657282525e+004  5.7921300423163724e+004  5.9713891061442891e+003  1.0097523170849545e+003  3.6746770948295762e+002  2.9992591689958772e+002  2.1182157348632063e+002  2.0327574639777231e+002  1.3556732218475418e+002  1.0436542654537152e+002  1.0397770362200299e+002  1.0397770362200299e+002  1.0380485902802866e+002
  1.4002501245990064e+005  5.9831651917995419e+004  4.5846756733570481e+004  3.3389837450054711e+003  1.5914360801624971e+003  7.2665440808201765e+002  3.4496787566328476e+002  2.9034604425365796e+002  1.2496143094440731e+002  1.2496143094440731e+002  1.2496143094440731e+002  1.2496143094440731e+002  1.2204529667589850e+002  1.1303594374545037e+002
  3.4209545936101506e+005  1.6721343317864032e+005  5.2214483833998012e+004  4.3774355228233608e+003  6.7141129396225551e+002  3.6449297092863890e+002  2.4059095608910138e+002  2.0202217272029793e+002  1.8265849430930712e+002  1.7630815411926915e+002  1.6482596590042658e+002  1.2396671119702432e+002  1.1371408423482808e+002  9.8187351503726404e+001
  1.9347407254184771e+005  1.9084428347892262e+005  1.1648227285367090e+005  7.9027923849659237e+002  5.5597398892397405e+002  3.0678125655546592e+002  2.3905800759629892e+002  2.3905800759629892e+002  1.8471459339859030e+002  1.5686407917938322e+002  1.4196424030661046e+002  1.2975775853642926e+002  1.2756010649893733e+002  1.2129553031147452e+002
  3.0612153563349956e+005  1.6202156969913957e+005  1.0997221477348563e+005  1.4899598655341283e+003  6.4396853685402357e+002  4.5622097793174498e+002  2.9423288146581035e+002  2.4247322466476680e+002  2.4247322466476680e+002  2.4247322466476680e+002  1.8341099798459345e+002  1.3901079420117139e+002  1.3712584451745988e+002  1.0666791946835019e+002
  2.1601506499010167e+005  1.6381894652729295e+005  7.9656733927089430e+004  1.7074213765354771e+003  8.1219697700943379e+002  3.5346631511017176e+002  2.0689957135770419e+002  2.0501103212107773e+002  2.0501103212107773e+002  1.9025137836380418e+002  1.8225126217692650e+002  1.7507351040441063e+002  1.7413291094814440e+002  1.7413291094814440e+002
  1.3220949917351283e+005  1.0220544210537955e+005  8.7443481620829538e+004  4.4765004509736236e+003  5.3688202085857711e+002  4.8688091047330590e+002  2.6276661387426248e+002  2.4565888875480505e+002  1.7987941048493803e+002  1.5119161395729634e+002  1.5119161395729634e+002  1.3907327649077342e+002  1.3772295603279599e+002  1.1251188948036724e+002
  1.8379081190710710e+005  5.4988764176971097e+004  5.2419812007781504e+004  7.4804819679702086e+002  6.4223217442949954e+002  3.1264787008882649e+002  1.6188540523555457e+002  1.5662659510960293e+002  1.4238610350666477e+002  1.4231362922349854e+002  1.3791677324658212e+002  1.2989373442519218e+002  1.2989373442519218e+002  1.2021842920537665e+002
  2.2665379950562326e+005  7.8618193113902395e+004  6.3711969034306414e+004  2.8596124547573108e+004  5.7162994213768598e+003  1.1879384707429763e+003  2.7583210529513508e+002  2.3112106124901629e+002  2.0271411071310376e+002  1.8114384203693317e+002  1.7391359354119322e+002  4.4318104838116824e+001  4.4318052142522220e+001  4.0283414897645343e+001
  4.7329931320601242e+005  1.1695663598454492e+005  8.3927198203674605e+004  1.1717649854513309e+004  9.6160845190647478e+002  7.0024150181814866e+002  3.7309290451737979e+002  3.6867990250298362e+002  3.0530025440851205e+002  2.8509766439842497e+002  2.8507484514317912e+002  2.1808869906495329e+002  2.1808869906495329e+002  2.1203602506636889e+002
  4.4943575578701682e+005  6.5381398199551215e+004  6.5381398199551215e+004  1.4977041637993130e+004  7.0263903296999888e+002  3.6498497628237692e+002  3.0229822589020341e+002  2.3605901297464607e+002  1.9636574248943998e+002  1.7735056337462538e+002  1.4580143925857010e+002  1.4206577430833067e+002  1.3769749085228796e+002  1.3769741799676694e+002
  3.4285207434571563e+005  1.3519607443117679e+005  6.5312175289218460e+004  6.8272471361115749e+003  1.2879913910785981e+003  3.0278959817420309e+002  2.7127450255572148e+002  2.4763095719320108e+002  2.2969699324635349e+002  2.1885324206958694e+002  1.8657764103136651e+002  1.5862984410066156e+002  1.2111445124837928e+002  1.2111445124837928e+002
  1.9649032849240178e+005  9.5906295557078978e+004  8.3814941991122585e+004  1.0161340831650700e+003  6.2172646628902112e+002  3.8754680150189415e+002  3.1802437245021292e+002  1.5808561824895651e+002  1.5749195512846836e+002  1.2012348219976366e+002  7.4953844966191355e+001  7.4953844966191355e+001  7.4953844966191355e+001  7.2109020682978098e+001
  2.8855057318255317e+005  1.0082245577635209e+005  7.2210419740916608e+004  8.5641143620257571e+002  5.9914380868725038e+002  4.3687197859755088e+002  4.3046516848594729e+002  3.5223491433697109e+002  2.0230440172578483e+002  1.7809153485602610e+002  9.1585973217390347e+001  9.0300106989657252e+001  8.8422525933345696e+001  8.7876963996528502e+001
  1.6750632638971569e+005  8.7523034103179132e+004  6.6706419652161188e+004  2.1943766674697054e+003  7.7641819462507146e+002  7.0548506108980973e+002  2.0477407685898606e+002  1.3471180228436424e+002  1.2987223475988503e+002  1.2730434255782029e+002  9.0142977731930841e+001  7.4746341290143391e+001  5.2252554794847583e+001  5.1172671193607130e+001
  2.1817016864294745e+005  9.5752834413546210e+004  7.3022045662148623e+004  9.8321995834557856e+002  8.4148654606162427e+002  4.5512330452894275e+002  2.9248540975833066e+002  1.6265324257136172e+002  1.5621378317948347e+002  1.5599914626951295e+002  1.4449540343685157e+002  1.2341295539567000e+002  1.1939037869660297e+002  9.8530481552998936e+001
  1.3157820164459315e+005  7.9833393464047302e+004  7.6116251285266364e+004  3.9752066754106827e+003  6.6164234170161808e+002  3.0751922829660543e+002  2.8864257252786319e+002  2.3920110097827865e+002  1.8268252435333397e+002  1.5428167446613907e+002  1.4950947748864883e+002  1.4950947748864883e+002  1.2895475248581533e+002  1.1716849096734904e+002
  5.9663288141666958e+005  7.0406120300656839e+004  6.6040592320128169e+004  9.9976419140380676e+002  5.6894707517379265e+002  3.1976871684432308e+002  3.1710578608629476e+002  3.1526469480819196e+002  1.8445845902430119e+002  1.8350043149439762e+002  1.5215963717698196e+002  1.5215963717698196e+002  1.5215963717698196e+002  1.5213437312921224e+002
  2.8807932149861875e+005  1.1299100459807679e+005  1.0072033503072018e+005  1.7399789368391452e+004  6.0915788587882616e+002  4.7264867481066540e+002  3.9807697492380976e+002  3.8496140944132867e+002  2.3146107301472148e+002  1.9700279786927786e+002  1.9487530540445050e+002  1.9487530540445050e+002  1.0047015768034180e+002  9.8466876906632024e+001
  2.5863980405141166e+005  1.2169548260729830e+005  9.5592206684675912e+004  1.0074872208427055e+003  5.5390876327972410e+002  2.7060263848554450e+002  1.3912697760040555e+002  1.3912697760040555e+002  1.3912697760040555e+002  1.3912697760040555e+002  1.3770693460143411e+002  1.3770693460143411e+002  1.1138651648968516e+002  1.0237393433099032e+002
  4.8746470829267940e+005  1.2260216668241440e+005  6.5153107235751959e+004  6.2552106280152984e+003  4.4769953585020412e+003  6.1556697876378121e+002  2.5107634608604621e+002  2.5107462632243687e+002  2.5107377582137269e+002  2.4681247388844349e+002  2.4357994415095663e+002  1.7934479176202103e+002  1.6072452356545682e+002  1.3921600099449051e+002
  2.1939406398801840e+005  7.3155900841174647e+004  6.8830677629660786e+004  9.8028158992787849e+002  6.7272652867272927e+002  1.4295175838480554e+002  1.2251079874102652e+002  1.1816377551840515e+002  1.0570749691803712e+002  1.0570749691803712e+002  1.0457490190189310e+002  1.0457490190189310e+002  1.0457490190189310e+002  1.0313273619700431e+002
  3.5111051225207018e+005  1.0003381324811857e+005  7.5042153940677686e+004  8.1822912475079374e+002  4.5791656502787919e+002  3.3128153936689250e+002  3.3128153936689250e+002  3.2117395785167628e+002  2.5822682189743273e+002  2.5384589496633953e+002  2.1280155934195682e+002  8.6010554742161730e+001  8.6010502621952128e+001  8.5460864263053736e+001
  4.4943575578701682e+005  6.5381398199551215e+004  6.5381398199551215e+004  1.4977041637993130e+004  7.0263903296999888e+002  3.6498497628237692e+002  3.0229822589020341e+002  2.3605901297464607e+002  1.9636574248943998e+002  1.7735056337462538e+002  1.4580143925857010e+002  1.4206577430833067e+002  1.3769749085228796e+002  1.3769741799676694e+002
