  1.2485170879524045e+008  1.1133172287387918e+008  8.0596028687305763e+007  1.4019845853927414e+005  9.1763355409408046e+004  6.1892830189611952e+004  4.2214554330722938e+004  4.2120218469397572e+004  4.1942725460803158e+004  3.9613743009994767e+004  2.4775315142421248e+004  1.2123432839023706e+004  1.2113651057455503e+004  1.2029788663596779e+004
  1.7179514026361781e+008  9.3270120593000218e+007  9.3269134073952109e+007  1.3643386347520197e+005  1.1639074363948026e+005  8.2288223715238943e+004  8.2288223715238943e+004  5.9753840697349588e+004  5.9753840697349588e+004  5.9753840697349588e+004  5.9753840697349588e+004  4.5398184691084876e+004  4.5398184691084876e+004  4.5398184691084876e+004
  1.8980188528319395e+008  6.9481331444053486e+007  6.9480408046628967e+007  4.8155287718708947e+004  4.2691133127632864e+004  4.2691133127632864e+004  4.2691133127632864e+004  4.2691133127632864e+004  4.3714762372604600e+003  4.1142555155644031e+003  4.1142555155644031e+003  4.0580018944634139e+003  3.9141000789886566e+003  3.9095906578938484e+003
  1.8974310502494797e+008  1.0613968188366948e+008  9.4229277334888250e+007  5.0155684317214284e+004  4.2956533046125442e+004  3.3597949078336518e+004  3.3423233194526780e+004  3.3028962582328357e+004  6.8238544056739865e+003  6.2951458661370671e+003  5.8991224290756018e+003  5.8991224290756018e+003  5.8991224290756018e+003  5.8991224290756018e+003
  1.6478463222491732e+008  1.0322156164978530e+008  4.5580703464385279e+007  1.1507990097125832e+005  7.9260500680352416e+004  3.0124450639550530e+004  3.0124450639550530e+004  3.0124450639550530e+004  3.0124450639550530e+004  2.2238117928295294e+004  1.7326068738594669e+004  1.7326068738594669e+004  1.6965634039809105e+004  1.6965634039809105e+004
  1.2008718969544369e+008  1.1429866548745728e+008  6.5109586445487365e+007  3.9677020816323035e+004  3.0684639756468150e+004  3.0684639756468150e+004  3.0684639756468150e+004  1.3043234275958634e+004  1.2895000988063566e+004  1.2862223697658719e+004  8.9704510977576283e+003  8.9704510977576283e+003  8.9704510977576283e+003  8.7798212222719358e+003
  3.0704864904168433e+008  1.6168693202981427e+008  1.0883459837257193e+008  1.2023250591871675e+005  6.9324701750570530e+004  2.8017168761855490e+004  2.8017168761855490e+004  2.8017168761855490e+004  2.8017168761855490e+004  2.8017168761855490e+004  2.8017168761855490e+004  2.8017168761855490e+004  2.8017168761855490e+004  2.8017168761855490e+004
  1.9137651042279324e+008  8.4855424850827590e+007  8.2947228996243939e+007  9.4572053105653104e+004  6.6561346968701851e+004  6.5140916199678366e+004  5.1966062820852909e+004  2.7082691116819678e+004  2.6860713526678272e+004  2.6857871130166994e+004  2.6857871130166994e+004  2.6857871130166994e+004  2.5001189151462873e+004  1.9906581846932102e+004
  2.2954635728616139e+008  1.3358181131556728e+008  1.0115698483680288e+008  3.8459774742584419e+005  2.2486869955550664e+005  7.0187254664942564e+004  6.5726426485622549e+004  3.4570957475962226e+004  3.4570957475962226e+004  3.4570957475962226e+004  2.7369676060678728e+004  2.7321251240484045e+004  2.7321251240484045e+004  2.7265234956183122e+004
  2.2640108722484776e+008  1.2037035366358911e+008  1.1503740676802267e+008  2.4754672659941067e+005  2.9117104625418197e+004  2.9100280971512067e+004  1.9264937994017528e+004  1.8517765436126392e+004  6.8923251772722142e+003  6.7741743567370613e+003  6.2046498866035963e+003  5.2708938104493645e+003  5.2700641339996891e+003  5.2290372388865671e+003
  1.5993373292901182e+008  1.3642868028307456e+008  1.1334557968910515e+008  1.6240924423008304e+005  4.2939033790751535e+004  8.2294652740990750e+003  8.2294652740990750e+003  8.2294652740990750e+003  8.2294652740990750e+003  8.2294652740990750e+003  8.2294652740990750e+003  5.8674867573402053e+003  5.8674867573402053e+003  5.8674867573402053e+003
  2.0179296820041963e+008  7.3277899355009153e+007  6.3893456391596869e+007  1.2564160234950148e+005  9.8550383070419834e+004  4.9509935810792857e+004  2.7963388605466029e+004  2.7953662721911667e+004  2.7580633201661884e+004  2.7553741664762776e+004  1.9342146993030205e+004  1.9342146993030205e+004  1.9068005772164761e+004  1.9068005772164761e+004
  2.6345449836467403e+008  1.4677914301647866e+008  6.8484741756905362e+007  2.0882836396681180e+005  1.3330016605403987e+005  5.6841999601926116e+004  5.6841999601926116e+004  3.1233351439470396e+004  3.1076667973732845e+004  3.0381920479089928e+004  3.0363292861710848e+004  1.5335244529913140e+004  1.5335244529913140e+004  1.5335244529913140e+004
  1.4038947911487758e+008  1.0890846644293343e+008  9.5759794139934868e+007  4.6875050551452754e+004  3.0099160276847331e+004  2.2526179346212317e+004  3.6516860726462965e+003  3.1444110412855625e+003  3.1444110412855625e+003  3.0805618050788944e+003  1.7715909536720669e+003  1.7715909536720669e+003  1.7250203259799182e+003  1.5652866173986340e+003
  1.1013786808799414e+008  6.6999456222268492e+007  5.4821307368937232e+007  6.9308870034612482e+004  5.2230732214275973e+004  4.6212614448669505e+004  1.3225702906539449e+004  1.3225702906539449e+004  1.3225702906539449e+004  1.3225702906539449e+004  1.2953469221589898e+004  9.4176246953772807e+003  9.3611866959103118e+003  9.2882426656477564e+003
  2.1882448337768793e+008  1.1123529269568385e+008  9.5778468348786950e+007  1.6949655050413261e+005  1.6949655050413261e+005  3.1152360345149355e+004  2.1425508338120140e+004  2.1376395894931647e+004  1.7171465547292300e+004  1.5959838817392148e+004  1.5959838817392148e+004  1.5956524868323937e+004  1.5947888916845601e+004  9.1467326152692913e+003
  1.7201905318377015e+008  1.3059423707830986e+008  9.7448362847072139e+007  1.6775190481398292e+005  1.1215194404719159e+005  1.1215194404719159e+005  6.5282291677380112e+004  6.5282291677380112e+004  6.5282291677380112e+004  6.5282291677380112e+004  3.7884406317457848e+004  3.7884406317457848e+004  3.2277139068267395e+004  3.2262126515743454e+004
  2.2771456557203305e+008  1.4050982612134859e+008  9.8365943211602792e+007  1.4055578232144157e+005  1.1697131912071561e+005  1.1697131912071561e+005  1.2237494739643989e+004  1.2103104600386057e+004  9.3760450816597877e+003  9.3760450816597877e+003  9.3147314162528928e+003  9.3029708181948390e+003  9.3029708181948390e+003  9.3029708181948390e+003
  1.5515280272745037e+008  1.2042668580563574e+008  5.1342961716565453e+007  7.3013344525556429e+004  3.9042445541706336e+004  2.8115336190936436e+004  2.8115336190936436e+004  2.8115336190936436e+004  2.8115336190936436e+004  2.8115336190936436e+004  2.8115336190936436e+004  2.8115336190936436e+004  1.3147445824536953e+004  1.3116790886755758e+004
  2.1025329973720872e+008  6.3626071445116416e+007  6.3626071445116416e+007  1.2885685723020505e+005  4.1108462689853171e+004  3.0743115590346522e+004  3.0743115590346522e+004  2.9429227295143191e+004  2.9400782277447175e+004  2.9400782277447175e+004  2.9370980406276725e+004  2.9370980406276725e+004  2.9370980406276725e+004  2.2131550602316202e+004
  1.7728956284417340e+008  1.7575946839109769e+008  9.2698706536678031e+007  1.7390430132821036e+005  8.8953974647454277e+004  6.9379124577178882e+004  5.0337365050267552e+004  2.7792223663991506e+004  2.4285458227742933e+004  2.4252696928809848e+004  2.3396680385507192e+004  2.3359036678360837e+004  6.8134480423892346e+003  6.7612847007285418e+003
  1.8549687545035186e+008  8.6924808053289905e+007  7.4443316285244972e+007  1.2927213904582946e+005  1.2927213904582946e+005  3.6611227139572075e+004  3.6547437753256243e+004  3.6547437753256243e+004  3.6547437753256243e+004  3.6530434342749824e+004  3.6527441127373379e+004  2.3459212442753906e+004  2.3459212442753906e+004  1.4884094560709105e+004
  1.5004253755719048e+008  7.1701092366940722e+007  3.5480545011136122e+007  1.5524910397625904e+005  1.0552619608313058e+005  9.3605774059188421e+004  9.2641643410982215e+003  8.2229656926465595e+003  7.5567744360061715e+003  7.5567744360061715e+003  7.5567744360061715e+003  6.6327034452516873e+003  6.6327034452516873e+003  6.6327034452516873e+003
  8.8096116845220685e+007  8.7997069608448789e+007  6.8419222845033661e+007  7.9806959797179603e+004  5.8261201282518581e+004  2.8363978344442690e+004  1.5458784965718874e+004  1.5443744424694396e+004  1.5443744424694396e+004  1.5443744424694396e+004  1.5443744424694396e+004  1.5443744424694396e+004  4.5016437552594780e+003  4.5016437552594780e+003
  2.1578215862916532e+008  6.6682068426694602e+007  4.8954355481999330e+007  1.0033539692201992e+005  3.9376373798745597e+004  2.3474290690836831e+004  2.3425990939004674e+004  2.3382677977766765e+004  1.6109329873589049e+004  1.3701228028757740e+004  1.3548225564144217e+004  6.1098132317229210e+003  4.0103817883607644e+003  2.8267052665248893e+003
  1.7526505193484369e+008  8.1620309592260271e+007  8.1618963667541057e+007  1.6184953259909415e+005  6.5967561239184331e+004  1.8841733971351834e+004  7.8803674139323011e+003  2.2905858418864186e+003  2.1397860123685123e+003  2.1015416243539466e+003  2.1015416243539466e+003  2.1015416243539466e+003  2.1015416243539466e+003  1.9858886376558585e+003
  1.6403848148413754e+008  7.0528262145171851e+007  3.6688414906467974e+007  1.9164792181419203e+005  6.8038553386085609e+004  6.4583258477509618e+004  2.9931424100848322e+004  2.9931424100848322e+004  2.9931424100848322e+004  2.9931424100848322e+004  1.2014608427279369e+004  1.2007907067963153e+004  1.2007907067963153e+004  1.2007907067963153e+004
  2.1066084454239473e+008  8.7775131190423474e+007  5.8343557236727670e+007  9.0315851669886688e+004  7.6094754771863809e+004  7.6094754771863809e+004  4.2755672175757558e+004  4.2755672175757558e+004  4.2755672175757558e+004  4.2755672175757558e+004  9.4822132799657466e+003  9.4657717620431704e+003  9.4642677343702453e+003  9.4056537910746993e+003
  1.7983986386698440e+008  1.0162405315654998e+008  1.0162405315654998e+008  9.7792142394088820e+004  1.4048863792057035e+004  1.2206598434340738e+004  8.5140835919595120e+003  8.4972044685041092e+003  8.4836767299444091e+003  8.4836767299444091e+003  7.2042337728507991e+003  7.2042337728507991e+003  5.0452482008634797e+003  5.0429863030632578e+003
  9.6583762706640616e+007  8.9300589506565288e+007  8.6305461208932921e+007  9.6266823599011201e+004  6.0129982941719180e+004  4.7546640692986904e+004  3.5312161808130339e+004  2.2166992801650325e+004  2.2166992801650325e+004  2.2166992801650325e+004  2.2166992801650325e+004  9.3688656795875540e+003  6.6413103487772751e+003  6.6303844162391470e+003
  1.9075086159152988e+008  1.2754582776240464e+008  5.6914058335679695e+007  6.3433440459881720e+004  2.9807222798160859e+004  2.0934960262394343e+004  2.0788689135265580e+004  2.0555840822134705e+004  1.1080796572391915e+004  1.0589002011096974e+004  1.0589002011096974e+004  1.0589002011096974e+004  5.9828290734823058e+003  5.9828290734823058e+003
  1.3610981062600994e+008  4.0362761689536929e+007  4.0362732783675045e+007  5.6732613297356002e+004  4.0149455800183496e+004  3.3421378717092353e+004  3.3356761289745584e+004  3.3356761289745584e+004  3.3356761289745584e+004  3.2834456470723497e+004  7.1933947020513588e+003  5.7773123402500678e+003  4.9332557074462056e+003  4.7568882750290832e+003
  2.0352509621481627e+008  1.0674299758597821e+008  5.9409332773897126e+007  2.6573907696059841e+005  1.5662976700829048e+005  3.3631202808161142e+004  3.3564731707616236e+004  3.3552105655410633e+004  1.8059826963871747e+004  1.7965807916788995e+004  1.0677340410922978e+004  8.0137659430209242e+003  6.1796658374002945e+003  5.1492133112824067e+003
  1.4289722465986797e+008  1.0906618720294087e+008  6.8881106917047113e+007  7.1152035047390222e+004  3.8367377030746145e+004  3.7595849953715362e+004  2.3031237414377239e+004  2.2919997672622721e+004  2.2010432640381914e+004  1.8411126499294827e+004  1.8411126499294827e+004  3.9299468834989857e+003  3.8750522820839587e+003  3.8750522820839587e+003
  1.5121622941963568e+008  9.1405412984277338e+007  5.0708810405086420e+007  1.8623856846264991e+005  1.1549433077745329e+005  5.3220416452230624e+004  4.7262221745779905e+004  4.5753018940660098e+004  4.5703376534292809e+004  1.0345055604274325e+004  7.5479410778458823e+003  4.0554552944726865e+003  4.0504278936074816e+003  4.0267622094919871e+003
  1.9447095359910905e+008  7.6304020275767684e+007  4.2002010529184826e+007  2.6018477624870517e+005  1.1766306743818676e+005  6.6526952188913419e+004  3.8917280532398938e+004  2.9037924743239069e+004  2.9025753913616074e+004  2.9024831206236613e+004  2.8969030207670017e+004  2.8964032888819060e+004  2.8964032888819060e+004  2.1789457275296561e+004
  2.8592121249509037e+008  5.4397818128345817e+007  5.4395048637284517e+007  7.5452557185752448e+004  6.4040743163057734e+004  4.3836384458380824e+004  1.5115232752489472e+004  1.5115232752489472e+004  1.5115232752489472e+004  1.5115232752489472e+004  9.8167410511430244e+003  9.6251860550553793e+003  9.6251860550553793e+003  9.6034859366528544e+003
  1.6295319926923564e+008  4.8373091062533833e+007  4.8372630579970583e+007  6.0013915215106378e+005  1.9545671730864857e+005  4.2500805836038897e+004  4.2500805836038897e+004  4.2500805836038897e+004  4.2500805836038897e+004  4.2500805836038897e+004  4.0748545085851787e+004  4.0130084886635290e+004  3.9714619776544227e+004  3.6705515184147982e+004
  1.4180612824376532e+008  3.8625713947177894e+007  3.4084346161758602e+007  4.8793955154505034e+004  3.1733813026059128e+004  3.1733813026059128e+004  3.1733813026059128e+004  3.1681844828245674e+004  3.1681844828245674e+004  3.1681844828245674e+004  3.1662577142215858e+004  3.1662577142215858e+004  1.3155835414056603e+004  1.3129310293389994e+004
  2.2112495176224461e+008  1.3102956982498308e+008  7.0860952260783583e+007  9.2765106076535551e+004  7.1486063064865666e+004  2.1747389265817150e+004  2.0974181762904427e+004  2.0945389450559982e+004  2.0939354778763336e+004  1.1059356043833823e+004  1.1006264510144469e+004  1.1006264510144469e+004  1.1002859269905282e+004  1.1002859269905282e+004
  1.2306322784927952e+008  2.4933388777053375e+007  2.4933328547517478e+007  4.6701029125729355e+005  1.7843407777812172e+005  8.2986159465938545e+004  4.5367771341805354e+004  2.4343632293677896e+004  2.0857016846053812e+004  2.0854258409534774e+004  2.0854258409534774e+004  2.0791264491150152e+004  2.0791264491150152e+004  7.6522382444146897e+003
  2.0736479234048644e+008  1.3102761369836573e+008  1.1527367619198546e+008  1.4696820751434064e+005  1.4696820751434064e+005  5.0515171387875293e+004  5.0515171387875293e+004  4.9692057553814942e+004  1.1641159378987744e+004  1.1456399542919949e+004  1.1456399542919949e+004  1.1456399542919949e+004  1.1456399542919949e+004  1.1258265249569304e+004
  1.8878659727686521e+008  9.6512388786662102e+007  9.5358913468509719e+007  3.6390403257945867e+005  2.9970784865561905e+004  2.1839117750383099e+004  1.7751103487580316e+004  1.7629844010879904e+004  8.3679729665180421e+003  8.0238440449418376e+003  7.6603893881548538e+003  7.6350029919759891e+003  7.6350029919759891e+003  7.6255687729724959e+003
  1.7661803816469374e+008  9.2091530916343704e+007  7.8324543634969696e+007  5.0190870730325274e+004  3.2948687787342024e+004  1.2373738984946474e+004  1.2373738984946474e+004  1.2373738984946474e+004  1.2373738984946474e+004  6.2748551580845578e+003  6.2166467088328318e+003  6.1199797252684730e+003  6.1170485707088465e+003  6.1170485707088465e+003
  1.9778940180239090e+008  7.6367771321156308e+007  5.6501204822350271e+007  2.9594525229785696e+005  1.6243815677500574e+005  2.6211308065599347e+004  2.6207530865071411e+004  1.9081341973616225e+004  1.9081341973616225e+004  1.6306351173843781e+004  1.6270172533201920e+004  1.6270172533201920e+004  5.8637410234038807e+003  5.8598842090914950e+003
  2.7091687518589270e+008  1.2967278930753864e+008  6.2150134704438932e+007  7.8400786210805207e+004  5.5186852884459026e+004  5.5186852884459026e+004  1.2254123885457942e+004  1.2254123885457942e+004  1.2254123885457942e+004  1.2246549372559119e+004  1.2246549372559119e+004  1.2243219270979727e+004  8.9247201048605566e+003  7.3080621007388218e+003
  2.3815585288245901e+008  9.1896396602399170e+007  7.9502510029114336e+007  7.6815571477932332e+004  5.7106374521229591e+004  3.0775446483189993e+004  3.0764024719482397e+004  1.2939074635281253e+004  1.2906519178857265e+004  1.2906519178857265e+004  1.2553614866975129e+004  1.2519039765023203e+004  5.5869980184418164e+003  5.5661039172958126e+003
  2.2073615971653095e+008  9.2020339989988148e+007  6.6027886298715256e+007  1.6627059613475829e+005  1.3103477028065635e+005  4.3096666987739052e+004  2.5622849505041380e+004  2.5622849505041380e+004  2.0405215321944273e+004  1.9625507038948206e+004  1.9625507038948206e+004  1.6103710624449697e+004  1.6103710624449697e+004  8.7706012653579310e+003
  2.3313985458099511e+008  7.2507746634713590e+007  6.3977655509414069e+007  6.9346756549784273e+004  4.2229839283208144e+004  1.6706261317523727e+004  6.9448534674002949e+003  5.5980043750064015e+003  4.4300155778605604e+003  4.3426103613340529e+003  4.3426103613340529e+003  4.3426103613340529e+003  4.2271320448033257e+003  4.2271320448033257e+003
  2.0217220352314737e+008  7.6058642993086144e+007  7.6058030054716006e+007  1.5496468096053190e+005  1.2217300868245658e+005  1.5445472623444482e+004  1.5445472623444482e+004  1.2118966732492472e+004  8.8904735458795094e+003  8.6923299386706949e+003  8.6395831303170507e+003  8.6395831303170507e+003  8.6395831303170507e+003  8.6395831303170507e+003
  2.5227707024050856e+008  1.3930448688121095e+008  6.4386604601773553e+007  3.7879095451526478e+005  2.2523229725321475e+005  1.1817369700614411e+005  4.6648844956246889e+004  4.6110992990415572e+004  3.7189761294962322e+004  3.7189761294962322e+004  3.6787597993386225e+004  3.6686369466035045e+004  3.6686369466035045e+004  3.6640899936085676e+004
