  5.7042745098937530e+002  4.0906388125167996e+002  3.4225213269774781e+002  9.0541148159142267e+001  8.1586546917653436e+001  5.1737830620865225e+001  4.7757999430310747e+001  3.8803398188823508e+001  3.8803398188823508e+001  3.8803398188823508e+001  3.7999754011189111e+001  3.7808439131730097e+001  3.7808439131730097e+001  3.7808439131730097e+001
  5.7276128427085132e+002  3.7624445708033682e+002  2.9562866716865756e+002  8.2010271542548935e+001  5.2732789723398810e+001  5.2732789723396309e+001  3.5778655439460408e+001  3.1838684789172135e+001  3.1838684789172135e+001  3.0843725732079065e+001  2.9848766674983608e+001  2.7859133892852697e+001  2.6863889503703717e+001  2.6863889503703717e+001
  5.4150335442486971e+002  4.1464712046870454e+002  3.0474162030234970e+002  1.4924341927181217e+002  5.6712580520522465e+001  5.5137294991277599e+001  3.3828587789899871e+001  2.9848756599349372e+001  2.8853797542252437e+001  2.8853797542252437e+001  2.8853797542252437e+001  2.8853797542252437e+001  2.8853797542252437e+001  2.8853797542252437e+001
  5.6449209703791234e+002  4.3528960265431670e+002  3.2140704817453548e+002  1.0298119449564774e+002  5.9697462729620725e+001  4.6763030297578780e+001  3.8803367916471188e+001  3.8803367916471188e+001  3.7808408859380279e+001  3.0909267598872816e+001  2.2884058313150263e+001  2.2884058313150263e+001  2.1889099256055943e+001  2.0894140198962759e+001
  5.4927958192119104e+002  3.4904268627319607e+002  3.1929849959827902e+002  9.6841414317441945e+001  7.9596552871531003e+001  5.2732759405604611e+001  4.7757969157957291e+001  3.8803367916470052e+001  3.7808408859376527e+001  3.7808408859376527e+001  3.7808408859376527e+001  2.6863894541522200e+001  2.6863894541522200e+001  2.4873976427335720e+001
  5.5159869486071466e+002  4.3776327270115280e+002  3.0535901243622220e+002  7.4621803200208888e+001  6.5600546683305424e+001  5.6712625951769155e+001  2.9848756599345961e+001  2.3879012332423827e+001  2.3879012332423827e+001  2.3879012332423827e+001  2.3879012332423827e+001  2.2886473920972435e+001  2.2886473920972435e+001  2.2884053275330643e+001
  6.0635602065928560e+002  3.9000094377116761e+002  2.9275339237176240e+002  8.2581404808277171e+001  5.9697482926334601e+001  3.5818510941909722e+001  3.5818510941909722e+001  3.5818510941909722e+001  3.5818510941909722e+001  3.5818510941909722e+001  3.5818510941909722e+001  3.5818510941909722e+001  3.0843720694258081e+001  3.0843720694258081e+001
  5.6108760944161349e+002  4.0979667177504484e+002  3.4087816268291817e+002  1.0291578291269241e+002  8.9512922408546274e+001  5.8702513793603430e+001  5.0742851412494701e+001  3.9798337094640033e+001  3.9798337094640033e+001  3.6813464961179648e+001  3.3828592827718921e+001  3.3828592827718921e+001  3.3682309184056749e+001  3.2833633770626761e+001
  5.9142061454987106e+002  3.9570151074958812e+002  3.0285585709633688e+002  9.3840971249069639e+001  7.1636971460177051e+001  6.8652099326719053e+001  5.7707524418719686e+001  4.2783173872490465e+001  3.8803342681937124e+001  2.3879012332423486e+001  2.3879012332423486e+001  2.3879012332423486e+001  2.3879012332423486e+001  2.3879012332423486e+001
  5.6610331878416901e+002  4.2155781098234729e+002  3.4691052957218108e+002  7.7606685409310217e+001  7.4621813275849377e+001  3.4823551884811877e+001  3.4823551884811877e+001  3.3828592827718467e+001  2.6863889503703490e+001  2.6863889503703490e+001  2.6863889503703490e+001  2.5882900575333224e+001  2.5868930446610079e+001  2.5868930446610079e+001
  5.8334808452662583e+002  4.1276252948550746e+002  3.2759027352618136e+002  1.1143522259268480e+002  4.5830490645972077e+001  3.2609209367296444e+001  2.7858843522977509e+001  2.1942911409249746e+001  1.9899176104050184e+001  1.9899176104050184e+001  1.7671014593020800e+001  1.6914303970589458e+001  1.5919344913495934e+001  1.5919344913495934e+001
  5.4916361121330488e+002  4.0821070023639550e+002  3.1462556965512522e+002  1.2934428351575366e+002  5.3727753818309907e+001  5.3727753818309907e+001  5.2732774564502165e+001  4.9747902431039961e+001  4.6763030297578666e+001  3.8803388113185065e+001  3.8803388113185065e+001  3.7493031038361551e+001  3.6813475036817294e+001  3.6813475036817294e+001
  5.6504074361652033e+002  4.2285090580094084e+002  3.0015055102594260e+002  1.1441989687769365e+002  6.3677339351421438e+001  5.2584434039743542e+001  4.7758009551386181e+001  4.7758009551386181e+001  4.7758009551386181e+001  3.2833638808444675e+001  3.2833638808444675e+001  3.2833638808444675e+001  3.2833638808444675e+001  3.2833638808444675e+001
  5.5445470752122719e+002  4.2746220467705530e+002  3.0753512725244468e+002  8.6561337165302916e+001  7.4624387227619764e+001  4.3778168285193942e+001  3.8039427184789133e+001  3.3828592827718239e+001  3.2031042145832316e+001  2.6675485761512050e+001  2.5868930446609966e+001  2.5868930446609966e+001  2.5868930446609966e+001  2.5868930446609966e+001
  5.0781739999295246e+002  3.8227169344184722e+002  3.2274393052648793e+002  8.7088399486124558e+001  5.4722717913220663e+001  5.1737840741940659e+001  3.8803388113186543e+001  3.8803388113186202e+001  3.8803388113186202e+001  3.8803388113186202e+001  3.4823556922630701e+001  3.2833638808444107e+001  3.1838679751350696e+001  3.0843720694257286e+001
  5.7224635107793461e+002  4.1810363903095663e+002  3.2939297107733637e+002  1.0347558059118160e+002  1.0347558059118160e+002  3.8803378037546963e+001  3.5185079337315074e+001  2.9848761637164557e+001  2.9848761637164557e+001  2.9848761637164557e+001  2.9848761637164557e+001  2.9848761637164557e+001  2.9848761637164557e+001  2.9848761637164557e+001
  5.7527269571286342e+002  3.8736747207690814e+002  3.3127159617795314e+002  9.3537445532691208e+001  8.4972153791596725e+001  5.0991461975753623e+001  4.5768091437200155e+001  4.5768091437200155e+001  4.5768091437200155e+001  4.5768091437200155e+001  4.4773132380108109e+001  4.4773132380108109e+001  4.4773132380108109e+001  4.1788260246646018e+001
  5.6600599992950856e+002  3.9453694050536319e+002  2.9622373200086304e+002  1.0315459351629875e+002  9.2576427770160990e+001  8.1771888129606964e+001  6.6662201409245199e+001  5.4722697716506332e+001  4.5768091437200155e+001  3.6354136601546998e+001  3.4823556922630360e+001  3.0843725732076109e+001  2.6863894541521972e+001  2.5868935484428789e+001
  5.3382953440248866e+002  4.1768797224641185e+002  3.2298809963136910e+002  1.1044021810434390e+002  8.3256878666064040e+001  5.6840267914765263e+001  4.7758004513569858e+001  4.7758004513569858e+001  4.3778173323013334e+001  4.3778173323013334e+001  3.6813469999000290e+001  3.4823551884813241e+001  3.4823551884813241e+001  3.1838679751351151e+001
  5.8803243553107541e+002  4.1965738090715308e+002  3.2748150741463041e+002  8.8551230044953741e+001  8.8551230044953741e+001  4.0793306227372113e+001  3.4823556922633770e+001  3.4823556922633770e+001  3.4823556922633770e+001  3.4823556922633770e+001  3.4823556922633770e+001  3.4823556922633770e+001  3.4823556922633770e+001  2.8853807617890538e+001
  5.0212507293336057e+002  3.9836814144811660e+002  3.2214955884771507e+002  1.1210470994929096e+002  1.0049073369225493e+002  4.7757989354672191e+001  4.0793306227371659e+001  3.2833643846263726e+001  3.2833643846263726e+001  3.2833643846263726e+001  2.9848771712802545e+001  2.9848771712802545e+001  2.8853812655708907e+001  2.8853812655708907e+001
  5.9719900951255931e+002  4.0721791367524088e+002  3.2457478161390031e+002  1.0148563215920296e+002  9.4520943994083837e+001  4.1490591941710477e+001  3.6813464961180557e+001  3.6813464961180557e+001  3.6813464961180557e+001  3.5818505904087033e+001  3.0843715656439144e+001  2.7858843522978532e+001  2.7858843522978532e+001  2.3879012332424281e+001
  5.8433732508844878e+002  3.9969576651240345e+002  3.3613489259312178e+002  1.2138466152807473e+002  4.9747922627753951e+001  4.9747922627753951e+001  4.4773132380106063e+001  4.3778173323014016e+001  3.9060107919316920e+001  2.5868930446609397e+001  2.5868930446609397e+001  2.5868930446609397e+001  2.5868930446609397e+001  2.5868930446609397e+001
  5.2881759260778244e+002  4.2120870650282995e+002  3.3111498087624796e+002  1.0447045364070277e+002  5.6712610792875012e+001  5.4522224510395063e+001  5.2732779602318942e+001  4.2783219303740111e+001  4.1788260246645450e+001  4.1788260246645450e+001  4.1269699749120718e+001  3.9798342132458629e+001  3.9798342132458629e+001  3.9798342132458629e+001
  5.0694396077539386e+002  4.0650661938410121e+002  3.2651391698331122e+002  1.0950544355118723e+002  5.7707569849966603e+001  5.7707569849966603e+001  5.7707569849966603e+001  4.8752943373946778e+001  3.8803383075365787e+001  3.8803383075365787e+001  3.4823551884812218e+001  3.2470989291673618e+001  3.1838679751351492e+001  2.7858848560797469e+001
  5.9228067658075315e+002  4.1120596681373149e+002  3.2406550227828734e+002  1.2635905912218254e+002  8.7556195055925286e+001  3.6813464961180330e+001  3.1838674713533806e+001  2.6863884465885121e+001  2.5868925408791711e+001  2.5868925408791711e+001  2.5868925408791711e+001  2.2884053275330416e+001  1.9947166062543147e+001  1.8904222084778326e+001
  5.4455916089588391e+002  4.2850983424369815e+002  3.5861969405915443e+002  1.0148564228028090e+002  5.6712625951769041e+001  5.5717666894675745e+001  4.4434926622753210e+001  4.3778173323014357e+001  3.6813469998998585e+001  3.5818510941905174e+001  3.3319376731964439e+001  3.2833633770625397e+001  3.1838674713531987e+001  2.9848756599345165e+001
  5.0714045632763191e+002  4.1544535359489987e+002  3.3173065019238948e+002  1.0553940380072174e+002  8.6561220839936368e+001  4.8752943373946778e+001  4.7757984316853594e+001  3.5818515979724339e+001  3.5818515979724339e+001  3.5818515979724339e+001  3.4823556922631042e+001  3.4823556922631042e+001  3.2833638808444448e+001  2.7858848560796787e+001
  5.7738459425739961e+002  4.2927376733475671e+002  3.2287971436825455e+002  1.1640991185675375e+002  8.6561235998831648e+001  5.0742856450313411e+001  5.0742856450313411e+001  4.9948922885671891e+001  4.6763025259759388e+001  3.9839841008919393e+001  2.7858838485158458e+001  2.7858838485158458e+001  2.7858838485158458e+001  2.4873966351698073e+001
  5.6919263463599327e+002  4.1807918484818788e+002  3.2337322222827265e+002  8.6561246074469523e+001  6.7657120072911425e+001  5.3727733621593188e+001  3.6813470969862919e+001  3.6813469998999267e+001  3.6813469998999267e+001  3.5818510941905856e+001  3.5818510941905856e+001  3.4823551884811536e+001  3.4407021403367025e+001  3.1838679751350696e+001
  5.4479363638502991e+002  3.8337233011944363e+002  3.0962587068981406e+002  9.0541148159140789e+001  7.2631915358375636e+001  4.7758014589206027e+001  4.6763055532112162e+001  4.2783224341558025e+001  4.2783224341558025e+001  4.2783224341558025e+001  4.2783224341558025e+001  4.2783224341558025e+001  4.2783224341558025e+001  3.7808434093910932e+001
  5.4297029568550056e+002  4.2436680615639261e+002  2.8607923986743708e+002  9.9495693665409135e+001  6.9647073542705471e+001  2.0894135161145073e+001  1.9899176104050071e+001  1.8904217046956774e+001  1.8904217046956774e+001  1.8904217046956774e+001  1.8904217046956774e+001  1.8904217046956774e+001  1.8904217046956774e+001  1.8904217046956774e+001
  5.8172108824215934e+002  4.0728231834058329e+002  3.1876187281945226e+002  9.4520913538834748e+001  5.3727753818307747e+001  4.5662864430565719e+001  3.7808429056092336e+001  3.7166469386415201e+001  3.1838679751350242e+001  3.1838679751350242e+001  2.7858848560796446e+001  2.6498067401520871e+001  2.1889099256055715e+001  2.0986751073066898e+001
  5.0198838980834330e+002  4.0419512643830649e+002  3.1128712789564270e+002  7.9596618682390499e+001  5.3916109899513913e+001  4.3778173323012993e+001  3.6813469998997789e+001  3.2833638808443538e+001  3.2833638808443538e+001  3.2833638808443538e+001  2.9848766674983381e+001  2.9848766674983381e+001  2.9848766674983381e+001  2.9848766674983381e+001
  5.7616583948110883e+002  4.0873361345755984e+002  2.9702542869098352e+002  1.0447051945156068e+002  8.6561301809692168e+001  4.7758004513567357e+001  3.9798342132460334e+001  3.9798342132460334e+001  3.4823561960458619e+001  3.4823561960450888e+001  3.4823561960450888e+001  3.2833643846262930e+001  3.1838684789169747e+001  2.9848766674983040e+001
  5.4299937411835708e+002  4.3674342027934631e+002  3.0979835076228642e+002  7.7606700568203678e+001  6.0692416748893720e+001  5.3727713424878857e+001  5.3727713424878857e+001  4.9086246015285383e+001  4.2783194069205024e+001  3.7808418980453894e+001  3.1838674713533464e+001  2.7858843522978077e+001  2.3879012332423940e+001  2.2884053275330416e+001
  5.7333975790094382e+002  4.2380251514660722e+002  2.7607019202788638e+002  8.8551199727163521e+001  8.5566327593701772e+001  4.2783224341559958e+001  4.2783224341559958e+001  4.2783224341559958e+001  4.2783224341559958e+001  4.2783224341559958e+001  3.9798352208098208e+001  3.6903661688239708e+001  3.4823561960450320e+001  3.2833643846263158e+001
  5.8304882363286924e+002  4.3071940888827953e+002  3.2429676368221135e+002  1.4426864922087805e+002  6.4672268136163211e+001  3.1838679751352402e+001  3.0843720694257627e+001  2.8853802580070806e+001  2.8853802580070806e+001  2.7858843522977509e+001  2.7858843522977509e+001  2.7858843522977509e+001  2.6956767214979209e+001  2.6863884465884666e+001
  5.9927697915318436e+002  3.9401523878965372e+002  3.3406156721557363e+002  1.0845035064211436e+002  5.7707579971043174e+001  3.7808424018279993e+001  3.4823551884814151e+001  3.3828592827719831e+001  3.0843715656438576e+001  2.6863884465884212e+001  2.6863884465884212e+001  2.3879012332423486e+001  2.2884053275330189e+001  2.2884053275330189e+001
  5.7431142822670608e+002  4.1635429993413527e+002  3.2279509933649524e+002  7.6611675700253727e+001  7.6611675700253727e+001  5.5717641660141226e+001  3.5818500866269233e+001  3.5818500866269233e+001  3.4854045992559122e+001  3.3828582752080138e+001  3.2091227909606687e+001  3.0843710618620889e+001  3.0843710618620889e+001  2.8853792504432590e+001
  5.7112080136152372e+002  4.0888075946688855e+002  3.2826218241820015e+002  7.3761183301141273e+001  6.1687421237234730e+001  4.3778163247375574e+001  4.0793291113914847e+001  3.7763871954851425e+001  3.4823546846993395e+001  3.3828587789900098e+001  2.9848756599346302e+001  2.4873966351698755e+001  2.4873966351698755e+001  2.1889094218237005e+001
  5.6659314173466282e+002  4.0643675322326362e+002  3.2433741295018513e+002  1.0248062153409182e+002  7.1636875331526880e+001  5.0845207413382582e+001  3.5818515979724680e+001  3.0141320753848845e+001  2.4873976427336061e+001  2.4873976427336061e+001  2.3879017370243105e+001  2.3879017370243105e+001  2.1985603248248822e+001  2.0894140198962759e+001
  5.4257620941232562e+002  4.1330674976327805e+002  3.1573973267045312e+002  8.0591572701665200e+001  8.0591572701665200e+001  4.0793301189552153e+001  4.0793301189552153e+001  3.7808429056091541e+001  3.7808429056091541e+001  3.7808429056091541e+001  3.7808429056091541e+001  3.7808429056091541e+001  3.7808429056091541e+001  3.7808429056091541e+001
  5.8776905606205764e+002  4.0947137533332898e+002  2.8409842831319816e+002  7.8601659625298907e+001  7.5964412726627074e+001  4.7757984316853026e+001  3.9798342132459425e+001  3.8803383075365673e+001  3.8803383075365673e+001  3.7808424018272376e+001  3.7808424018272376e+001  3.6813464961179193e+001  3.6813464961179193e+001  3.2833633770624942e+001
  5.4901581597582390e+002  4.1257568766657323e+002  3.1817025166774829e+002  1.0646037175488595e+002  5.8702549103775254e+001  3.5818515979724225e+001  3.4823556922632406e+001  3.0869112008143475e+001  2.8951878222389723e+001  2.7284831305487955e+001  2.6863894541522995e+001  2.4906696996411142e+001  2.4873976427336288e+001  2.3879017370242877e+001
  5.5675051129785925e+002  3.4490208668303512e+002  3.3153282906023696e+002  1.0447053461053531e+002  6.9431093808352330e+001  5.3727753818308202e+001  4.6763050494293452e+001  3.1838679751350469e+001  2.7858848560797355e+001  2.7858848560797355e+001  2.7858848560797355e+001  2.5371738928851187e+001  2.1889099256055601e+001  2.1889099256055601e+001
  5.6037530024594639e+002  3.4913806480097719e+002  3.0319977639029958e+002  7.8601669746372750e+001  6.6662191288168742e+001  5.2732779602324854e+001  4.8752948411765942e+001  4.7757989354672304e+001  3.9798347170278475e+001  3.9798347170278475e+001  3.9798347170278475e+001  3.6813475036817522e+001  3.6813475036817522e+001  3.4823561960449524e+001
  5.5438627990530972e+002  3.9388609801011876e+002  3.3390954994223307e+002  8.8838147191222561e+001  8.5566342752599553e+001  4.1788260246644995e+001  4.1788260246644995e+001  3.7808429056090972e+001  3.7808429056090972e+001  3.6813469998997562e+001  3.1838679751350355e+001  3.1838679751350355e+001  3.1118401637719217e+001  2.9848761637163989e+001
  5.4718450544009374e+002  4.1318481425583786e+002  3.2651365471698955e+002  1.2021591928346857e+002  4.9747917589935582e+001  4.5768086399383492e+001  4.4773127342287694e+001  4.4773127342287694e+001  4.1910442758319846e+001  4.0793296151733216e+001  4.0793296151733216e+001  3.6813464961179193e+001  3.6813464961179193e+001  3.4823546846992599e+001
  5.1920831751116339e+002  3.8044440993639387e+002  3.2290855153196298e+002  9.0967472562654166e+001  8.1586476023537671e+001  4.4773132380110269e+001  3.9798342132462494e+001  3.8803383075368629e+001  3.8803383075368629e+001  3.7808424018274195e+001  3.7808424018272149e+001  3.7808424018272149e+001  3.0843715656437439e+001  2.6863884465884894e+001
  5.2152823613537748e+002  4.0338931023871692e+002  3.0904887608647687e+002  9.6510654001292096e+001  4.5340049603128591e+001  3.1838679751351492e+001  3.1838679751351492e+001  3.1838679751351492e+001  2.8853802580073193e+001  2.8548622332736954e+001  2.4873971389517465e+001  2.4873971389517465e+001  2.4873971389517465e+001  2.4873971389517465e+001
