  1.0880650236928127e+010  1.6301278125661023e+009  7.4699166353161763e+002  7.4699166353161763e+002  7.4699166353161763e+002  7.4699166353161763e+002  7.0057227909416270e+002  5.4741234954449283e+002  5.4741226225458604e+002  5.3065204022114312e+002  5.3065204022114312e+002  5.3065204022114312e+002  4.8503561078986831e+002  4.5572719694941770e+002
  1.0348443823200365e+010  1.9277666391884716e+009  9.1961444745132258e+002  8.4465256990668104e+002  8.4465256990668104e+002  7.7852920913386924e+002  7.1590651567473833e+002  6.2076278292131610e+002  6.0743615526121221e+002  6.0743615526121221e+002  6.0743615526121221e+002  6.0743615526121221e+002  6.0743615526121221e+002  5.4906235443169498e+002
  8.9098205546615734e+009  1.6148948556897836e+009  9.5888251816923457e+002  9.0429381355623627e+002  8.0378610195226565e+002  7.7299239141468433e+002  6.7766627772745869e+002  6.7766627772745869e+002  6.7766627772745869e+002  6.7766627772745869e+002  6.3679751372350665e+002  6.3679751372350665e+002  6.2411490967139616e+002  5.9698841795057615e+002
  1.0079742374728878e+010  1.8117077156065843e+009  9.9453686739942395e+002  9.3458830179634242e+002  8.4907873403569329e+002  8.2594314910717912e+002  5.9202939295244414e+002  5.4651897950460989e+002  5.4651897950460989e+002  4.9321110491012314e+002  4.9321110491012314e+002  3.9323106802995699e+002  3.9323051768784626e+002  3.9322886921459849e+002
  1.0143207678935034e+010  2.0533488077528946e+009  9.7420498846019336e+002  8.4853525126414706e+002  8.4853525126414706e+002  6.9990699230890823e+002  6.9990699230890823e+002  6.4288891712447275e+002  6.4288891712447275e+002  6.4288891712447275e+002  6.4288891712447275e+002  6.4288891712447275e+002  5.7780742491997353e+002  5.4051548376723531e+002
  8.9086176456018391e+009  1.7817560636608191e+009  1.1473067728206247e+003  1.1473066769303532e+003  8.5734817080543826e+002  8.5261720884682245e+002  8.5261720884682245e+002  7.4228897575364044e+002  7.3073357605262663e+002  7.1068048895092215e+002  7.1067695384273429e+002  7.1067695384273429e+002  6.8831924841224918e+002  6.6820208692711685e+002
  9.1159770760023460e+009  1.7991305759832242e+009  1.1899433856696987e+003  1.1554041050721053e+003  9.2238895017707910e+002  6.9936202485272679e+002  5.5584003551966543e+002  5.5584003551966543e+002  5.5584003551966543e+002  5.5584003551966543e+002  5.5584003551966543e+002  5.3489429946705241e+002  5.3489429946705241e+002  4.8378447944946947e+002
  1.0336944643878147e+010  1.9260066083822317e+009  9.9032667323802434e+002  9.1878046984025741e+002  7.9067401941109165e+002  7.0126517516328749e+002  7.0126517516328749e+002  6.5251581357075383e+002  6.3579121146847456e+002  6.3579121146847456e+002  6.3579121146847456e+002  6.3579121146847456e+002  6.3579121146847456e+002  6.1050918711166423e+002
  9.2372104582197933e+009  2.0054269970262697e+009  1.0004271372978410e+003  9.5852930264916904e+002  7.8905432484346329e+002  6.8227847874719509e+002  6.8227847874719509e+002  5.5786504905390211e+002  5.4195482712986131e+002  5.4195482712986131e+002  5.4195482712986131e+002  5.4195482712986131e+002  5.4195482712986131e+002  4.3555257934235669e+002
  8.1540894405875540e+009  2.0327197805475757e+009  1.2002285163205779e+003  1.1301474535710681e+003  9.5665591637078705e+002  8.2684348868802681e+002  5.7428518654419622e+002  5.7428518654419622e+002  5.7428518654419622e+002  5.7428518654419622e+002  5.7210435415769052e+002  5.7198107832068763e+002  5.7198107832068763e+002  5.7197988219619992e+002
  8.1289983209550104e+009  1.4572872100701582e+009  9.6082919294760950e+002  9.2187504825010546e+002  8.0726033776400845e+002  8.0241399002557773e+002  7.4935441102039294e+002  7.4935441102039294e+002  6.0572302159159244e+002  6.0572302159159244e+002  6.0572302159159244e+002  6.0572302159159244e+002  6.0572302159159244e+002  6.0066142872596629e+002
  1.2117560689472273e+010  1.8595469784712822e+009  8.6978970516063964e+002  8.3997206393670922e+002  7.3974616719530468e+002  5.9797785117486364e+002  5.9797785117486364e+002  5.9797785117486364e+002  5.9797785117486364e+002  5.3561928420495587e+002  4.7504326455985029e+002  4.7504326455985029e+002  4.7504326455985029e+002  4.4723433389033289e+002
  7.3016024250631266e+009  1.6810166672002687e+009  6.4272242205765178e+002  4.0191577609819751e+002  4.0191577609819751e+002  4.0191577609819751e+002  4.0191577609819751e+002  3.9895219564590388e+002  3.9895219564590388e+002  3.9895219564590388e+002  3.9895219564590388e+002  3.9895219564590388e+002  3.9895219564590388e+002  3.9895070142400800e+002
  9.3654651717757015e+009  1.7464228656158853e+009  1.0872080939747875e+003  1.0103213783790438e+003  8.6373552599426603e+002  7.9001975041153128e+002  7.9001975041153128e+002  5.6955476669988502e+002  5.1128114367543549e+002  5.1128114367543549e+002  5.1128114367543549e+002  5.1128114367543549e+002  5.1128114367543549e+002  5.0747272115775741e+002
  1.0246466614954576e+010  1.9286412864925122e+009  1.1502203530988195e+003  1.1019902789492066e+003  9.6377993378033261e+002  8.7812820407724757e+002  7.3752296197137775e+002  6.9206047207147867e+002  6.9206047207147867e+002  4.8614197700593604e+002  4.8614197700593604e+002  4.3896362287796774e+002  4.3896362287796774e+002  4.3896362194142012e+002
  8.4768213429036703e+009  2.3277740495970960e+009  1.6191198549301935e+003  8.9178380556576030e+002  8.8253426216965590e+002  7.8473990290076063e+002  6.0934156820629187e+002  6.0934156820629187e+002  6.0934156820629187e+002  6.0934156820629187e+002  6.0934156820629187e+002  6.0934156820629187e+002  6.0934156820629187e+002  5.3347504023015063e+002
  7.8517748991809530e+009  1.4199972900050881e+009  8.2731651032711898e+002  8.2731650340618899e+002  8.2731650340618899e+002  4.5511671715518560e+002  4.5511671715518560e+002  4.5511671715518560e+002  4.5511671715518560e+002  4.3126103722517018e+002  4.2853014561511191e+002  4.2804493972769205e+002  4.2804493972769205e+002  4.2804493972769205e+002
  9.8672413487799664e+009  1.9313412449619424e+009  1.0389607357555974e+003  1.0389606026782321e+003  9.5152737687450008e+002  7.9986823428375783e+002  7.4648466167200104e+002  7.4648466167200104e+002  7.1254967904275509e+002  7.1254967904275509e+002  7.1254967904275509e+002  6.7708360227318371e+002  6.7708360227318371e+002  5.3000091118914133e+002
  9.7295609382192631e+009  2.2131102690176091e+009  9.5136161385481591e+002  9.4216965419041617e+002  8.0665477135363653e+002  6.7293700373368483e+002  4.9151618221183071e+002  4.8303785079163072e+002  4.8303785079163072e+002  4.8303785079163072e+002  4.7144317285135412e+002  4.7144317285135412e+002  4.7144317285135412e+002  4.5518125890898818e+002
  9.2231973299945889e+009  1.9290556495063839e+009  1.0187308531360368e+003  1.0187308531360368e+003  1.0095089694822987e+003  6.8278556294560121e+002  6.8278556294560121e+002  5.1727168620439170e+002  5.1698516554417347e+002  5.1698516554417347e+002  5.1698516554417347e+002  5.1698516554417347e+002  5.1698516554417347e+002  5.1698516554417347e+002
  8.2755072351648273e+009  1.8422112436163113e+009  6.7023488608702019e+002  6.0069772117215507e+002  6.0069772117215507e+002  5.1840382311769326e+002  5.1840382311769326e+002  4.8117433991618327e+002  4.8117433991618327e+002  4.8117433991618327e+002  4.8117433991618327e+002  4.8117433991618327e+002  4.8117433991618327e+002  4.5990855091238018e+002
  9.8020889114227543e+009  2.2805700096279373e+009  1.2024180777313200e+003  1.2024168159358460e+003  1.0152224155051790e+003  9.2983475287664942e+002  7.5803205711538885e+002  7.4586374543428747e+002  7.1149409284746480e+002  6.7380567989307929e+002  6.7380567989307929e+002  6.7380567989307929e+002  6.7380567989307929e+002  5.7720581318548011e+002
  9.5667241041500607e+009  1.9742248790143707e+009  9.4745354622145169e+002  6.1529451921606642e+002  6.1529451921606642e+002  6.1529451921606642e+002  6.1529451921606642e+002  5.4807521794851118e+002  5.4807521794851118e+002  5.4807521794851118e+002  5.4807521794851118e+002  3.8636031621797747e+002  3.8636031621797747e+002  3.8591326792941982e+002
  8.4060486643436680e+009  2.1318592208548045e+009  1.2129417263457212e+003  1.1643722185344986e+003  9.2981019421730980e+002  7.4226165358123853e+002  6.5994844163252037e+002  6.5994844163252037e+002  6.5994844163252037e+002  6.5994844163252037e+002  6.5994844163252037e+002  6.5994844163252037e+002  5.5161156885258879e+002  5.5088569094318473e+002
  1.2373033756071999e+010  1.1413785270040512e+009  1.1566065337799910e+003  1.0946156323241871e+003  9.9402286003542031e+002  7.1521791025479615e+002  7.1521791025479615e+002  6.9869709283757584e+002  6.9869709283757584e+002  6.3560470564683055e+002  6.3560470564683055e+002  6.3560470564683055e+002  6.3560470564683055e+002  5.8489702886909254e+002
  9.2321680263391533e+009  2.0284209764951873e+009  9.5753765062873481e+002  9.5753765062873481e+002  7.4149850590297410e+002  6.7447176830760054e+002  6.3999238767049792e+002  6.3999238767049792e+002  6.3999238767049792e+002  6.3999238767049792e+002  6.3999238767049792e+002  6.3999238767049792e+002  6.3999238767049792e+002  4.7309977574953018e+002
  8.6051525551152916e+009  1.3190520323929718e+009  8.1785516148226634e+002  7.9973565284543565e+002  7.3945838781144403e+002  6.6295872964666069e+002  6.6295872964666069e+002  6.6295872964666069e+002  6.6295872964666069e+002  6.4995173405430887e+002  6.4995173405430887e+002  5.6828038349473354e+002  5.6828038349473354e+002  4.9713469505722060e+002
  1.2113089266929457e+010  1.7927203954982595e+009  1.4246451092920029e+003  9.8154103843936446e+002  8.1916420994322789e+002  6.7005104827858122e+002  6.7005104827858122e+002  6.4719549816401832e+002  5.5707357025869533e+002  5.5707357025869533e+002  5.5707357025869533e+002  5.5707357025869533e+002  5.5707357025869533e+002  5.1029712274763324e+002
  8.6830464065433178e+009  1.8184132083932900e+009  9.7601571011764781e+002  7.7345530407273873e+002  7.7345530407273873e+002  7.3322737913884748e+002  7.1706067683870333e+002  7.1706067683870333e+002  7.1706067683870333e+002  4.9001985620383857e+002  4.9001985620383857e+002  4.9001985620383857e+002  4.9001985620383857e+002  4.5754882437425249e+002
  1.0295571040124908e+010  1.8913574152122409e+009  1.0970388795214121e+003  9.6996868707904923e+002  8.5773143923848147e+002  8.4161219903740039e+002  6.4913611229298067e+002  6.3420186468724842e+002  6.3420186468724842e+002  5.9584968569123248e+002  5.9584968569123248e+002  5.9584968569123248e+002  5.9584968569123248e+002  5.6803685126722303e+002
  9.6931600427115250e+009  1.4521344473505945e+009  8.9370905018420262e+002  8.7327305504119704e+002  6.5849708636613013e+002  6.5849708636613013e+002  6.5411698384530291e+002  6.1380104313775519e+002  6.1380104313775519e+002  6.1380104313775519e+002  5.6143787263568538e+002  5.6143787263568538e+002  5.6143787263568538e+002  5.2342063242870745e+002
  1.0420648891504900e+010  2.0612987200694325e+009  9.8234521264919749e+002  8.9695332901707206e+002  8.7104179875356476e+002  8.7104179875356476e+002  8.7104179875356476e+002  6.8926974187702854e+002  6.7955533513072078e+002  6.7955533513072078e+002  6.2032238046452039e+002  6.2032238046452039e+002  6.2032238046452039e+002  5.9565670072077046e+002
  8.3879185097329779e+009  2.1590106405992336e+009  1.0419833272312790e+003  1.0068639243297644e+003  8.5923437328455384e+002  7.4228220124629479e+002  7.4228220124629479e+002  7.0860727672442954e+002  7.0860727672442954e+002  5.9926086211230131e+002  5.9926086211230131e+002  5.9926086211230131e+002  5.9926086211230131e+002  5.9926086211230131e+002
  6.9264236903999462e+009  1.6062994750297184e+009  1.0446991052905551e+003  9.9752443231651250e+002  6.3619065588980448e+002  6.3619065588980448e+002  6.3619065588980448e+002  6.3619065588980448e+002  6.3619065588980448e+002  6.3619065588980448e+002  6.3619065588980448e+002  6.3619065588980448e+002  6.3619065588980448e+002  6.0734842517990091e+002
  8.2234199534704418e+009  2.0569976532611732e+009  1.0076040852411097e+003  1.0076040852411097e+003  8.6989561985509454e+002  8.1433962604553790e+002  7.7608810794005603e+002  7.1448352073751175e+002  7.1448352073751175e+002  6.7639259754482373e+002  6.1413275941627535e+002  6.1413275941627535e+002  6.1413275941627535e+002  6.1413275796168273e+002
  9.4590678500437832e+009  2.0188302245843513e+009  9.7993075620313039e+002  9.6358586665575058e+002  7.9052218581463785e+002  5.6494684965038505e+002  4.2811867229548716e+002  4.2811867229548716e+002  4.2811867229548716e+002  4.2811867229548716e+002  4.2811867229548716e+002  4.2811867229548716e+002  4.2811867229548716e+002  4.2811867229548716e+002
  1.0220784756128908e+010  1.8745317085322790e+009  1.1493557647688526e+003  1.1493554970031009e+003  9.6496615684344397e+002  6.7613389129082134e+002  5.2442010101426331e+002  5.0066648802203417e+002  4.3274347597953465e+002  4.1040014585469544e+002  4.1040014585469544e+002  4.1040014585469544e+002  3.7589538022385659e+002  3.5619498877289880e+002
  9.8069879261455498e+009  2.5230243972458310e+009  8.8864142435565100e+002  8.3131419771768378e+002  8.3131419771768378e+002  5.0325346062582639e+002  5.0325346062582639e+002  5.0325346062582639e+002  5.0325346062582639e+002  5.0325346062582639e+002  5.0325346062582639e+002  4.3220104997328281e+002  4.3220104997328281e+002  3.8106139067379900e+002
  1.1076499610292858e+010  2.4183043293563414e+009  1.1014009118652666e+003  6.8461534928877609e+002  6.7268176863218559e+002  6.5289410939232948e+002  6.5289410939232948e+002  6.5289410939232948e+002  6.5289410939232948e+002  6.0762216578426160e+002  6.0762216578426160e+002  5.6886514858946794e+002  5.6125183084725359e+002  5.4864611663709002e+002
  9.7726052485351048e+009  1.3086544890784221e+009  1.1572340064533428e+003  1.1572339318370259e+003  7.0066668498052104e+002  7.0066668498052104e+002  6.4547655609688445e+002  5.3776699186862243e+002  5.3776699186862243e+002  5.2332364215119333e+002  5.2332355048642239e+002  5.2332355048642239e+002  5.2332344518839272e+002  5.1432957236511675e+002
  8.0150026983435659e+009  1.5343893617925351e+009  7.7554347678630620e+002  7.2844498693415608e+002  5.1422870110698022e+002  4.9987084452906583e+002  4.9987084452906583e+002  4.9987084452906583e+002  4.9987084452906583e+002  4.9987084452906583e+002  4.8911738506242546e+002  4.8911738506242546e+002  4.8911738506242546e+002  4.8574491363978768e+002
  9.7050365052128735e+009  1.7032505172788734e+009  1.0914239709141152e+003  1.0705511113225070e+003  8.8486000133594689e+002  5.3609515429517160e+002  5.3609515429517160e+002  5.3609515429517160e+002  5.2671690890141463e+002  5.2671690890141463e+002  5.2671690890141463e+002  5.2671690890141463e+002  5.2671690890141463e+002  5.2586455492103960e+002
  9.7104695291028805e+009  1.8488351249213641e+009  1.1073588338240193e+003  1.0953054883134523e+003  6.9933418507942497e+002  6.5267235662842086e+002  6.5267232398602027e+002  5.6944577551060047e+002  5.1505874765359431e+002  5.1505874765359431e+002  5.1505866732871073e+002  5.1505866732871073e+002  5.1505865404884389e+002  5.0147777912967240e+002
  8.1101172782654018e+009  2.0474274488104856e+009  1.0838682823401105e+003  1.0189973856734878e+003  5.7824945491376866e+002  5.7824945491376866e+002  5.7824942761889724e+002  5.7824942761889724e+002  5.7824942761889724e+002  5.7824942761889724e+002  5.7824942761889724e+002  5.5660340995890829e+002  5.5660340995890829e+002  5.3438678487083871e+002
  9.2772890689726677e+009  1.2956203841881108e+009  1.0257497520536340e+003  1.0257497520536340e+003  7.0798637410895753e+002  6.5442566405293701e+002  6.0609074425599465e+002  6.0609074425599465e+002  6.0609074425599465e+002  6.0609074425599465e+002  5.9672790578568265e+002  5.9672790578568265e+002  5.9672790578568265e+002  5.9672785784597954e+002
  1.1623314871625776e+010  2.2412304264007020e+009  8.4879852914521098e+002  8.4879852914521098e+002  8.4879852914521098e+002  8.0576564486897541e+002  7.3824107746354639e+002  7.3824107746354639e+002  7.3824107746354639e+002  6.2551947685582400e+002  6.2150921474871575e+002  6.2150921474871575e+002  5.3607052642636791e+002  5.3607052642636791e+002
  9.2464102339486332e+009  1.4841074994563894e+009  8.4420100774809816e+002  7.7245018336142812e+002  5.7385057697912407e+002  5.7385057697912407e+002  5.7385057697912407e+002  5.7385057697912407e+002  5.7385057384314314e+002  5.7385057384314314e+002  5.7385057384314314e+002  5.7385057384314314e+002  5.7385057384314314e+002  5.7385056440569724e+002
  9.6469454001092777e+009  1.3274232737199793e+009  8.8718017188508020e+002  8.4140626179062428e+002  7.3392991854689944e+002  6.4249357406558966e+002  6.4249337646199501e+002  6.4249337646199501e+002  6.4249337646199501e+002  6.4249337646199501e+002  4.9911834396932454e+002  4.9911834396932454e+002  4.9911834396932454e+002  4.8057077759095318e+002
  1.0102682987895790e+010  1.8486672448822803e+009  8.9722149994157326e+002  8.9722148453020236e+002  8.5913570737557211e+002  8.3754774507834964e+002  8.1328713038568958e+002  6.5343731091671452e+002  6.1767921179122231e+002  5.8846091947728291e+002  5.8846091947728291e+002  5.8846091947728291e+002  5.8846091947728291e+002  5.3073069488571173e+002
  1.0546688146975071e+010  1.4916186761171827e+009  1.2006844054764451e+003  9.5341501239083937e+002  7.4029424271360767e+002  7.0400538262172131e+002  7.0400538262172131e+002  7.0400403083502351e+002  7.0400403050601926e+002  6.7669269282474170e+002  6.7330134471023257e+002  6.7330081771326422e+002  6.4097279204220649e+002  6.0781951009865270e+002
  1.0980192946766420e+010  2.0778365847476740e+009  1.0210926874624502e+003  9.9111992743650080e+002  9.9111992743650080e+002  8.7382336706676779e+002  7.4490785330641393e+002  7.1189304791938866e+002  6.5019917535421973e+002  6.5019917535421973e+002  6.5019917535421973e+002  6.5019917535421973e+002  6.5019917535421973e+002  5.4429708493900444e+002
