  1.5619763651685116e+002  1.5079965780656937e+002  1.5078009950615149e+002  1.4995692615658334e+002  1.4183591166846463e+002  1.3947942530029582e+002  1.3947942530029582e+002  1.3947942530029582e+002  1.3947942530029582e+002  1.3947942530029582e+002  1.3947942530029582e+002  1.3947942530029582e+002  1.3947942530029582e+002  1.3947942530029582e+002
  1.5246384902225668e+002  1.5246384902225668e+002  1.5227238560671526e+002  1.4610881530463780e+002  1.4509394649256694e+002  1.3968938334129484e+002  1.3745836279099262e+002  1.3565116494242011e+002  1.3421736053221366e+002  1.3421736053221366e+002  1.3384144145268192e+002  1.3299929254721155e+002  1.3253071785655322e+002  1.3253071785655322e+002
  1.5737380661182522e+002  1.4903659550108864e+002  1.4868292404341014e+002  1.4233129746002078e+002  1.4172342629472064e+002  1.4172342629472064e+002  1.4087749343172106e+002  1.3864420734644818e+002  1.3660912118564374e+002  1.3660912118564374e+002  1.3182980946496332e+002  1.3127374024566495e+002  1.2840730485268318e+002  1.2370741216088152e+002
  1.5492455588229916e+002  1.5388929791584667e+002  1.5388929791584667e+002  1.4856057725656217e+002  1.4767441338096205e+002  1.4205598365289040e+002  1.3979008878789909e+002  1.3979008878789909e+002  1.3979008878789909e+002  1.3686408507371823e+002  1.3678227263684835e+002  1.3450970748135251e+002  1.3436125368088460e+002  1.3436125368088460e+002
  1.5614779278626816e+002  1.5213743178252003e+002  1.5170007926229073e+002  1.4942253995324086e+002  1.4700184672903799e+002  1.4181920236650717e+002  1.4163107472395814e+002  1.3802340423331066e+002  1.3777070250691679e+002  1.3338354940725526e+002  1.3276831446414371e+002  1.3276831446414371e+002  1.3276831446414371e+002  1.3276831446414371e+002
  1.5307532823355007e+002  1.4689075055046169e+002  1.4633748562195603e+002  1.4633748562195603e+002  1.4630361525541878e+002  1.4339385292822976e+002  1.3959556717429473e+002  1.3913469655582867e+002  1.3913469655582867e+002  1.3835251955666536e+002  1.3516668008360477e+002  1.3516668008360477e+002  1.3452806077385048e+002  1.3322512475795907e+002
  1.5556307038325951e+002  1.5257879099598290e+002  1.5235874545742161e+002  1.4766865424262426e+002  1.4504189813741061e+002  1.4156004455110099e+002  1.4079681539970818e+002  1.4079681539970818e+002  1.4079681539970818e+002  1.4074721127595262e+002  1.4041544592490834e+002  1.4011139274437176e+002  1.4011139274437176e+002  1.4011139274437176e+002
  1.5727147945102911e+002  1.5337180282866314e+002  1.5337180282866314e+002  1.4849332576810048e+002  1.4370041813021817e+002  1.4229502385526325e+002  1.4080241433024423e+002  1.3909587479574088e+002  1.3885380274737258e+002  1.3885380274737258e+002  1.3885380274737258e+002  1.3792956377384780e+002  1.3632678429623570e+002  1.3632678429623570e+002
  1.5498569651935497e+002  1.5016149532131089e+002  1.4993039452039966e+002  1.4966548626602071e+002  1.4618785075637277e+002  1.4279287007725247e+002  1.4149356938034680e+002  1.4053509379223578e+002  1.4053509379223578e+002  1.4053509379223578e+002  1.4053509379223578e+002  1.4053509379223578e+002  1.4053509379223578e+002  1.4053509379223578e+002
  1.5780121990761234e+002  1.5363980296500802e+002  1.5274033313396012e+002  1.5158293866889221e+002  1.4728200044582161e+002  1.4137858810212390e+002  1.4078752020412219e+002  1.4006220452587240e+002  1.4006220452587240e+002  1.3908015730979218e+002  1.3908015730979218e+002  1.3677611841141106e+002  1.3648143537452609e+002  1.3641747210118353e+002
  1.5808607339285334e+002  1.5640255042353704e+002  1.5521182263081619e+002  1.5063689398887186e+002  1.4108796101670646e+002  1.3966070559325851e+002  1.3966070559325851e+002  1.3916725361390979e+002  1.3829408754011945e+002  1.3594640578417921e+002  1.3585422354760033e+002  1.3206662766205409e+002  1.3202310210999690e+002  1.3086045514550187e+002
  1.5172813648928263e+002  1.5172813648928263e+002  1.5093778193111586e+002  1.5093778193111586e+002  1.4048464268051487e+002  1.3751056354835021e+002  1.3603432849313003e+002  1.3569361517751236e+002  1.3569361517751236e+002  1.3568178420138770e+002  1.3434754128105510e+002  1.3260370245795218e+002  1.3227546404467421e+002  1.3207068072609275e+002
  1.5593736849371828e+002  1.5386109566491041e+002  1.5296843827195175e+002  1.4840011372152344e+002  1.4355444881266317e+002  1.4311151019516615e+002  1.4182107650537523e+002  1.4123301063474287e+002  1.3633284362420568e+002  1.3586681263273488e+002  1.3586681263273488e+002  1.3280245626251701e+002  1.3280245626251701e+002  1.3270709936464334e+002
  1.5409945052347848e+002  1.4893589683666983e+002  1.4815791856527392e+002  1.4440615515655361e+002  1.4211690041469603e+002  1.3331736086796673e+002  1.3273799492297928e+002  1.3039438664997181e+002  1.2858390622059733e+002  1.2858390622059733e+002  1.2690369996968798e+002  1.2690369996968798e+002  1.2690369996968798e+002  1.2690369996968798e+002
  1.5110839117780290e+002  1.4942606269107046e+002  1.4865468695103641e+002  1.4799564714947815e+002  1.4505256119875901e+002  1.3530087052954264e+002  1.2822802837154131e+002  1.2809118047145398e+002  1.2809118047145398e+002  1.2809118047145398e+002  1.2809118047145398e+002  1.2809118047145398e+002  1.2809118047145398e+002  1.2809118047145398e+002
  1.5449148407848338e+002  1.5181688193584978e+002  1.5104353607290773e+002  1.4835199125821600e+002  1.4047515520962349e+002  1.3941445471263683e+002  1.3445171603106519e+002  1.3234149990026049e+002  1.3165508344527700e+002  1.2882041087848472e+002  1.2882041087848472e+002  1.2882041087848472e+002  1.2882041087848472e+002  1.2882041087848472e+002
  1.5264844618044071e+002  1.5181985204833040e+002  1.5149911634138596e+002  1.5083458283806317e+002  1.4426495200863019e+002  1.4077561988741934e+002  1.3686760624117699e+002  1.3639740490897418e+002  1.3639740490897418e+002  1.3639740490897418e+002  1.3394388561306573e+002  1.3337149803342788e+002  1.3337149803342788e+002  1.3337149803342788e+002
  1.5318831558646980e+002  1.4888312181776723e+002  1.4839267519031807e+002  1.4839267519031807e+002  1.4421869359634195e+002  1.3924256531660558e+002  1.3903265623251798e+002  1.3903265623251798e+002  1.3903265623251798e+002  1.3903265623251798e+002  1.3903265623251798e+002  1.3786572886870135e+002  1.3638079069902949e+002  1.3638079069902949e+002
  1.5579069772301818e+002  1.5276925798602622e+002  1.5138653228402814e+002  1.4912808610037143e+002  1.4295207609298370e+002  1.4295207609298370e+002  1.4157441422215391e+002  1.3621211214297966e+002  1.3621063679842041e+002  1.3621063679842041e+002  1.3621063679842041e+002  1.3621063679842041e+002  1.3311909558909804e+002  1.3281115746998910e+002
  1.5061940667620490e+002  1.4583899698498954e+002  1.4557270907978000e+002  1.4557270907978000e+002  1.4203837404505566e+002  1.4203837404505566e+002  1.3980820960637152e+002  1.3851699086371480e+002  1.3851699086371480e+002  1.3851699086371480e+002  1.3851699086371480e+002  1.3782681310200030e+002  1.3782681310200030e+002  1.3782681310200030e+002
  1.5645600988753290e+002  1.5247269231444716e+002  1.5149482763104027e+002  1.4720882806692418e+002  1.4601609654921492e+002  1.4312650918976556e+002  1.4194426981558661e+002  1.3817367013245723e+002  1.3760792346083770e+002  1.3734021870230697e+002  1.3663311082660471e+002  1.3482832826947811e+002  1.3304759550626477e+002  1.3242310339850792e+002
  1.6133066202169766e+002  1.5326778545385491e+002  1.5296466297343750e+002  1.4790246873108549e+002  1.4034200339577978e+002  1.3515999407950846e+002  1.3351555794246849e+002  1.3351555794246849e+002  1.3351555794246849e+002  1.3351555794246849e+002  1.3351555794246849e+002  1.3217094292365914e+002  1.3217094292365914e+002  1.3217094292365914e+002
  1.5874943496495905e+002  1.4681516551331492e+002  1.4617789328717868e+002  1.4617789328717868e+002  1.4617789328717868e+002  1.4299389013027860e+002  1.4030487119371264e+002  1.3967497062982079e+002  1.3366655338014903e+002  1.3366655338014903e+002  1.3366655338014903e+002  1.3366655338014903e+002  1.3180030661544595e+002  1.3168205599747841e+002
  1.5667033148752716e+002  1.5565846442998122e+002  1.5565846442998122e+002  1.4399920480075093e+002  1.3933665609796753e+002  1.3883075840116771e+002  1.3693980889265367e+002  1.3661407097862491e+002  1.3601762271362884e+002  1.3440212644516214e+002  1.3440212644516214e+002  1.3440212644516214e+002  1.3440212644516214e+002  1.3440212644516214e+002
  1.5089280227301697e+002  1.4827788182549341e+002  1.4810928447270658e+002  1.4810722801513953e+002  1.4756555580487270e+002  1.4572698447239645e+002  1.4174110856200502e+002  1.4132795203588353e+002  1.4132795203588353e+002  1.4054898651872463e+002  1.3791900160551495e+002  1.3718119964358834e+002  1.3718119964358834e+002  1.3615213071247308e+002
  1.5292961486064610e+002  1.5292961486064610e+002  1.5292961486064610e+002  1.4035125561091525e+002  1.3671168838994663e+002  1.3671168838994663e+002  1.3671168838994663e+002  1.3194587334262224e+002  1.3140223555300645e+002  1.3140223555300645e+002  1.3140223555300645e+002  1.3140223555300645e+002  1.3103605731682705e+002  1.3103605731682705e+002
  1.5528374877273723e+002  1.5528374877273723e+002  1.5528374877273723e+002  1.4895612238472836e+002  1.4397277140085771e+002  1.4015965913140951e+002  1.3519944108590994e+002  1.3423448126356698e+002  1.3190308644545928e+002  1.3050762011442600e+002  1.2252045226448320e+002  1.2252045226448320e+002  1.2238434024821800e+002  1.2236992261359683e+002
  1.5425861611185519e+002  1.4797014057151705e+002  1.4691981174724754e+002  1.4691981174724754e+002  1.4486902343022496e+002  1.4486902343022496e+002  1.4063362291414910e+002  1.3117117502249175e+002  1.2708953721774105e+002  1.2604788605093074e+002  1.2498941799026920e+002  1.2368675133677789e+002  1.2320641380488564e+002  1.2320641380488564e+002
  1.5541681670219793e+002  1.5356615655774181e+002  1.4833954469746482e+002  1.4817299641126942e+002  1.4337889359099472e+002  1.4011908395910405e+002  1.3988466470315552e+002  1.3779187515547585e+002  1.3672222702493764e+002  1.3170615662463570e+002  1.3113283938706263e+002  1.2778039368168515e+002  1.2774493808345471e+002  1.2774493808345471e+002
  1.5576753371241443e+002  1.5051937629320207e+002  1.5051937629320207e+002  1.4755947513812350e+002  1.4394288670834362e+002  1.4008112191308010e+002  1.3948259051807031e+002  1.3948259051807031e+002  1.3948259051807031e+002  1.3720879877946425e+002  1.3720879877946425e+002  1.3720879877946425e+002  1.3720879877946425e+002  1.3720879877946425e+002
  1.5254067377173715e+002  1.5254067377173715e+002  1.5247231353013672e+002  1.4849600598129950e+002  1.4699096881944081e+002  1.4014718369518982e+002  1.3674020329650114e+002  1.3241253834528334e+002  1.3241253834528334e+002  1.3241253834528334e+002  1.3241253834528334e+002  1.3241253834528334e+002  1.3197099418041739e+002  1.3197099418041739e+002
  1.5438716002177307e+002  1.5008042601878901e+002  1.4989646478883151e+002  1.4898753628158386e+002  1.4898753628158386e+002  1.3989877082235569e+002  1.3948248843690237e+002  1.3612915746171439e+002  1.3612915746171439e+002  1.3612915746171439e+002  1.3612915746171439e+002  1.3539455909180333e+002  1.3533957270483734e+002  1.3533957270483734e+002
  1.5345923057785944e+002  1.5159783971106049e+002  1.5107986075476038e+002  1.4478802975959729e+002  1.4356188651547268e+002  1.4053593892772778e+002  1.3946459110370870e+002  1.3946459110370870e+002  1.3946459110370870e+002  1.3946459110370870e+002  1.3653521060347998e+002  1.3653521060347998e+002  1.3653521060347998e+002  1.3653521060347998e+002
  1.5185046884858161e+002  1.5185046884858161e+002  1.5185046884858161e+002  1.4703501691103247e+002  1.4302654949404405e+002  1.4256999052543370e+002  1.4256999052543370e+002  1.4234382222817590e+002  1.3873652037897477e+002  1.3727953704099775e+002  1.3704799616998002e+002  1.3668557238566291e+002  1.3612633434855559e+002  1.3612633434855559e+002
  1.5626693239425708e+002  1.5372512210837124e+002  1.5352306182795712e+002  1.4765783846040540e+002  1.4225558892503545e+002  1.3889710435250959e+002  1.3794590330777123e+002  1.3794590330777123e+002  1.3562103401217132e+002  1.3427601788461834e+002  1.3379593117395848e+002  1.3379510046984626e+002  1.3283456876662422e+002  1.3266780859547657e+002
  1.5841358672858348e+002  1.5325549922324126e+002  1.5325549922324126e+002  1.4690290105379893e+002  1.4430758868608825e+002  1.4015494157899388e+002  1.3918072888824520e+002  1.3793038128791841e+002  1.3793038128791841e+002  1.3793038128791841e+002  1.3600545149291952e+002  1.3540468471901954e+002  1.3425172704191982e+002  1.3425172704191982e+002
  1.5447071145671691e+002  1.5183494651533999e+002  1.4938914145486285e+002  1.4671779796770033e+002  1.4494376766779783e+002  1.4050754400443270e+002  1.3853279945551799e+002  1.3844290698457723e+002  1.3844290698457723e+002  1.3844290698457723e+002  1.3765968510165885e+002  1.3765968510165885e+002  1.3765968510165885e+002  1.3765968510165885e+002
  1.5797902743762938e+002  1.5465166155300562e+002  1.5465166155300562e+002  1.5253188158496857e+002  1.4835346049291479e+002  1.4238253615952863e+002  1.3695378453769001e+002  1.3500978897863718e+002  1.3007180414746767e+002  1.2983684173267227e+002  1.2983684173267227e+002  1.2863264448975247e+002  1.2863264448975247e+002  1.2863264448975247e+002
  1.5710305826122135e+002  1.5213485445835386e+002  1.5213485445835386e+002  1.4783608902771084e+002  1.4705882857788185e+002  1.3734943844849488e+002  1.3679277561815820e+002  1.3508138190283944e+002  1.3371567391664576e+002  1.3292736208595795e+002  1.3288670963484844e+002  1.3233618007748396e+002  1.3202649718227849e+002  1.3161504312558111e+002
  1.5093031088352552e+002  1.4793861170879927e+002  1.4793861170879927e+002  1.4539626841598397e+002  1.4081205122324707e+002  1.3847600421418463e+002  1.3771642871778113e+002  1.3771642871778113e+002  1.3626806704917612e+002  1.3626806704917612e+002  1.3626806704917612e+002  1.3626806704917612e+002  1.3626806704917612e+002  1.3626806704917612e+002
  1.5297700525389416e+002  1.5296826245056184e+002  1.5296826245056184e+002  1.4158055697916120e+002  1.4096540812122112e+002  1.4096540812122112e+002  1.4096540812122112e+002  1.3829067496173025e+002  1.3815013663558659e+002  1.3755721535126884e+002  1.3755721535126884e+002  1.3696397061043820e+002  1.3676445812287102e+002  1.3676445812287102e+002
  1.5803328581982396e+002  1.4922744632259787e+002  1.4870338699574597e+002  1.4473980471337222e+002  1.4404423031070132e+002  1.4097535215661469e+002  1.3699459273234709e+002  1.3382105465894574e+002  1.3304393085142726e+002  1.3304393085142726e+002  1.3304393085142726e+002  1.3304393085142726e+002  1.3304393085142726e+002  1.3124101475880457e+002
  1.5396303863412311e+002  1.4947655100858356e+002  1.4890395849319430e+002  1.4890395849319430e+002  1.4890395849319430e+002  1.4487290979553256e+002  1.4036842729144951e+002  1.3623820316243587e+002  1.3115201388233254e+002  1.2412096242532141e+002  1.2344963201661210e+002  1.2254094979232218e+002  1.2254094979232218e+002  1.2227062906200467e+002
  1.5276488066545096e+002  1.4988367563635165e+002  1.4986490390906465e+002  1.4365334521090585e+002  1.4246260759098914e+002  1.4055157763583179e+002  1.4011286818455847e+002  1.3733973912124941e+002  1.3469060527348938e+002  1.3424836854811906e+002  1.3424836854811906e+002  1.3245687801995211e+002  1.3002122467640368e+002  1.3002122467640368e+002
  1.5077756613835390e+002  1.4923846496147019e+002  1.4893035484958341e+002  1.4893035484958341e+002  1.4628770520099488e+002  1.3891956730261029e+002  1.3577180239332847e+002  1.3560805567867010e+002  1.3449402046072919e+002  1.3410119987258690e+002  1.3381363170710506e+002  1.3381363170710506e+002  1.3381363170710506e+002  1.3262802986702036e+002
  1.5413911598994400e+002  1.5079147047825643e+002  1.5079147047825643e+002  1.4713288162500442e+002  1.3839763895772865e+002  1.3839763895772865e+002  1.3839763895772865e+002  1.3839763895772865e+002  1.3839763895772865e+002  1.3839763895772865e+002  1.3658072537182147e+002  1.3247042653880453e+002  1.3247042653880453e+002  1.3201319391333050e+002
  1.5557923146866733e+002  1.5114259678359315e+002  1.5075600457942198e+002  1.4418100012720902e+002  1.4269812827750502e+002  1.4056312158595267e+002  1.3960377810723935e+002  1.3960377810723935e+002  1.3664746321712937e+002  1.3624921670398817e+002  1.3622533607265677e+002  1.3389194038775963e+002  1.3389194038775963e+002  1.3389194038775963e+002
  1.4843766709453121e+002  1.4843766709453121e+002  1.4843766709453121e+002  1.4605279987777817e+002  1.4559036670368505e+002  1.4309395708810757e+002  1.4227069780022998e+002  1.3987455016768013e+002  1.3987455016768013e+002  1.3876692253970066e+002  1.3876501352967193e+002  1.3876501352967193e+002  1.3876501352967193e+002  1.3876501352967193e+002
  1.5572689479407290e+002  1.5154673592474342e+002  1.5154673592474342e+002  1.4518000035675709e+002  1.4458384328695229e+002  1.4011134614446485e+002  1.3969390800670578e+002  1.3969390800670578e+002  1.3969390800670578e+002  1.3969390800670578e+002  1.3969390800670578e+002  1.3887596202162024e+002  1.3841944129200226e+002  1.3841944129200226e+002
  1.5714180179397545e+002  1.5045402558883416e+002  1.5045402558883416e+002  1.4767884631077027e+002  1.4430535761140584e+002  1.3525937606921639e+002  1.3507426847358010e+002  1.3466595842800450e+002  1.3412800342548303e+002  1.3412800342548303e+002  1.3412800342548303e+002  1.3412800342548303e+002  1.3412800342548303e+002  1.3412800342548303e+002
  1.5469650064964037e+002  1.4776010284164158e+002  1.4776010284164158e+002  1.4776010284164158e+002  1.4648050064460358e+002  1.4447361885363512e+002  1.3988673592724808e+002  1.3696496702975719e+002  1.3215987771425330e+002  1.3147045165521672e+002  1.3147045165521672e+002  1.3005783092642037e+002  1.3005783092642037e+002  1.3005783092642037e+002
