  2.7063179763854187e+004  5.7456010553300512e+003  2.2994929213079254e+003  4.7495149016591029e+001  4.2440397632218264e+001  3.6836764639229557e+001  3.6455992848898404e+001  3.5580397638796569e+001  1.9392303431724486e+001  1.9392303431724486e+001  1.9392303431724486e+001  1.9392303431724486e+001  1.9392303431724486e+001  1.9392303431724486e+001
  1.9500959830513126e+004  6.7201507229741383e+003  3.1222337070130297e+003  2.2328827223539633e+001  1.4978042424128262e+001  1.4685485928424725e+001  1.4685485928424725e+001  1.4685485928424725e+001  1.4685485928424725e+001  1.4685485928424725e+001  1.4685485928424725e+001  1.4685485928424725e+001  1.4685485928424725e+001  1.4685485928424725e+001
  1.7744489943512108e+004  3.8161130160377197e+003  2.9823448228758471e+003  3.4434524041603822e+001  3.3592196361607250e+001  3.1839692776728498e+001  3.1839692776728498e+001  2.9248383549724167e+001  2.9248383549724167e+001  2.9248383549724167e+001  2.9248383549724167e+001  2.9248383549724167e+001  2.9248383549724167e+001  2.9248383549724167e+001
  2.3895971361417221e+004  6.5653307388152762e+003  2.6258000509697754e+003  3.5598120528600816e+000  5.4942461247264873e-007  5.4942461247264873e-007  5.4942461247264873e-007  5.4942461247264873e-007  5.4942461247264873e-007  5.4942461247264873e-007  5.4942461247264873e-007  5.4942461247264873e-007  5.4942461247264873e-007  5.4942461247264873e-007
  1.6959532769648944e+004  7.0450174628737896e+003  2.5388312594910376e+003  3.2485430542633821e+001  3.2485430542633821e+001  1.5629014971930133e+001  1.5629014971930133e+001  1.5629014971930133e+001  1.5629014971930133e+001  1.5629014971930133e+001  1.5629014971930133e+001  1.5629014971930133e+001  1.5629014971930133e+001  1.5629014971930133e+001
  2.0413752219421320e+004  7.9722712025411056e+003  3.4838508371127373e+003  2.1912484358946415e+001  1.5174203027079727e+001  1.3664634655463828e+001  1.3664634655463828e+001  1.3664634655463828e+001  1.3664634655463828e+001  1.3664634655463828e+001  1.3664634655463828e+001  1.3664634655463828e+001  1.3664634655463828e+001  1.3664634655463828e+001
  1.1596641449897841e+004  7.7121613898427486e+003  3.1978662852165398e+003  2.4587562347190556e+001  1.6257526590804787e+001  1.6257526590804787e+001  1.6257526590804787e+001  1.6257526590804787e+001  1.6257526590804787e+001  1.6257526590804787e+001  1.6257526590804787e+001  1.6257526590804787e+001  1.6257526590804787e+001  1.6257526590804787e+001
  1.6586566988142396e+004  4.5296899030674322e+003  2.9190421917545304e+003  2.1588400455547287e+001  1.4013794319320539e+001  1.4013794319320539e+001  1.4013794319320539e+001  1.4013794319320539e+001  1.4013794319320539e+001  1.4013794319320539e+001  1.4013794319320539e+001  1.4013794319320539e+001  1.4013794319320539e+001  1.4013794319320539e+001
  1.6601533185534066e+004  5.8278278201059575e+003  3.8034070941209156e+003  2.2517074159496929e+001  1.5593214608674373e+001  1.5593214608674373e+001  1.5593214608674373e+001  1.5593214608674373e+001  1.5593214608674373e+001  1.5593214608674373e+001  1.5593214608674373e+001  1.5593214608674373e+001  1.5593214608674373e+001  1.5593214608674373e+001
  2.1237528907453023e+004  6.0327277206917506e+003  3.4015607740982205e+003  1.9924783610886777e+001  1.4509930471985228e+001  8.1885977671660157e+000  8.1885977671660157e+000  1.3675862071326605e+000  1.6039992374317080e-006  1.6039992374317080e-006  1.6039992374317080e-006  1.6039992374317080e-006  1.6039992374317080e-006  1.6039992374317080e-006
  1.9696136873741601e+004  3.9718579919254607e+003  2.2799170593064473e+003  4.7689747704498188e+001  3.7396055966558379e+001  3.0446636335394658e+001  2.3835253815508111e+001  2.3835253815508111e+001  2.3835253815508111e+001  2.3835253815508111e+001  2.3835253815508111e+001  2.3835253815508111e+001  2.3835253815508111e+001  2.3835253815508111e+001
  2.2578806360043036e+004  6.0003385538038638e+003  2.8304776809450836e+003  2.5944994653778906e+001  1.9133447091377434e+001  1.9133447091377434e+001  1.9133447091377434e+001  1.9133447091377434e+001  1.9133447091377434e+001  1.9133447091377434e+001  1.9133447091377434e+001  1.9133447091377434e+001  1.9133447091377434e+001  1.9133447091377434e+001
  2.4303741593241291e+004  8.1208275898223383e+003  3.6097467695192181e+003  1.2690048833974288e-007  0.0000000000000000e+000  0.0000000000000000e+000  0.0000000000000000e+000  0.0000000000000000e+000  0.0000000000000000e+000  0.0000000000000000e+000  0.0000000000000000e+000  0.0000000000000000e+000  0.0000000000000000e+000  0.0000000000000000e+000
  2.3616699231573286e+004  7.3400116037702464e+003  2.8253492154636720e+003  2.7702215407119695e+001  2.7702215407119695e+001  2.7702215407119695e+001  2.7702215407119695e+001  2.7702215407119695e+001  2.7702215407119695e+001  2.7702215407119695e+001  2.7702215407119695e+001  2.7702215407119695e+001  2.7702215407119695e+001  2.7702215407119695e+001
  1.8539503725368486e+004  5.9810653220435015e+003  2.5354989452698278e+003  2.4017082517322706e+001  1.5701922492150288e+001  1.5701922492150288e+001  1.5701922492150288e+001  1.5701922492150288e+001  1.0921950052629995e+001  1.0921950052629995e+001  1.0921950052629995e+001  1.0921950052629995e+001  1.0921950052629995e+001  1.0921950052629995e+001
  1.6583513013058364e+004  5.3365426359224221e+003  3.2693758171069016e+003  2.1451036038180405e+001  1.4893948923286246e+001  1.4893948923286246e+001  1.4893948923286246e+001  1.4893948923286246e+001  1.4893948923286246e+001  1.4893948923286246e+001  1.4893948923286246e+001  1.4893948923286246e+001  1.4893948923286246e+001  1.4893948923286246e+001
  2.2664932025667378e+004  7.6065125839165894e+003  3.1547584205368898e+003  4.5410837411065700e+001  2.4960990399006107e+001  2.4015430880454403e+001  2.4015430880454403e+001  2.4015430880454403e+001  2.4015430880454403e+001  2.4015430880454403e+001  2.4015430880454403e+001  2.4015430880454403e+001  2.4015430880454403e+001  2.4015430880454403e+001
  1.9102527499151685e+004  6.9277224206498358e+003  3.5371913129947766e+003  1.0462094816630554e+001  4.3202991827124606e+000  4.3202991827124606e+000  4.3202991827124606e+000  4.3202991827124606e+000  4.3202991827124606e+000  4.3202991827124606e+000  4.3202991827124606e+000  4.3202991827124606e+000  4.3202991827124606e+000  4.3202991827124606e+000
  1.5728038516902732e+004  5.2876594890960378e+003  3.3919233530400124e+003  7.4002476088649018e+000  3.9866238543112331e+000  3.9866238543112331e+000  3.9866238543112331e+000  3.9866238543112331e+000  3.9866238543112331e+000  3.9866238543112331e+000  3.9866238543112331e+000  3.9866238543112331e+000  3.9866238543112331e+000  3.9866238543112331e+000
  2.3013757996687851e+004  7.4563946628893291e+003  2.2034847505603248e+003  3.1528204542202161e+001  2.5791664273184836e+001  2.5035163506935362e+001  2.5035163506935362e+001  2.5035163506935362e+001  2.5035163506935362e+001  2.5035163506935362e+001  2.5035163506935362e+001  2.5035163506935362e+001  2.5035163506935362e+001  2.5035163506935362e+001
  2.5673141764236148e+004  5.7299098103099032e+003  3.3768603096968613e+003  2.3523048502321160e+001  5.3321271919168112e+000  0.0000000000000000e+000  0.0000000000000000e+000  0.0000000000000000e+000  0.0000000000000000e+000  0.0000000000000000e+000  0.0000000000000000e+000  0.0000000000000000e+000  0.0000000000000000e+000  0.0000000000000000e+000
  2.4287118293585336e+004  7.1448965569660368e+003  2.9358012663654326e+003  7.3708339271246473e+001  4.3819950941305649e+001  2.4492140369147819e-006  2.4492140369147819e-006  0.0000000000000000e+000  0.0000000000000000e+000  0.0000000000000000e+000  0.0000000000000000e+000  0.0000000000000000e+000  0.0000000000000000e+000  0.0000000000000000e+000
  2.1401622782085669e+004  5.9144213166805512e+003  3.4822383044550029e+003  2.3887477520360846e+001  1.6092763577042490e+001  1.3222472780893384e+001  3.8884500942232876e+000  3.8884500942232876e+000  3.8884500942232876e+000  3.8884500942232876e+000  3.8884500942232876e+000  3.8884500942232876e+000  3.8884500942232876e+000  3.8884500942232876e+000
  1.3961198831342805e+004  8.3456024328654003e+003  2.9923414625745936e+003  2.4303852798462344e+001  1.6186451550707829e+001  1.6186451550707829e+001  1.6186451550707829e+001  1.6186451550707829e+001  1.6186451550707829e+001  1.6186451550707829e+001  1.6186451550707829e+001  1.6186451550707829e+001  1.6186451550707829e+001  1.6186451550707829e+001
  1.5585440382955128e+004  7.4602706027797922e+003  2.9475328142196590e+003  3.3807746775001419e+001  3.3445506562923413e+001  3.3445506562923413e+001  3.3445506562923413e+001  3.3445506562923413e+001  8.0139958953255928e+000  8.0139958953255928e+000  8.0139958953255928e+000  2.8132010179411964e+000  2.8132010179411964e+000  2.8132010179411964e+000
  1.5246901717138500e+004  5.9882344280660027e+003  2.5871835512862267e+003  2.2490442319513306e+001  1.1192297558125119e-001  4.8378045115669011e-003  4.8378045115669011e-003  4.8378045115669011e-003  4.8378045115669011e-003  4.8378045115669011e-003  4.8378045115669011e-003  4.8378045115669011e-003  4.8378045115669011e-003  4.8378045115669011e-003
  2.2352300164178443e+004  6.6158930874447515e+003  3.1258042345240106e+003  2.0808480441876043e+001  1.3835360766874771e+001  1.3835360766874771e+001  1.3835360766874771e+001  1.3835360766874771e+001  1.3835360766874771e+001  1.3835360766874771e+001  1.3835360766874771e+001  1.3835360766874771e+001  1.3835360766874771e+001  1.3835360766874771e+001
  1.6046500312098586e+004  6.3060095337845369e+003  2.3458715290698146e+003  4.0464978255309802e+001  2.8821554717530375e+001  2.0465691349650854e+001  2.0465691349650854e+001  2.0465691349650854e+001  2.0465691349650854e+001  2.0465691349650854e+001  2.0465691349650854e+001  2.0465691349650854e+001  2.0465691349650854e+001  1.4072748922898313e+001
  2.6794454595284296e+004  6.9355198007423178e+003  2.7971881511710430e+003  9.8799093221822432e+000  3.8395346155270431e+000  3.8395346155270431e+000  3.8395346155270431e+000  3.8395346155270431e+000  3.8395346155270431e+000  3.8395346155270431e+000  3.8395346155270431e+000  3.8395346155270431e+000  3.8395346155270431e+000  3.8395346155270431e+000
  1.4505467026146900e+004  7.9323351333315550e+003  3.7383080233986420e+003  4.0510736970279879e+001  4.0510736970279879e+001  3.5743640246662892e+001  2.9180570078562198e+001  2.9180570078562198e+001  2.9180570078562198e+001  2.9180570078562198e+001  2.9180570078562198e+001  2.9180570078562198e+001  1.7591942334072655e+001  1.7591942334072655e+001
  1.6170667146287735e+004  6.6377013774518082e+003  2.9747249030450234e+003  4.0855187669136626e+001  3.1766814582272104e+001  3.1766814582272104e+001  3.1766814582272104e+001  3.1766814582272104e+001  2.6122717455398572e+001  2.6122717455398572e+001  2.6122717455398572e+001  2.6122717455398572e+001  2.6122717455398572e+001  2.6122717455398572e+001
  2.2389803497392386e+004  5.9099372960903975e+003  2.8976597884797966e+003  2.4997234364478174e+001  1.7499360916920352e+001  1.7499360916920352e+001  1.7499360916920352e+001  1.7499360916920352e+001  1.7499360916920352e+001  1.7499360916920352e+001  1.7499360916920352e+001  1.7499360916920352e+001  1.7499360916920352e+001  1.7499360916920352e+001
  1.5838394167838340e+004  6.6637955675981848e+003  2.6017869756411642e+003  7.1652542737791691e+000  7.1087998768700800e-001  7.1087998768700800e-001  7.1087998768700800e-001  3.0485409752145642e-008  3.0485409752145642e-008  3.0485409752145642e-008  3.0485409752145642e-008  0.0000000000000000e+000  0.0000000000000000e+000  0.0000000000000000e+000
  1.9264231839839314e+004  6.8062914729005388e+003  3.1552956123215977e+003  2.3053123384005573e+001  1.5432772601980105e+001  1.5432772601980105e+001  1.5432772601980105e+001  1.5432772601980105e+001  1.5432772601980105e+001  1.5432772601980105e+001  1.0529392772903350e+001  1.0529392772903350e+001  1.0529392772903350e+001  1.0529392772903350e+001
  1.9142494700495248e+004  6.8235815788809114e+003  2.8151856974892562e+003  3.0948990121602378e+001  2.2397330768356142e+001  2.0910849791307271e+001  2.0910849791307271e+001  2.0910849791307271e+001  2.0910849791307271e+001  2.0910849791307271e+001  2.0910849791307271e+001  2.0910849791307271e+001  2.0910849791307271e+001  2.0910849791307271e+001
  2.1658063895149444e+004  7.7195932264817375e+003  2.7352485133735513e+003  2.1964890016025379e+001  1.4747273524629634e+001  1.4747273524629634e+001  1.4747273524629634e+001  1.4747273524629634e+001  1.4747273524629634e+001  1.4747273524629634e+001  1.4747273524629634e+001  1.4747273524629634e+001  1.4747273524629634e+001  1.4747273524629634e+001
  1.0703780173746754e+004  5.6329970560226957e+003  3.3365916160389438e+003  3.3496278141777054e+001  2.7517718296651253e+001  2.7517718296651253e+001  2.7517718296651253e+001  2.7517718296651253e+001  2.7517718296651253e+001  2.7517718296651253e+001  2.7517718296651253e+001  2.7517718296651253e+001  2.7517718296651253e+001  2.7517718296651253e+001
  2.4394364415658238e+004  7.2043349210160559e+003  3.0024133073764979e+003  4.5091479982667693e+001  2.2093954895888942e+001  2.2093954895888942e+001  2.2093954895888942e+001  1.9261010460538330e+001  1.9261010460538330e+001  1.9261010460538330e+001  1.9261010460538330e+001  1.9261010460538330e+001  1.9261010460538330e+001  1.9261010460538330e+001
  2.1917095018473956e+004  5.2231389945672145e+003  3.0666557713616726e+003  1.1507185186442598e+001  0.0000000000000000e+000  0.0000000000000000e+000  0.0000000000000000e+000  0.0000000000000000e+000  0.0000000000000000e+000  0.0000000000000000e+000  0.0000000000000000e+000  0.0000000000000000e+000  0.0000000000000000e+000  0.0000000000000000e+000
  2.1974625671037818e+004  5.5311180666285672e+003  2.6511824858488326e+003  4.5235362483471135e+000  5.3300312971487074e-002  5.3300312971487074e-002  5.3300312971487074e-002  5.3300312971487074e-002  5.3300312971487074e-002  5.3300312971487074e-002  5.3300312971487074e-002  5.3300312971487074e-002  5.3300312971487074e-002  5.3300312971487074e-002
  2.3398656252031440e+004  6.5904763717972819e+003  2.5377456428894643e+003  4.0443354611704194e+000  1.8883007288081899e-003  1.8883007288081899e-003  1.8883007288081899e-003  1.8883007288081899e-003  1.8883007288081899e-003  1.8883007288081899e-003  1.8883007288081899e-003  1.8883007288081899e-003  1.8883007288081899e-003  0.0000000000000000e+000
  1.9399834669439100e+004  2.9037383403194281e+003  1.7854433788455694e+003  4.3936881276379381e+001  3.5320691526972098e+001  6.5321782590215207e+000  6.5321782590215207e+000  6.5321782590215207e+000  6.5321782590215207e+000  6.5321782590215207e+000  6.5321782590215207e+000  6.5321782590215207e+000  6.5321782590215207e+000  0.0000000000000000e+000
  2.5197817182173945e+004  7.9005950726815281e+003  3.0039476278397760e+003  3.7015436914100690e+001  2.9961542017115789e+001  1.6193816510116108e+001  1.6193816510116108e+001  1.6193816510116108e+001  1.6193816510116108e+001  1.6193816510116108e+001  1.6193816510116108e+001  1.6193816510116108e+001  1.6193816510116108e+001  1.6193816510116108e+001
  2.0450129897131847e+004  6.9414932643609627e+003  2.6931688195770694e+003  3.9680333878427916e+001  2.1918205924443612e+001  2.1918205924443612e+001  2.1918205924443612e+001  2.1918205924443612e+001  2.1918205924443612e+001  2.1918205924443612e+001  2.1918205924443612e+001  2.1918205924443612e+001  2.1918205924443612e+001  2.1918205924443612e+001
  2.2423755361065458e+004  8.2703069359028195e+003  2.4396114659860850e+003  4.3391109012829133e+001  3.8864866315779295e+001  2.8292124113952354e+001  2.8292124113952354e+001  2.8292124113952354e+001  2.8292124113952354e+001  2.8292124113952354e+001  2.8292124113952354e+001  8.7916267675113318e+000  8.7916267675113318e+000  8.7916267675113318e+000
  1.9404288238615070e+004  5.4021466291803545e+003  2.8441226153753892e+003  4.0233159311447707e+001  3.7827043127869445e+001  3.7043306831300697e+001  3.1288971328345610e+001  3.1288971328345610e+001  2.4755267206854398e+001  2.4755267206854398e+001  2.4755267206854398e+001  2.4755267206854398e+001  2.4755267206854398e+001  2.4755267206854398e+001
  2.7697490024724328e+004  4.3419982226338416e+003  1.6680008664067800e+003  6.8953669363144343e+001  3.2600744190744990e-003  3.2600744190744990e-003  3.2600744190744990e-003  3.2600744190744990e-003  0.0000000000000000e+000  0.0000000000000000e+000  0.0000000000000000e+000  0.0000000000000000e+000  0.0000000000000000e+000  0.0000000000000000e+000
  2.4004210538060015e+004  7.0931045107959280e+003  2.8229139013224685e+003  7.1506539557128008e+001  3.2039250049216434e+000  3.2039250049216434e+000  3.2039250049216434e+000  3.2039250049216434e+000  3.2039250049216434e+000  3.2039250049216434e+000  3.2039250049216434e+000  3.2039250049216434e+000  3.2039250049216434e+000  3.2039250049216434e+000
  1.9328448108971395e+004  6.9320562292228587e+003  2.7436922112896050e+003  2.1892587071368212e+001  1.4190109129689176e+001  1.4190109129689176e+001  1.4190109129689176e+001  1.4190109129689176e+001  1.4190109129689176e+001  1.4190109129689176e+001  1.4190109129689176e+001  1.4190109129689176e+001  1.4190109129689176e+001  8.1575896072876048e+000
  2.1434907942248363e+004  5.2723640199339679e+003  2.8602267932709383e+003  2.0286085393644100e+001  2.0286085393644100e+001  2.0286085393644100e+001  2.0286085393644100e+001  2.0286085393644100e+001  2.0286085393644100e+001  2.0286085393644100e+001  2.0286085393644100e+001  2.0286085393644100e+001  2.0286085393644100e+001  2.0286085393644100e+001
  2.3781250865900438e+004  6.5009660664461198e+003  3.2298230839212501e+003  2.9899213931298618e-001  0.0000000000000000e+000  0.0000000000000000e+000  0.0000000000000000e+000  0.0000000000000000e+000  0.0000000000000000e+000  0.0000000000000000e+000  0.0000000000000000e+000  0.0000000000000000e+000  0.0000000000000000e+000  0.0000000000000000e+000
