  4.4980051071025741e+001  8.0897609377705066e+000  2.7688333648177377e+000  1.3577277402840764e+000  2.8107123037818837e-001  2.0928428368620189e-001  9.6031335791735728e-002  2.4637324187551712e-002  2.4637324187551712e-002  2.4637324187551712e-002  2.4637324187551712e-002  2.4637324187551712e-002  2.4637324187551712e-002  2.4637061068688126e-002
  4.8033789293089853e+001  1.2446806277476753e+001  4.7787903244611698e+000  1.4023224774517757e+000  4.1587239014791066e-001  6.4097563537757196e-002  9.8572846222850785e-003  9.8572846222850785e-003  9.8572846222850785e-003  9.8572846172828577e-003  9.8572846172828577e-003  9.8572846172828577e-003  9.8572846172828577e-003  9.8572846172828577e-003
  3.8620327083581628e+001  1.3734876357525877e+001  3.8661398262607918e+000  1.2995503946998497e+000  1.0089897691966598e-001  1.0089897688476412e-001  1.0089897688476412e-001  6.8932203824147109e-002  6.8932203824147109e-002  6.8932203824147109e-002  6.8932203824147109e-002  6.8932203824147109e-002  3.6913846964694130e-002  3.6913844304422128e-002
  6.7492288236600302e+001  1.2525495829399460e+001  2.5517188464476703e+000  1.3094213756203317e+000  1.4319316646356128e-001  1.2563536858181124e-001  1.0900387075628259e-001  2.7093396114878487e-002  2.7093396114878487e-002  2.7093396114878487e-002  2.2156143749839430e-002  2.2156143749839430e-002  2.2156143690835961e-002  2.2156143679808338e-002
  6.7988714083039667e+001  1.5580717949142695e+001  5.2373705774435848e+000  1.3536534264784450e+000  1.7229130576424723e-002  1.7229130576424723e-002  1.7228906518198528e-002  1.7228906518198528e-002  1.7226293876206000e-002  1.7226293876206000e-002  1.7226293876206000e-002  1.7226293876206000e-002  1.7226293876206000e-002  1.7226293876206000e-002
  9.9236281233547743e+000  6.1122614618554962e+000  3.1582175405853832e+000  1.4308010482155851e+000  2.6577834861097926e-001  3.6923655606415196e-002  3.2667986744172595e-002  2.5944127729644606e-002  2.3918190920653615e-002  2.3291268277375821e-002  2.3291268277375821e-002  1.5434608466307509e-002  1.5434608466307509e-002  0.0000000000000000e+000
  6.2180606839461007e+001  1.6200626178712241e+001  2.7394033386507317e+000  1.3598271707197682e+000  5.6611266826394058e-002  5.6611266826394058e-002  5.6611266826394058e-002  1.2543219515805504e-002  1.2343679162540866e-002  1.2323995400379317e-002  1.2323995400379317e-002  1.2323995400379317e-002  9.8572846563911298e-003  9.8572846151228077e-003
  3.6266411485248000e+001  1.4036247488537356e+001  6.3053771385484652e+000  1.7749980507185228e+000  5.6958486437565625e-002  5.4901045116935165e-002  5.1710810782424232e-002  5.1710810782424232e-002  5.1710810782424232e-002  4.9163723218271116e-002  3.4447721632886896e-002  3.4447721632886896e-002  3.4447721632886896e-002  3.4447721044898572e-002
  5.5745415026229466e+001  1.7513395335726386e+001  5.7532378369407979e+000  1.6856783856178481e+000  1.9923848291580271e-001  5.6623494121481599e-002  5.6623494121481599e-002  5.6623494121481599e-002  5.4180277573209423e-002  5.4180277573209423e-002  5.4083797500197761e-002  5.4083797494854480e-002  0.0000000000000000e+000  0.0000000000000000e+000
  5.7690065850066958e+001  1.2843054786630773e+001  3.1917421951368397e+000  1.9555438024902969e+000  2.3385157006941881e-002  2.2639367275928635e-002  5.9125572686298256e-003  2.9051564880546721e-003  0.0000000000000000e+000  0.0000000000000000e+000  0.0000000000000000e+000  0.0000000000000000e+000  0.0000000000000000e+000  0.0000000000000000e+000
  2.4172068409902408e+001  4.5027118136652007e+000  3.5527712114867427e+000  1.4164734310423910e+000  7.1376192616639855e-002  7.1376192616639855e-002  7.1376192616639855e-002  7.1376192616639855e-002  4.9176046834759291e-002  4.9176046834759291e-002  3.2013428542313704e-002  3.2013428542313704e-002  1.7226294013767074e-002  1.7226293872681708e-002
  4.5370536593631641e+001  1.4888447629117536e+001  4.0204206960875126e+000  1.5614561630310391e+000  4.6751464064072934e-002  4.6751464064072934e-002  4.6751464063959247e-002  2.9505721718123823e-002  2.7323717240960832e-002  2.7323717240960832e-002  2.6169334781570797e-002  2.5794405038936929e-002  2.5779077680567752e-002  2.2126733441723445e-002
  4.6942393768468946e+001  1.0694349243377246e+001  3.6194822252332415e+000  1.1458893042287173e+000  2.5645971381993604e-001  5.9008726735214623e-002  3.2035563530484978e-002  3.2035563530484978e-002  3.2035563530484978e-002  3.2035563530484978e-002  9.8646720747410654e-003  9.8646720747410654e-003  9.8646720747410654e-003  9.8646720747410654e-003
  3.3528483115916742e+001  1.7326722648730652e+001  3.5412836818563846e+000  1.1628936797355891e+000  1.9468927291484306e-001  2.9562029010321567e-002  1.2316072527255528e-002  1.2316072527255528e-002  1.2316072527255528e-002  1.2316072527255528e-002  1.2316072527255528e-002  1.2316072527255528e-002  1.2316072527255528e-002  1.2316072527255528e-002
  3.5817456313777370e+001  1.0433791456155518e+001  4.0929445425846325e+000  1.2381730803423352e+000  1.6930555584474405e-001  1.6888308318095824e-001  8.3680055716399693e-002  4.1824086361430091e-002  4.1824086361430091e-002  1.9699861999470158e-002  1.9699417391279894e-002  1.9699368924534610e-002  1.9699017788980200e-002  1.9697356021197265e-002
  4.0123027640008445e+001  7.9564234966404683e+000  1.9783437544068647e+000  1.2198911013456382e+000  8.4333123893145512e-001  4.4366404824813799e-002  4.4366404824813799e-002  4.4366404824813799e-002  4.1870740431022568e-002  4.1870740431022568e-002  4.1870733619475686e-002  4.1870733619475686e-002  4.1870732602546923e-002  4.1870730183973137e-002
  4.6095600787524290e+001  1.7883307860035870e+001  5.5919867285143710e+000  1.8433778747322549e+000  2.4070157477649445e-001  2.0137708896425011e-001  1.6607332189403223e-001  4.6744094282189508e-002  4.6744094282189508e-002  4.6744094282189508e-002  4.6744094282189508e-002  3.2006111665054959e-002  9.8572846271736125e-003  9.8572846155775551e-003
  3.3921903969998993e+001  9.7629505768259150e+000  2.0478953516646925e+000  1.1862064224894766e+000  2.9498241815190340e-002  2.9498241712644813e-002  2.9498241712644813e-002  2.9498241712644813e-002  1.3953200697528700e-002  7.9557582774896218e-003  0.0000000000000000e+000  0.0000000000000000e+000  0.0000000000000000e+000  0.0000000000000000e+000
  6.2925385802614301e+001  7.9097531447476968e+000  4.0051483837553405e+000  1.3035387839365740e+000  9.1085961928911274e-002  5.3253932230290957e-002  7.3960408719813131e-003  7.3960408719813131e-003  7.3960408719813131e-003  7.3960408719813131e-003  7.3960408719813131e-003  7.3960408719813131e-003  7.3960408719813131e-003  7.3960403434512045e-003
  2.0524443632233556e+001  5.4367184851415686e+000  3.7497488457190684e+000  1.3696403196646543e+000  3.4828870742580875e-001  1.4003625073837611e-001  3.4081494063116224e-002  3.4081494063116224e-002  3.0515350033510913e-002  2.9297559461838318e-002  2.7586144304677873e-002  2.5270967392771126e-002  2.5270967392771126e-002  2.2185660874697533e-002
  4.5849173491292163e+001  4.7474668601321355e+000  4.3214602350490168e+000  1.3621427572671791e+000  7.8218132875349511e-002  9.8646736665841672e-003  9.8646720696251577e-003  9.8646720696251577e-003  9.8646720696251577e-003  9.8646720696251577e-003  9.8646720696251577e-003  9.8646720696251577e-003  9.8646720696251577e-003  9.8646720692840972e-003
  1.5971893939474853e+001  8.3315484094516705e+000  4.2481422605885655e+000  1.3984492934514492e+000  7.3817379086449364e-002  6.6434107940835929e-002  6.6434107940835929e-002  6.6434107940835929e-002  6.6434107940835929e-002  6.6434107940835929e-002  6.6434107940835929e-002  6.6434107940835929e-002  5.9097073317730064e-002  5.9097072597523947e-002
  5.9389146264476494e+001  1.4368998764144635e+001  4.8266544469785231e+000  1.4916145146698909e+000  1.1299714196172772e-001  2.2185660880154501e-002  2.2185660868672130e-002  2.2185660868672130e-002  2.2185660868672130e-002  2.2185660868672130e-002  2.2185660868672130e-002  2.2185660868672130e-002  2.2185660868672130e-002  2.2185660868672130e-002
  3.6102520223911938e+001  8.6167312070882645e+000  3.6003775833046348e+000  1.6923849139134290e+000  1.9521676283000033e-001  1.6075459804255843e-002  1.2316075913872737e-002  1.2316075913872737e-002  1.2316075913872737e-002  1.2316072587736926e-002  1.2316072587736926e-002  1.2316072587736926e-002  1.2316072587736926e-002  1.2316072526573407e-002
  4.6396192312837684e+001  1.2583882053513776e+001  5.7247132217360104e+000  1.5804599531899157e+000  8.5691273404336243e-002  2.9564466285592061e-002  2.4590437625533923e-002  1.9697356404321908e-002  1.9697356404321908e-002  1.9697356036999736e-002  1.9697356036999736e-002  1.9697356036999736e-002  1.9697356036999736e-002  1.9697356020856205e-002
  3.8151151798308661e+001  1.4293876119602260e+001  3.9936911485916653e+000  1.3137436054528280e+000  4.4323046670228905e-002  4.4277971064047961e-002  2.2151242034965435e-002  2.2151242034965435e-002  2.2151242034965435e-002  1.4772407859027226e-002  1.4772407859027226e-002  1.4772407859027226e-002  1.4772407736018067e-002  1.4772407731129533e-002
  4.5115776018311067e+001  5.3286570179657247e+000  4.4567173962927882e+000  1.4163481106771769e+000  1.2546242663256635e-001  3.2006110398356213e-002  3.2006110398356213e-002  3.2006110398356213e-002  3.2006110398356213e-002  2.9564466188389815e-002  2.7066364670304210e-002  2.7066364670304210e-002  2.7066364303664159e-002  2.7066364296729262e-002
  4.9213849550313626e+001  5.3722961631173121e+000  3.4561369087473395e+000  1.7617740846303604e+000  3.1722679419897304e-001  4.6065110527365505e-002  4.5994030422093601e-002  4.4278015769805279e-002  4.4278015752638566e-002  4.4278015752638566e-002  2.9628909755388122e-002  2.9628909755388122e-002  1.4772407729992665e-002  1.4772407729992665e-002
  5.2180124104808897e+001  1.0853240655994114e+001  3.4280993841089185e+000  1.2158078883596772e+000  2.7409074080992468e-002  2.1224949800512150e-002  7.3960403756245796e-003  7.3960403625505933e-003  7.3960403625505933e-003  7.3960403460660018e-003  7.3960403460660018e-003  7.3960403460660018e-003  7.3960403460660018e-003  7.3960403460660018e-003
  1.7136902625891025e+001  7.6374390189898804e+000  4.6755930592249797e+000  1.7172693470754439e+000  3.6906508696006313e-002  3.6906508252513959e-002  3.6906508245692748e-002  3.6906508245692748e-002  1.9710332415797893e-002  1.9710332415797893e-002  1.9710332415797893e-002  1.9707833684833531e-002  1.9706992393707878e-002  1.9697356021765700e-002
  6.1324800095665410e+001  1.2501514891741067e+001  3.0989318329503703e+000  1.5009718553201310e+000  1.7401546764813247e-001  9.3601224360099877e-002  9.3601224303370145e-002  5.6591614938156454e-002  5.6591614938156454e-002  7.3960422469099285e-003  7.3960422469099285e-003  7.3960422469099285e-003  7.3960422469099285e-003  7.3960403431101440e-003
  3.9682804054561302e+001  2.3930454506783917e+001  5.5654359701693465e+000  1.2088887868350184e+000  6.6465974256175286e-002  6.6465974256175286e-002  1.4678532860898486e-002  4.1190820024894492e-003  0.0000000000000000e+000  0.0000000000000000e+000  0.0000000000000000e+000  0.0000000000000000e+000  0.0000000000000000e+000  0.0000000000000000e+000
  3.7380538358781450e+001  5.3659368515982351e+000  1.9369324891401902e+000  1.2837008528566685e+000  1.2323821751124342e-002  1.2323821751124342e-002  1.2323821751124342e-002  1.2323821751124342e-002  1.2323821751124342e-002  1.2323821751124342e-002  1.2323077825158180e-002  1.2323077825158180e-002  1.2323077825158180e-002  1.2320988881242556e-002
  8.4683819399819754e+001  4.9387101740384196e+000  4.0027046236722299e+000  1.4426335194436888e+000  7.1401202057927549e-002  7.1401202057927549e-002  2.7051681263628780e-002  2.7051681263628780e-002  2.7051681259422367e-002  2.7051681259422367e-002  2.7051681259422367e-002  2.7051681259422367e-002  2.7051681259422367e-002  2.7051681259422367e-002
  1.7791796758921123e+001  6.8785052396376614e+000  2.6511042717863802e+000  1.1009644601443824e+000  1.9697356671144917e-002  1.9697356059396043e-002  1.9697356059396043e-002  1.9697356059396043e-002  1.9697356059396043e-002  1.9697356059396043e-002  1.9697356059396043e-002  1.9697356059396043e-002  1.9697356059396043e-002  1.9697356020742518e-002
  1.9181494857142297e+001  8.5681535220021487e+000  3.3171010473405431e+000  1.5642302647512452e+000  3.8920208424053726e-001  5.4186801270475371e-002  5.4186801270475371e-002  1.7236111931765663e-002  1.7236111931765663e-002  1.7236111931765663e-002  1.7236111931765663e-002  1.7236111931765663e-002  1.7236111931765663e-002  1.7236111931765663e-002
  2.9139334063175511e+001  1.1386127191389164e+001  4.4317118908189741e+000  1.5884323013827952e+000  1.1415652988659986e-001  8.3756209683656380e-002  5.6689849870167563e-002  5.6689849870167563e-002  5.6689849870167563e-002  5.6689849870167563e-002  5.6689849870167563e-002  5.6689849870167563e-002  5.6689849870167563e-002  4.1767683953366941e-002
  1.9557614274062303e+001  1.0060641060541457e+001  4.6031968216963151e+000  1.4907029394970550e+000  3.1274121010312683e-001  6.1616947679794976e-002  2.9606548568381186e-002  2.9606548568381186e-002  2.9606548568381186e-002  2.9547283897386478e-002  2.9547283897386478e-002  2.9547283897386478e-002  2.9547283897386478e-002  2.9547282019848353e-002
  5.6400574129450206e+001  1.5334668822980916e+001  2.9152986413040480e+000  1.4097857597226948e+000  1.2800220728536260e-001  8.6210090781264626e-002  3.4467313390791787e-002  0.0000000000000000e+000  0.0000000000000000e+000  0.0000000000000000e+000  0.0000000000000000e+000  0.0000000000000000e+000  0.0000000000000000e+000  0.0000000000000000e+000
  3.0965187621138512e+001  1.8228994083625935e+001  5.0386090092720224e+000  1.3722518724531483e+000  2.4637065580122908e-002  2.4637065580122908e-002  2.4637065580122908e-002  2.4637065580122908e-002  2.2151242021777762e-002  2.2151242021777762e-002  2.2151242021777762e-002  2.2151242021777762e-002  2.2151242021777762e-002  2.2151242021777762e-002
  4.2179747603131318e+001  1.0740995843703104e+001  5.2361769503906999e+000  1.8373480677287262e+000  3.1942367549618211e-002  1.9677853568509818e-002  1.9677734613765097e-002  0.0000000000000000e+000  0.0000000000000000e+000  0.0000000000000000e+000  0.0000000000000000e+000  0.0000000000000000e+000  0.0000000000000000e+000  0.0000000000000000e+000
  2.9326892914968880e+001  1.4610736569382425e+001  5.7868347088373184e+000  1.6100930561269706e+000  2.4745351845695041e-002  2.4745351845695041e-002  2.4745351845695041e-002  2.4745351845695041e-002  2.4745351845695041e-002  2.4637066144805431e-002  2.4637066144805431e-002  2.4637061388602888e-002  2.4637061323574017e-002  2.4637061075736710e-002
  2.7896304273241071e+001  9.5334624443331677e+000  3.0499494326672902e+000  1.2351030786946922e+000  3.2394148977687109e-002  3.2013427733204480e-002  2.9564466374154108e-002  2.9564466374154108e-002  2.9564466374154108e-002  2.9564466302645087e-002  2.9564466302645087e-002  2.9564466192141481e-002  2.9554673185316460e-002  2.9554669837125402e-002
  4.8173136347758486e+001  1.3536224864729775e+001  3.4052422395791382e+000  1.4188651454136334e+000  1.9619577495063822e-002  1.4772407788996134e-002  1.4772407732380088e-002  1.4772407732380088e-002  1.4772407732380088e-002  1.4772407732380088e-002  1.4772407732380088e-002  1.4772407732380088e-002  1.4772407732380088e-002  1.4772407732266402e-002
  2.9505046768229022e+001  8.8612707417021284e+000  2.7921712833100401e+000  1.1065832200868044e+000  1.4050279315290481e-001  3.8640933548435896e-002  0.0000000000000000e+000  0.0000000000000000e+000  0.0000000000000000e+000  0.0000000000000000e+000  0.0000000000000000e+000  0.0000000000000000e+000  0.0000000000000000e+000  0.0000000000000000e+000
  5.1107807887826084e+001  1.0801940967567020e+001  5.6456211179646516e+000  1.4020427497077890e+000  2.5793195697190185e-001  1.2320992783998008e-002  1.2320992783998008e-002  1.2320992783998008e-002  1.2320992783998008e-002  1.2320992783998008e-002  1.2320989849513353e-002  1.2320989849513353e-002  1.2320989849513353e-002  1.2320988882038364e-002
  2.6595244879843563e+001  1.4187811609265054e+001  4.5423284568905729e+000  1.3717375101464313e+000  2.5632384969287614e-001  3.1971690576938272e-002  3.1971689874694675e-002  3.1971689874694675e-002  3.1971689874694675e-002  3.1971689874694675e-002  3.1971689874694675e-002  3.1971689874694675e-002  3.1971689874694675e-002  3.1971689872648312e-002
  6.2568335229773538e+001  5.1554323896190226e+000  4.4722052772268626e+000  1.3538904291151539e+000  9.0964532776411033e-002  2.4644448867206847e-002  2.4644448867206847e-002  2.2151242302697938e-002  2.2151242302697938e-002  2.2151242302697938e-002  2.2151242302697938e-002  2.2151242302697938e-002  2.2151242269387694e-002  2.2151242024165185e-002
  5.4921664374125612e+001  1.5729660852071675e+001  2.9291253468280729e+000  1.3443498020872084e+000  6.9154995389828855e-001  2.3613504134630148e-001  1.0343648202433542e-001  1.0343648202433542e-001  8.3677554397695530e-002  8.3677554397695530e-002  8.3677554249902641e-002  8.3677554249902641e-002  8.3677554249902641e-002  8.3677554249902641e-002
  4.9105937258029826e+001  1.0415562242086366e+001  2.7540900279232119e+000  1.1313901650245271e+000  9.1525207511210738e-001  7.8420545079211479e-002  1.9697356043479886e-002  1.9697356043479886e-002  1.9697356043479886e-002  1.9697356043479886e-002  1.9697356043479886e-002  1.9697356043479886e-002  1.9697356043479886e-002  1.9697356021424639e-002
  1.4833265015055304e+001  9.2571336842902383e+000  4.9820271805449465e+000  1.2802052662005963e+000  1.0839326995233023e-001  6.1543573216340519e-002  2.7093396100440259e-002  2.7093396100440259e-002  2.7093396098621270e-002  1.9738245659709719e-002  1.9738245659709719e-002  1.9738245659709719e-002  1.9728779285060227e-002  1.9697356021083579e-002
