  1.7282130152260879e+002  1.6678064008208185e+002  1.6075186350389549e+002  1.5934341175833151e+002  1.2806103000800886e+002  1.2806103000797748e+002  1.2806103000797748e+002  1.2806103000797748e+002  1.2542228259339936e+002  1.2048302572484090e+002  1.2048302572484090e+002  1.1969426563541674e+002  1.1969426563541674e+002  1.1622572471141893e+002
  1.7186761011087265e+002  1.5028579603647131e+002  1.5028579603647131e+002  1.4138038747441351e+002  1.2548543034838212e+002  1.2548543034838212e+002  1.2519916348145216e+002  1.2519916348145216e+002  1.2519916348145216e+002  1.2519916348145216e+002  1.2519916348145216e+002  1.1452678808786504e+002  1.1452678808786504e+002  1.1452678808786504e+002
  1.9451712119141575e+002  1.6438145394709773e+002  1.5544333168231287e+002  1.4586854642902426e+002  1.3196627276604067e+002  1.3196627276604067e+002  1.2690364655880376e+002  1.1322081607033215e+002  1.1322081607033215e+002  1.1322081607033215e+002  1.1322081607033215e+002  1.1322081607033215e+002  1.1322081607033215e+002  1.1322081607033215e+002
  1.9732355535169791e+002  1.7929615269142096e+002  1.7256101716264084e+002  1.5630273095869325e+002  1.3159334890989157e+002  1.1650325888693487e+002  1.1650325888693487e+002  1.1650325888693487e+002  1.1650325888693487e+002  1.1650325888693487e+002  1.1650325888693487e+002  1.1650325888693487e+002  1.1650325888693487e+002  1.1650325888693487e+002
  1.6275651562814664e+002  1.4671316116392518e+002  1.4291047738842462e+002  1.4291047738842462e+002  1.3339448429167442e+002  1.1891473640176673e+002  1.1891473640176673e+002  1.1891473640176673e+002  1.1891473640176673e+002  1.1322474056850842e+002  1.1322474056850842e+002  1.1322474056850842e+002  1.1322474056850842e+002  1.1322474056850842e+002
  1.7129570309189694e+002  1.7129570309189694e+002  1.5878327208672999e+002  1.3547595553167275e+002  1.1911401410384406e+002  1.1911401410384406e+002  1.1911401410384406e+002  1.1911401410384406e+002  1.1911401410384406e+002  1.1911401410384406e+002  1.1911401410384406e+002  1.1911401410384406e+002  1.1625498785212721e+002  1.1625498785212721e+002
  2.0282840628335134e+002  1.8448632136307515e+002  1.6617782928109273e+002  1.5279990638713207e+002  1.1755442611717444e+002  1.1755442611717444e+002  1.1755442611717444e+002  1.1755442611717444e+002  1.1755442611717444e+002  1.1755442611717444e+002  1.1755442611717444e+002  1.1755442611717444e+002  1.1755442611717444e+002  1.1755442611717444e+002
  2.0138143626550391e+002  1.6766327120694723e+002  1.6620820070691389e+002  1.4522192634031808e+002  1.2436558490273774e+002  1.2436558490270227e+002  1.2052065952398470e+002  1.2052065952397516e+002  1.2052065952397516e+002  1.2000083440814797e+002  1.2000083440814115e+002  1.2000083440814115e+002  1.2000083440814115e+002  1.2000083440814115e+002
  2.1192413945637236e+002  1.7552318977473851e+002  1.7080107803261762e+002  1.6743651441075099e+002  1.1987724850415816e+002  1.1987724850415771e+002  1.1987724850415771e+002  1.1987724850415771e+002  1.1987724850415771e+002  1.1635484332078522e+002  1.1635484332078522e+002  1.1635484332078522e+002  1.1635484332078522e+002  1.1635484332078522e+002
  1.9454605771933257e+002  1.7594933318343055e+002  1.7458792915915683e+002  1.4718204559059950e+002  1.2648977336463531e+002  1.2291592336955046e+002  1.1981232023234043e+002  1.1981232023234043e+002  1.1981232023234043e+002  1.1981232023234043e+002  1.1981232023234043e+002  1.1981232023234043e+002  1.1981232023234043e+002  1.1002674457181138e+002
  1.8249622469948599e+002  1.7602903577038933e+002  1.6436253538826850e+002  1.4906129737587162e+002  1.4299490004278141e+002  1.3052199881230854e+002  1.1603949704097977e+002  1.1389811558132124e+002  1.1389811558132124e+002  1.1389811558132124e+002  1.1389811558132124e+002  1.1389811558132124e+002  1.1389811558132124e+002  1.1389811558132124e+002
  1.9798686625138043e+002  1.7778502158814899e+002  1.7063177835836541e+002  1.5439964664137051e+002  1.4019522021117837e+002  1.3274065150642264e+002  1.2595662325479134e+002  1.2595662325478997e+002  1.2595662325478997e+002  1.2595662325478997e+002  1.2595662325478997e+002  1.1758142741177517e+002  1.1423147156569939e+002  1.1423147156569939e+002
  2.0178733115585283e+002  1.8000259772905429e+002  1.6794741391105663e+002  1.4266456364822352e+002  1.1919190607335486e+002  1.1755316967299677e+002  1.1755316967299677e+002  1.1755316967299677e+002  1.1755316967299677e+002  1.1755316967299677e+002  1.1755316967299677e+002  1.1755316967299677e+002  1.1755316967299677e+002  1.1755316967299677e+002
  1.9394926386948237e+002  1.6154558328030453e+002  1.5382234250082411e+002  1.5382234250082411e+002  1.2668258268326554e+002  1.1211630585050443e+002  1.1211630585050443e+002  1.1211630585050443e+002  1.1211630585050443e+002  1.1211630585050443e+002  1.1211630585050443e+002  1.1211630585050443e+002  1.1211630585050443e+002  1.1211630585050443e+002
  1.7003617136212370e+002  1.6951435138944362e+002  1.5429180177128683e+002  1.4228274939913854e+002  1.2466353076165751e+002  1.1879852038537274e+002  1.1879852038537274e+002  1.1879852038537047e+002  1.1879852038537047e+002  1.1879852038537047e+002  1.1645839110702445e+002  1.1645839110702445e+002  1.1645839110702445e+002  1.1645839110702445e+002
  1.8666042931212860e+002  1.7073443832451539e+002  1.6128766203826399e+002  1.5564068130985606e+002  1.3548457121046613e+002  1.1250607450980942e+002  1.1250607450980942e+002  1.1250607450980942e+002  1.1250607450980942e+002  1.1250607450980942e+002  1.1250607450980942e+002  1.1250607450980942e+002  1.1250607450980942e+002  1.1250607450980942e+002
  2.0690872825165025e+002  1.5770712764120708e+002  1.5596371798282780e+002  1.4924321474515455e+002  1.4374524690054113e+002  1.1731165717783688e+002  1.1731165717783688e+002  1.1731165717783688e+002  1.1731165717783688e+002  1.1731165717783688e+002  1.1731165717783688e+002  1.1401486247119283e+002  1.1401486247119283e+002  1.1401486247119283e+002
  2.0337295484272227e+002  1.7504672060991834e+002  1.6322715944328274e+002  1.4029255909094400e+002  1.3002054341713620e+002  1.1171630355973093e+002  1.1171630355973093e+002  1.1171630355973093e+002  1.1066335562636959e+002  1.1066335562636959e+002  1.1066335562636959e+002  1.1066335562636959e+002  1.1066335562636959e+002  1.1066335562636959e+002
  2.1248290414200983e+002  1.8008295254426184e+002  1.6057313216457487e+002  1.5659333681769158e+002  1.2422019598705992e+002  1.2422019598705856e+002  1.2422019598705856e+002  1.1681306254879610e+002  1.1681306254879610e+002  1.1681306254879610e+002  1.1681306254879610e+002  1.1681306254879610e+002  1.1681306254879610e+002  1.1681306254879610e+002
  1.8285010670024531e+002  1.7110024533195474e+002  1.4094320232664086e+002  1.3980371031660343e+002  1.2712137987997221e+002  1.2712137987997221e+002  1.1866068310977334e+002  1.1536763533787007e+002  1.1338557379960412e+002  1.1338557379960412e+002  1.1338557379960412e+002  1.1338557379960412e+002  1.1338557379960412e+002  1.1338557379960412e+002
  1.9215569267878391e+002  1.7856234415327935e+002  1.6720074202898422e+002  1.4377207337041955e+002  1.1554402806309372e+002  1.1554402806309372e+002  1.1554402806309372e+002  1.1554402806309372e+002  1.1416556761996526e+002  1.1416556761996526e+002  1.1416556761996526e+002  1.1416556761996526e+002  1.1416556761996526e+002  1.1416556761996526e+002
  2.1858344574533930e+002  1.7160654582775214e+002  1.7160654582775214e+002  1.5276130905296077e+002  1.3041348342217407e+002  1.2010521964576401e+002  1.2010521964576401e+002  1.2010521964576401e+002  1.2010521964576401e+002  1.2010521964576401e+002  1.2010521964576401e+002  1.2010521964576401e+002  1.2010521964576401e+002  1.2010521964576401e+002
  1.9077266651172658e+002  1.6289407240264518e+002  1.5280549580562911e+002  1.5082882931156246e+002  1.2978472072978320e+002  1.1985900733049630e+002  1.1985900733049630e+002  1.1985900733049630e+002  1.1985900733049630e+002  1.1985900733049630e+002  1.1985900733049630e+002  1.1985900733049630e+002  1.1985900733049630e+002  1.1985900733049630e+002
  1.8928184451571224e+002  1.7356042115477021e+002  1.5673608118305856e+002  1.5193388409256704e+002  1.3997556824977846e+002  1.1509856291057531e+002  1.1509856291056803e+002  1.1509856291056803e+002  1.1509856291056803e+002  1.1509856291056803e+002  1.1509856291056803e+002  1.1509856291056803e+002  1.1509856291056803e+002  1.1509856291056803e+002
  1.7112935537796693e+002  1.6686281974745316e+002  1.6636934599274537e+002  1.5472776736882679e+002  1.2426817443285381e+002  1.1513269964051187e+002  1.1513269964051187e+002  1.1513269964051187e+002  1.1513269964051187e+002  1.1513269964051187e+002  1.1513269964051187e+002  1.1513269964051187e+002  1.1513269964051187e+002  1.1513269964051187e+002
  2.0522183563693670e+002  1.8228290617092307e+002  1.6971917496970354e+002  1.4793520040365593e+002  1.2519015615680064e+002  1.2519015615680064e+002  1.1900290682040531e+002  1.1874662601168711e+002  1.1602442959858718e+002  1.1439150037404124e+002  1.1439150037404124e+002  1.1439150037404124e+002  1.1439150037404124e+002  1.1439150037404124e+002
  1.7370412912174379e+002  1.4228969223645618e+002  1.4228969223645618e+002  1.3774009437610539e+002  1.1812896027676197e+002  1.1050890711855209e+002  1.1050890711855209e+002  1.1050890711855209e+002  1.1050890711855209e+002  1.1050890711855209e+002  1.1050890711855209e+002  1.1050890711855209e+002  1.1050890711855209e+002  1.1050890711855209e+002
  2.1771854901879306e+002  1.8693839156944887e+002  1.6908967844373501e+002  1.5706329907459804e+002  1.2337467115792697e+002  1.2337467115792697e+002  1.2061585863732353e+002  1.2061585863732353e+002  1.2061585863732353e+002  1.2061585863732353e+002  1.1902948956347564e+002  1.1902948956347564e+002  1.1308441932290089e+002  1.1308441932290089e+002
  2.1669432549159228e+002  1.9552287065654036e+002  1.5310748785343276e+002  1.5310748785343276e+002  1.3806643374059058e+002  1.2580976740090273e+002  1.1551645585305687e+002  1.1551645585305687e+002  1.1452843085940731e+002  1.1452843085940731e+002  1.1452843085940731e+002  1.1452843085940731e+002  1.1452843085940731e+002  1.1452843085940731e+002
  2.0441202996867605e+002  1.7590993077409757e+002  1.6614003671737055e+002  1.5367245425849751e+002  1.3546819060209964e+002  1.1832149210375974e+002  1.1832149210375974e+002  1.1378824643645248e+002  1.1378824643645248e+002  1.1378824643645248e+002  1.1378824643645248e+002  1.1378824643645248e+002  1.1378824643645248e+002  1.1378824643645248e+002
  1.9579583051901682e+002  1.7141102348029517e+002  1.6409322867421270e+002  1.6409322867421270e+002  1.2251622089499415e+002  1.2251622089499415e+002  1.2251622089499415e+002  1.2251622089499415e+002  1.2251622089499415e+002  1.2251622089499415e+002  1.1681989519165063e+002  1.1681989519165063e+002  1.1681989519165063e+002  1.1681989519165063e+002
  2.1194146699952034e+002  1.8001989887029913e+002  1.6620106877187209e+002  1.4356613109391583e+002  1.3250834055829091e+002  1.2510092480624417e+002  1.2034025552783487e+002  1.2034025552783487e+002  1.2034025552783487e+002  1.1473528190302750e+002  1.1473528190302750e+002  1.1473528190302750e+002  1.1473528190302750e+002  1.1473528190302750e+002
  2.0604598252804499e+002  1.7616064813745515e+002  1.6457898328820238e+002  1.6198393876243381e+002  1.4028327828968986e+002  1.1054844970289423e+002  1.1054844970289423e+002  1.1054844970289423e+002  1.1054844970289423e+002  1.1054844970289423e+002  1.1054844970289423e+002  1.1054844970289423e+002  1.1054844970289423e+002  1.1054844970289423e+002
  1.6196012336846024e+002  1.5872830158473107e+002  1.5872830158473107e+002  1.4943255587302565e+002  1.4001561937411270e+002  1.1852506802075550e+002  1.1852506802075550e+002  1.1629151466671874e+002  1.1629151466671874e+002  1.1471973117950893e+002  1.1471973117950893e+002  1.1471973117950893e+002  1.1471973117950893e+002  1.1471973117950893e+002
  1.9424826087126712e+002  1.7069394076232538e+002  1.5916930414005810e+002  1.4758752532558174e+002  1.1698391065462238e+002  1.1698391065462238e+002  1.1399004714815646e+002  1.1399004714815646e+002  1.1399004714815646e+002  1.1399004714815646e+002  1.1399004714815646e+002  1.1399004714815646e+002  1.1399004714815646e+002  1.1399004714815646e+002
  2.0322279913506190e+002  1.9352241526616672e+002  1.7912856858770056e+002  1.5715958141773262e+002  1.3008782253174468e+002  1.2437400296259557e+002  1.2199604139823305e+002  1.2000596334675083e+002  1.2000596334675083e+002  1.1459316818809612e+002  1.1459316818809612e+002  1.1459316818808884e+002  1.1459316818808884e+002  1.1459316818808884e+002
  1.8841576310828896e+002  1.7611156757460230e+002  1.3960540400110085e+002  1.3536189338199483e+002  1.2090008688068383e+002  1.2090008688068383e+002  1.1598264037619811e+002  1.1598264037619811e+002  1.1598264037619811e+002  1.1598264037619811e+002  1.1598264037619811e+002  1.1598264037619811e+002  1.1598264037619811e+002  1.1598264037619811e+002
  1.8901343198534869e+002  1.7776696333941436e+002  1.7706039016923023e+002  1.6392274312600284e+002  1.3462266743135751e+002  1.3298263187800376e+002  1.1194516757047631e+002  1.1194516757047631e+002  1.1194516757047631e+002  1.1194516757047631e+002  1.1194516757047631e+002  1.1194516757047631e+002  1.1194516757047631e+002  1.1194516757047631e+002
  2.0515404248612413e+002  1.7542079565959784e+002  1.6302619777639029e+002  1.6122134100229050e+002  1.3247835078330945e+002  1.1350416271249151e+002  1.1350416271249151e+002  1.1350416271249151e+002  1.1350416271249151e+002  1.1350416271249151e+002  1.1350416271249151e+002  1.1350416271249151e+002  1.1350416271249151e+002  1.1350416271249151e+002
  1.9784075372079042e+002  1.5840857406966279e+002  1.5131975442226667e+002  1.4951925113341667e+002  1.2212891071891818e+002  1.1924947562252646e+002  1.1924947562252646e+002  1.1924947562252646e+002  1.1924947562252646e+002  1.1924947562252646e+002  1.1924947562252646e+002  1.1924947562252646e+002  1.1924947562252646e+002  1.1924947562252646e+002
  1.8951823343136948e+002  1.8356568512973354e+002  1.6365105224195486e+002  1.5100815080450911e+002  1.3828846796278003e+002  1.2172796070140157e+002  1.2172796070140157e+002  1.2172796070140157e+002  1.2172796070140157e+002  1.2172796070140157e+002  1.1690770313653502e+002  1.1690770313653502e+002  1.1504652451978200e+002  1.1504652451978018e+002
  1.8677350751065933e+002  1.8278090749174862e+002  1.7239281767808097e+002  1.5608146669223743e+002  1.2432367266254641e+002  1.2105462911898667e+002  1.2105462911898667e+002  1.2105462911898667e+002  1.2105462911898667e+002  1.1962733960372861e+002  1.1962733960372861e+002  1.1962733960372861e+002  1.1962733960372861e+002  1.1962733960372861e+002
  1.9597333927573118e+002  1.7586178137502975e+002  1.6040955006338299e+002  1.4931240581626071e+002  1.2379470542374656e+002  1.2379470542374520e+002  1.2379470542374520e+002  1.2264363247951451e+002  1.1891312007628494e+002  1.1783062870456206e+002  1.1676063589518981e+002  1.1304165195747828e+002  1.1304165195747828e+002  1.1304165195747828e+002
  2.1130346960170755e+002  1.9597643941912065e+002  1.7456772132661445e+002  1.5906998447815886e+002  1.3502225341345502e+002  1.2979409121663593e+002  1.1967563523862918e+002  1.1198650645570979e+002  1.1198650645570979e+002  1.1198650645566477e+002  1.1198650645566477e+002  1.1198650645566477e+002  1.1198650645566477e+002  1.1198650645566477e+002
  1.8056348274614720e+002  1.7252984904501272e+002  1.5383556933342606e+002  1.4862535420637460e+002  1.1777503976159414e+002  1.1777503976159414e+002  1.1777503976159414e+002  1.1777503976159414e+002  1.1604712350921727e+002  1.1604712350921727e+002  1.1578973529358836e+002  1.1403908990612854e+002  1.1403908990612854e+002  1.1403908990612854e+002
  2.0790981290984291e+002  1.6618302585290758e+002  1.6618302585290758e+002  1.4457400004096598e+002  1.2396562019377552e+002  1.2396562019377552e+002  1.2396562019377552e+002  1.2302763593944746e+002  1.1678040519878732e+002  1.1217366038928958e+002  1.1217366038928958e+002  1.1217366038928958e+002  1.1217366038928958e+002  1.1217366038928958e+002
  1.8359877455378091e+002  1.5981177634009646e+002  1.4427090611693484e+002  1.4108756163241151e+002  1.4079670320249807e+002  1.2859389767466018e+002  1.1898288507888265e+002  1.1898288507888265e+002  1.1898288507888265e+002  1.0975165143431741e+002  1.0975165143431741e+002  1.0975165143431741e+002  1.0975165143431741e+002  1.0975165143431741e+002
  1.9276637265631962e+002  1.7360830146398621e+002  1.6065019241023538e+002  1.6049186581765252e+002  1.1843957524153802e+002  1.1843957524153802e+002  1.1843957524153802e+002  1.1843957524153802e+002  1.1619684270605285e+002  1.1619684270605285e+002  1.1619684270605285e+002  1.1619684270605285e+002  1.1619684270605285e+002  1.1540844639521356e+002
  1.7942203897619402e+002  1.6687738367543625e+002  1.6687738367543625e+002  1.3643533918712183e+002  1.2714319202062279e+002  1.2714319202062279e+002  1.2449398981713239e+002  1.1448484910044408e+002  1.1448484910044408e+002  1.1448484910044408e+002  1.1448484910044408e+002  1.1448484910044408e+002  1.1448484910044408e+002  1.1448484910044408e+002
  1.9675854218134100e+002  1.8149096156782889e+002  1.7514797167700499e+002  1.5991037979972998e+002  1.3596885225062442e+002  1.2814479797900731e+002  1.2440090762834052e+002  1.1302018655050870e+002  1.1302018655050870e+002  1.1302018655050870e+002  1.1302018655050870e+002  1.1302018655050870e+002  1.1302018655050870e+002  1.1302018655050870e+002
  1.7393870237543933e+002  1.6965975781650604e+002  1.4071325937378742e+002  1.3615210294276676e+002  1.1574644579456844e+002  1.1574644579456844e+002  1.1574644579456844e+002  1.1574644579456844e+002  1.1574644579456844e+002  1.1574644579456844e+002  1.1574644579456844e+002  1.1574644579456844e+002  1.1574644579456844e+002  1.1574644579456844e+002
