  1.0854456275628263e+002  1.0640783190647153e+002  1.0549297504616106e+002  1.0549297504616106e+002  1.0024009893188850e+002  1.0019297545557129e+002  1.0019297545557129e+002  1.0019297545557129e+002  1.0019297545557129e+002  1.0019297545557129e+002  1.0019297545557129e+002  1.0019297545557129e+002  1.0019297545557129e+002  1.0019297545557129e+002
  1.1601199169734764e+002  1.0652517476920184e+002  1.0525863426558408e+002  1.0047310643776018e+002  1.0026325185310088e+002  1.0026325185310088e+002  1.0026325185310088e+002  1.0026325185310088e+002  1.0026325185310088e+002  1.0026325185310088e+002  1.0026325185310088e+002  1.0026325185310088e+002  1.0026325185310088e+002  1.0026325185310088e+002
  1.1968724232428031e+002  1.0924039185979882e+002  1.0689094103948128e+002  1.0059064152566498e+002  1.0059064152566498e+002  1.0047000380294776e+002  1.0046810554723515e+002  1.0046810554723515e+002  1.0046810554723515e+002  1.0045541029705055e+002  1.0045541029705055e+002  1.0045541029705055e+002  1.0045541029705055e+002  1.0045541029705055e+002
  1.2561695213001440e+002  1.0875544702812022e+002  1.0630044789965041e+002  1.0630044789965041e+002  1.0053590219548869e+002  1.0046459049236410e+002  1.0046459049236410e+002  1.0046459049236410e+002  1.0046459049236410e+002  1.0039531000967736e+002  1.0039531000967736e+002  1.0039531000967736e+002  1.0039531000967736e+002  1.0039531000967736e+002
  1.1420395731419785e+002  1.1034623299021814e+002  1.0687494082841795e+002  1.0046055150509346e+002  1.0046055150509346e+002  1.0034856718824813e+002  1.0034856718824813e+002  1.0034856718824813e+002  1.0034856718824813e+002  1.0034856718824813e+002  1.0034856718824813e+002  1.0034856718824813e+002  1.0034856718824813e+002  1.0034856718824813e+002
  1.1078533795680232e+002  1.0824376606349188e+002  1.0657079773608302e+002  1.0657079773608302e+002  1.0017418488667090e+002  1.0016594255535892e+002  1.0016594255535892e+002  1.0016594255535892e+002  1.0016594255535892e+002  1.0016594255535892e+002  1.0016594255535892e+002  1.0016594255535892e+002  1.0016594255535892e+002  1.0016594255535892e+002
  1.1006153216152643e+002  1.0717092605479229e+002  1.0541614311929015e+002  1.0042353751766132e+002  1.0018054530756308e+002  1.0018054530756308e+002  1.0018054530756308e+002  1.0018054530756308e+002  1.0018054530756308e+002  1.0018054530756308e+002  1.0018054530756308e+002  1.0018054530756308e+002  1.0018054530756308e+002  1.0018054530756308e+002
  1.1174805160377855e+002  1.0881400543548443e+002  1.0723729612850639e+002  1.0020760183029188e+002  1.0020760183029188e+002  1.0015582767634260e+002  1.0015582767634260e+002  1.0015582767634260e+002  1.0015582767634260e+002  1.0015582767634260e+002  1.0015582767634260e+002  1.0015582767634260e+002  1.0015582767634260e+002  1.0015582767634260e+002
  1.2516803553229647e+002  1.0740568834141868e+002  1.0642332607518119e+002  1.0057187677558750e+002  1.0033509539722763e+002  1.0030220947032740e+002  1.0030220947032740e+002  1.0030220947032740e+002  1.0030220947032740e+002  1.0030220947032740e+002  1.0030220947032740e+002  1.0030220947032740e+002  1.0030220947032740e+002  1.0030220947032740e+002
  1.1196514423825010e+002  1.0674808521950399e+002  1.0522461943254166e+002  1.0522461943254166e+002  1.0050994437542431e+002  1.0028896319619889e+002  1.0028896319619889e+002  1.0028896319619889e+002  1.0028896319619889e+002  1.0028896319619889e+002  1.0028896319619889e+002  1.0028896319619889e+002  1.0028896319619889e+002  1.0028896319619889e+002
  1.1250142845717437e+002  1.0880491784883998e+002  1.0617350433839010e+002  1.0028251639571408e+002  1.0028251639571408e+002  1.0028251639571408e+002  1.0028251639571408e+002  1.0028251639571408e+002  1.0028251639571408e+002  1.0028251639571408e+002  1.0028251639571408e+002  1.0028251639571408e+002  1.0028251639571408e+002  1.0028251639571408e+002
  1.1063001944755706e+002  1.0794414153027992e+002  1.0638856624884329e+002  1.0117662658251629e+002  1.0034956229209865e+002  1.0015042903740641e+002  1.0015042903740641e+002  1.0014897730402299e+002  1.0014897730402299e+002  1.0014897730402299e+002  1.0014897730402299e+002  1.0014897730402299e+002  1.0014897730402299e+002  1.0014897730402299e+002
  1.1647215493915292e+002  1.0807737335545698e+002  1.0605141263292899e+002  1.0053640528460073e+002  1.0049485239232399e+002  1.0036078548272553e+002  1.0036078548272553e+002  1.0036078548272553e+002  1.0036078548272553e+002  1.0036078548272553e+002  1.0036078548272553e+002  1.0036078548272553e+002  1.0036078548272553e+002  1.0036078548272553e+002
  1.1454788513810126e+002  1.0847562547304915e+002  1.0622549176066332e+002  1.0622549176066332e+002  1.0033990414399932e+002  1.0012695480872935e+002  1.0012695480872935e+002  1.0012695480872935e+002  1.0012695480872935e+002  1.0012695480872935e+002  1.0012695480872935e+002  1.0012695480872935e+002  1.0012695480872935e+002  1.0012695480872935e+002
  1.2571784316588491e+002  1.0632099517608913e+002  1.0547890056114784e+002  1.0029114144316782e+002  1.0029114144316782e+002  1.0029114144316782e+002  1.0029114144316782e+002  1.0029114144316782e+002  1.0029114144316782e+002  1.0029114144316782e+002  1.0029114144316782e+002  1.0029114144316782e+002  1.0029114144316782e+002  1.0029114144316782e+002
  2.2242025199294812e+002  1.1256251658706378e+002  1.0754239191560782e+002  1.0040567589408920e+002  1.0015640053114794e+002  1.0015640053114794e+002  1.0015640053114794e+002  1.0015640053114794e+002  1.0015640053114794e+002  1.0015640053114794e+002  1.0015640053114794e+002  1.0015640053114794e+002  1.0015640053114794e+002  1.0015640053114794e+002
  1.1787931070353352e+002  1.0786817981666763e+002  1.0630165427430120e+002  1.0042699352945419e+002  1.0042154798595493e+002  1.0029037632017616e+002  1.0029037632017616e+002  1.0029023832501116e+002  1.0029023832501116e+002  1.0029023832501116e+002  1.0029023832501116e+002  1.0029023832501116e+002  1.0029023832501116e+002  1.0029023832501116e+002
  1.1141975052889984e+002  1.0803678660139485e+002  1.0687890091624877e+002  1.0389377476651998e+002  1.0052217002544694e+002  1.0043967354309552e+002  1.0043967354309552e+002  1.0043967354309552e+002  1.0043967354309552e+002  1.0043967354309552e+002  1.0043967354309552e+002  1.0043967354309552e+002  1.0043967354309552e+002  1.0043967354309552e+002
  1.1215582729261405e+002  1.0623208457663532e+002  1.0522570368019478e+002  1.0025379000591784e+002  1.0025379000591784e+002  1.0025379000591784e+002  1.0025379000591784e+002  1.0025379000591784e+002  1.0025379000591784e+002  1.0025379000591784e+002  1.0025379000591784e+002  1.0025379000591784e+002  1.0025379000591784e+002  1.0025379000591784e+002
  1.1161046871889357e+002  1.0811770865643393e+002  1.0527041263685987e+002  1.0527041263685987e+002  1.0018971209579468e+002  1.0018971209579468e+002  1.0018971209579468e+002  1.0018971209579468e+002  1.0018971209579468e+002  1.0018971209579468e+002  1.0018971209579468e+002  1.0018971209579468e+002  1.0018971209579468e+002  1.0018971209579468e+002
  1.0978272916234073e+002  1.0711492969043547e+002  1.0514162053581776e+002  1.0514162053581776e+002  1.0043746513419319e+002  1.0036032920495109e+002  1.0036032920495109e+002  1.0036032920495109e+002  1.0036032920495109e+002  1.0036032920495109e+002  1.0036032920495109e+002  1.0036032920495109e+002  1.0036032920495109e+002  1.0036032920495109e+002
  1.1010255023993113e+002  1.0725341126233843e+002  1.0533248055526747e+002  1.0013582529180803e+002  1.0013582529180803e+002  1.0013582529180803e+002  1.0013582529180803e+002  1.0013582529180803e+002  1.0013582529180803e+002  1.0013582529180803e+002  1.0013582529180803e+002  1.0013582529180803e+002  1.0013582529180803e+002  1.0013582529180803e+002
  1.0966186240434854e+002  1.0652082956342383e+002  1.0628565107168879e+002  1.0033389172789293e+002  1.0032707228727895e+002  1.0014124779116582e+002  1.0014124779116582e+002  1.0014124779116582e+002  1.0013933485553480e+002  1.0013933485553480e+002  1.0013933485553480e+002  1.0013933485553480e+002  1.0013933485553480e+002  1.0013933485553480e+002
  1.1029137716494324e+002  1.0699541063147308e+002  1.0601284300036241e+002  1.0587903596440856e+002  1.0034259424437232e+002  1.0034259424437232e+002  1.0034259424437232e+002  1.0034259424437232e+002  1.0034259424437232e+002  1.0034259424437232e+002  1.0034259424437232e+002  1.0034259424437232e+002  1.0034259424437232e+002  1.0034259424437232e+002
  1.0893254729425234e+002  1.0659105790669355e+002  1.0503339544742039e+002  1.0017120141623764e+002  1.0017120141623764e+002  1.0017120141623764e+002  1.0017120141623764e+002  1.0017120141623764e+002  1.0017120141623764e+002  1.0017120141623764e+002  1.0017120141623764e+002  1.0017120141623764e+002  1.0017120141623764e+002  1.0017120141623764e+002
  1.1108885882553795e+002  1.0735341973773939e+002  1.0527905317358272e+002  1.0044316533804431e+002  1.0023700022319599e+002  1.0023700022319599e+002  1.0023700022319599e+002  1.0023700022319599e+002  1.0023700022319599e+002  1.0023700022319599e+002  1.0023700022319599e+002  1.0023700022319599e+002  1.0023700022319599e+002  1.0023700022319599e+002
  1.1015239636289471e+002  1.0763953286227843e+002  1.0566475578236259e+002  1.0566475578236259e+002  1.0017783078676166e+002  1.0017783078676166e+002  1.0017783078676166e+002  1.0017783078676166e+002  1.0017783078676166e+002  1.0017783078676166e+002  1.0017783078676166e+002  1.0017783078676166e+002  1.0017783078676166e+002  1.0017783078676166e+002
  1.0646829103150003e+002  1.0616273488455727e+002  1.0507520733085084e+002  1.0042696179702352e+002  1.0042696179702352e+002  1.0042696179702352e+002  1.0042696179702352e+002  1.0042696179702352e+002  1.0042696179702352e+002  1.0042696179702352e+002  1.0042696179702352e+002  1.0042696179702352e+002  1.0042696179702352e+002  1.0042339999340584e+002
  1.1017109690491770e+002  1.0736518699886847e+002  1.0626585708744869e+002  1.0050398727894571e+002  1.0016282191552500e+002  1.0016282191552500e+002  1.0016266209056630e+002  1.0016266209056630e+002  1.0016266209056630e+002  1.0016266209056630e+002  1.0016266209056630e+002  1.0016266209056630e+002  1.0016266209056630e+002  1.0016266209056630e+002
  1.1125237118853147e+002  1.0656142220447373e+002  1.0621419572718241e+002  1.0621419572718241e+002  1.0030550019942120e+002  1.0030201273055218e+002  1.0030201273055218e+002  1.0030201273055218e+002  1.0030201273055218e+002  1.0030201273055218e+002  1.0030201273055218e+002  1.0030201273055218e+002  1.0030201273055218e+002  1.0030201273055218e+002
  1.1005157780544732e+002  1.0751878575003002e+002  1.0511451929651321e+002  1.0013219042593619e+002  1.0013219042593619e+002  1.0013219042593619e+002  1.0013219042593619e+002  1.0013219042593619e+002  1.0013219042593619e+002  1.0013219042593619e+002  1.0013219042593619e+002  1.0013219042593619e+002  1.0013219042593619e+002  1.0013219042593619e+002
  1.2231177088444565e+002  1.0921172156180410e+002  1.0916427560764760e+002  1.0916427560764760e+002  1.0542468071475241e+002  1.0013702128783552e+002  1.0013702128783552e+002  1.0013702128783552e+002  1.0013702128783552e+002  1.0013702128783552e+002  1.0013702128783552e+002  1.0013702128783552e+002  1.0013702128783552e+002  1.0013702128783552e+002
  1.0903994654541884e+002  1.0702412760925608e+002  1.0642661667569973e+002  1.0038761848200966e+002  1.0016646197411819e+002  1.0013619927234640e+002  1.0013619927234640e+002  1.0013619927234640e+002  1.0013619927234640e+002  1.0013619927234640e+002  1.0013619927234640e+002  1.0013619927234640e+002  1.0013619927234640e+002  1.0013619927234640e+002
  1.0897534904094982e+002  1.0599281617020870e+002  1.0559512620035503e+002  1.0559512620035503e+002  1.0423751199183198e+002  1.0014859363670894e+002  1.0014859363670894e+002  1.0014859363670894e+002  1.0014859363670894e+002  1.0014859363670894e+002  1.0014859363670894e+002  1.0014859363670894e+002  1.0014859363670894e+002  1.0014859363670894e+002
  1.1658745757899169e+002  1.0710465058389445e+002  1.0628086802146663e+002  1.0027716676412592e+002  1.0027716676412592e+002  1.0027716676412592e+002  1.0027716676412592e+002  1.0027716676412592e+002  1.0027716676412592e+002  1.0027716676412592e+002  1.0027716676412592e+002  1.0027716676412592e+002  1.0027716676412592e+002  1.0027716676412592e+002
  1.1043694359094707e+002  1.0770748535003713e+002  1.0638782156549178e+002  1.0638782156549178e+002  1.0013186897227706e+002  1.0013186897227706e+002  1.0013145678607816e+002  1.0013145678607816e+002  1.0013145678607816e+002  1.0013145678607816e+002  1.0013145678607816e+002  1.0013145678607816e+002  1.0013145678607816e+002  1.0013145678607816e+002
  1.1055599182509786e+002  1.0658637234733942e+002  1.0505119007526810e+002  1.0030602203095941e+002  1.0025047044134499e+002  1.0025047044134499e+002  1.0025047044134499e+002  1.0025047044134499e+002  1.0025047044134499e+002  1.0025047044134499e+002  1.0025047044134499e+002  1.0025047044134499e+002  1.0025047044134499e+002  1.0025047044134499e+002
  1.1036665739396085e+002  1.0737317720242208e+002  1.0636669815266805e+002  1.0033862878749369e+002  1.0028939065767872e+002  1.0028939065767872e+002  1.0028939065767872e+002  1.0028939065767872e+002  1.0028939065767872e+002  1.0028939065767872e+002  1.0028939065767872e+002  1.0028939065767872e+002  1.0028939065767872e+002  1.0028939065767872e+002
  1.7905727711552572e+002  1.0851516458818696e+002  1.0655680191624333e+002  1.0060373347114410e+002  1.0060373347114410e+002  1.0040629803379943e+002  1.0040629803379943e+002  1.0040629803379943e+002  1.0040629803379943e+002  1.0040629803379943e+002  1.0040629803379943e+002  1.0040629803379943e+002  1.0040629803379943e+002  1.0040629803379943e+002
  1.1614595099180406e+002  1.0779618654485512e+002  1.0616149259130952e+002  1.0030049208736045e+002  1.0019457215653574e+002  1.0017538298626505e+002  1.0017538298626505e+002  1.0017538298626505e+002  1.0017538298626505e+002  1.0017538298626505e+002  1.0017538298626505e+002  1.0017538298626505e+002  1.0017538298626505e+002  1.0017538298626505e+002
  1.2830992346388939e+002  1.0899593843550610e+002  1.0747658654821180e+002  1.0068856527630533e+002  1.0017898900106911e+002  1.0017898900106911e+002  1.0017898900106911e+002  1.0017898900106911e+002  1.0017898900106911e+002  1.0017898900106911e+002  1.0017898900106911e+002  1.0017898900106911e+002  1.0017898900106911e+002  1.0017898900106911e+002
  1.0810274623222358e+002  1.0651380017577139e+002  1.0547412257831957e+002  1.0491697936940727e+002  1.0035422421321755e+002  1.0031090298498339e+002  1.0031090298498339e+002  1.0031090298498339e+002  1.0031090298498339e+002  1.0031090298498339e+002  1.0031090298498339e+002  1.0031090298498339e+002  1.0031090298498339e+002  1.0031090298498339e+002
  1.3421279142604681e+002  1.0985638246550889e+002  1.0722347727352462e+002  1.0722347727352462e+002  1.0073251622974431e+002  1.0015914956188726e+002  1.0015914956188726e+002  1.0015914956188726e+002  1.0015914956188726e+002  1.0015914956188726e+002  1.0015914956188726e+002  1.0015914956188726e+002  1.0015914956188726e+002  1.0015914956188726e+002
  1.1006411109401643e+002  1.0765780492750127e+002  1.0606595028362835e+002  1.0045173307436426e+002  1.0045173307436426e+002  1.0042847808685974e+002  1.0042847808685974e+002  1.0042847808685974e+002  1.0042847808685974e+002  1.0042847808685974e+002  1.0042847808685974e+002  1.0042847808685974e+002  1.0042847808685974e+002  1.0042847808685974e+002
  1.0810490683153012e+002  1.0682860348459508e+002  1.0570776483009558e+002  1.0062161765856808e+002  1.0062161765856808e+002  1.0041230576235012e+002  1.0041230576235012e+002  1.0041230576235012e+002  1.0041230576235012e+002  1.0037166988120862e+002  1.0037080600923809e+002  1.0037080600923809e+002  1.0037080600923809e+002  1.0037080600923809e+002
  1.0818857098626859e+002  1.0547476825830699e+002  1.0479252656509925e+002  1.0479252656509925e+002  1.0050075986007914e+002  1.0047996145657044e+002  1.0047996145657044e+002  1.0047996145657044e+002  1.0047996145657044e+002  1.0047996145657044e+002  1.0047996145657044e+002  1.0047996145657044e+002  1.0047996145657044e+002  1.0047996145657044e+002
  1.1408653955427599e+002  1.0750229674563252e+002  1.0635861051992288e+002  1.0026081713740450e+002  1.0026081713740450e+002  1.0026081713740450e+002  1.0026081713740450e+002  1.0026081713740450e+002  1.0026081713740450e+002  1.0026081713740450e+002  1.0026081713740450e+002  1.0026081713740450e+002  1.0026081713740450e+002  1.0026081713740450e+002
  1.1258873389394103e+002  1.0683364660402594e+002  1.0629306210175446e+002  1.0629306210175446e+002  1.0043643791115664e+002  1.0043643791115664e+002  1.0043643791115664e+002  1.0043605189856680e+002  1.0043605189856680e+002  1.0043605189856680e+002  1.0043605189856680e+002  1.0043605189856680e+002  1.0043605189856680e+002  1.0043605189856680e+002
  1.2456825777439690e+002  1.0744189377265866e+002  1.0591834027321102e+002  1.0056326478546134e+002  1.0027197880296717e+002  1.0027197880296717e+002  1.0027197880296717e+002  1.0027197880296717e+002  1.0027197880296717e+002  1.0027197880296717e+002  1.0027197880296717e+002  1.0027197880296717e+002  1.0027197880296717e+002  1.0027197880296717e+002
  1.0811728860854691e+002  1.0576292318645073e+002  1.0529281033148436e+002  1.0023543713213576e+002  1.0023543713213576e+002  1.0023543713213576e+002  1.0023543713213576e+002  1.0023543713213576e+002  1.0023543713213576e+002  1.0023543713213576e+002  1.0023543713213576e+002  1.0023543713213576e+002  1.0023543713213576e+002  1.0023543713213576e+002
  1.1075196123810520e+002  1.0690859175706646e+002  1.0654955658388371e+002  1.0028297747491615e+002  1.0028297747491615e+002  1.0028297747491615e+002  1.0028297747491615e+002  1.0028297747491615e+002  1.0028297747491615e+002  1.0028297747491615e+002  1.0028297747491615e+002  1.0028297747491615e+002  1.0028297747491615e+002  1.0028297747491615e+002
