  1.6902392169300938e+009  8.4470161125212848e+008  6.8778702004798353e+008  1.9350345466357404e+006  1.1976058096135841e+006  2.4339346170396727e+005  2.0298647933951754e+005  2.0298647933951754e+005  2.0298647933951754e+005  2.0298647933951754e+005  2.0298647933951754e+005  1.2181438545746717e+005  4.4962809150168265e+004  4.4962809150168265e+004
  2.0706642650660346e+009  9.0158077939553225e+008  4.0117124530418080e+008  5.2162336098732025e+005  4.2991188523271395e+005  4.0969811324961367e+005  4.0969811324961367e+005  4.0969811324961367e+005  2.6145797845931412e+005  1.5671595257776199e+005  9.7049600997255853e+004  3.0940502109945941e+004  3.0940502109945941e+004  1.3167034118365618e+004
  1.9916450567969296e+009  9.0115912164460731e+008  6.7854295763733709e+008  1.6594818626788741e+006  1.0924870685402551e+006  3.9941027163037792e+005  6.1115668770971686e+004  6.1115668770971686e+004  6.1115668770971686e+004  4.4290936481450153e+004  1.5172007794459449e+004  1.0493597241103127e+004  1.0493597241103127e+004  1.0493597241103127e+004
  1.6864196526520951e+009  8.9814198661400735e+008  6.0202670363404906e+008  2.3517259087982979e+006  8.1896871048242482e+005  3.6799005307797709e+005  2.3421564247340627e+005  2.3421564247340627e+005  2.3421564247340627e+005  9.8174695698961557e+004  9.5820130099555667e+004  4.3187414720272085e+004  4.3187414720272085e+004  1.1419636307433231e+004
  1.0086478057225753e+009  3.8394505440379924e+008  3.8394505440379924e+008  5.7862496821356995e+005  4.3450654917021561e+005  4.1853943400301423e+005  1.1356790908766851e+005  7.3214727582873995e+004  5.1307328581864240e+004  4.5375396712358692e+004  8.6379706602547576e+003  8.6379706602547576e+003  3.4688893411724430e+003  3.4688893411724430e+003
  1.4431204668382113e+009  1.1509688775044382e+009  7.3590588397786593e+008  6.4398622930028173e+005  2.0172753553952868e+005  1.6681293306949627e+005  4.8979749779111764e+004  4.8979749779111764e+004  3.0645540730493412e+004  2.8691138039457059e+004  2.4441662022176697e+004  1.6252686259192336e+004  1.6252686259192336e+004  2.7056085481585224e+003
  1.4400637820158191e+009  9.6005037629383647e+008  7.5839394684773386e+008  4.1588588249217393e+005  2.9797636652596213e+005  2.8205955510027212e+005  1.5509134058742865e+005  5.7427915665615234e+004  4.5591746372001784e+004  4.0761884904656516e+004  1.5400753535969869e+004  9.4348483027290968e+003  9.4348483027290968e+003  5.5602106661205266e+002
  1.5118250006926093e+009  7.6594573628631353e+008  7.4648527793917906e+008  5.6585065600794251e+005  2.0583247110859206e+005  9.8073118855751192e+004  9.8073118855751192e+004  9.8073118855751192e+004  9.8073118855751192e+004  6.1530580099589803e+004  5.9793086227892505e+004  1.7757287922202304e+004  1.7757287922202304e+004  1.7757287922202304e+004
  2.1291237101105378e+009  8.3705101344656444e+008  6.6498994890071678e+008  2.0719605604977303e+006  6.4926475041749957e+005  2.3877862302756149e+005  1.7092388629022799e+005  1.7092388629022799e+005  9.1791181932165302e+004  6.2545782913478419e+004  5.2943047560462270e+004  2.7436829446051550e+004  2.7436829446051550e+004  8.6148188331399251e+003
  1.6843093679649222e+009  1.0589460796821562e+009  7.5039281546940041e+008  6.2209254196070007e+005  5.1268431658036151e+005  1.1670825375357042e+005  1.1670825375357042e+005  1.1670825375357042e+005  1.1670825375357042e+005  8.1229722779978634e+004  6.8314068058801815e+004  6.8314068058801815e+004  1.8460726013780532e+004  1.8460726013780532e+004
  1.7444676341759081e+009  9.4748377258247805e+008  7.5779908289916468e+008  6.7521202806237061e+005  1.7453753749420095e+005  1.1447662210625278e+005  1.1447662210625278e+005  1.1447662210625278e+005  8.5777974032430167e+004  8.5777974032430167e+004  8.5777974032430167e+004  1.9879916045593563e+004  2.0397212147370215e+003  1.1539362182551029e+003
  1.3243563115742917e+009  8.5990817875020111e+008  7.9746987284916317e+008  6.0779868260431348e+005  3.8656444670137786e+005  1.7707587193050911e+005  7.1011102885481232e+004  3.3156657634522686e+004  3.3151568753330655e+004  2.6677656955600560e+004  2.6677656955600560e+004  2.6677656955600560e+004  2.8395420959866774e+003  2.8395420959866774e+003
  1.7637500726004117e+009  9.3077708264040327e+008  5.9638746313189149e+008  5.1216260465835291e+005  1.8062649288517580e+005  1.0632623492768098e+005  1.0632623492768098e+005  1.0632623492768098e+005  3.8725901694097542e+004  3.8725901694097542e+004  3.8725901694097542e+004  3.8725901694097542e+004  3.8725901694097542e+004  3.8725901694097542e+004
  2.2370648332827101e+009  6.3858489595286548e+008  5.9604847141333890e+008  4.6963869093877246e+005  3.3942157352091215e+005  2.2270002344127334e+005  2.2270002344127334e+005  1.4681732465582318e+005  1.4681732465582318e+005  7.2579694123075824e+004  7.2579694123075824e+004  3.6936144828155455e+004  1.2447758389442852e+004  1.2447758389442852e+004
  1.7112220652720575e+009  7.6993450277371967e+008  6.2979734059363019e+008  4.4942799017119559e+005  1.2549368016872913e+005  9.5045887460120066e+004  6.1561338842698322e+004  4.4425352440638693e+004  4.4425352440638693e+004  3.5032365345358492e+004  1.8172882344589641e+004  1.8172882344589641e+004  1.1123001932988098e+004  6.4375637692946930e+003
  1.9047078377054477e+009  1.1092980381975870e+009  7.4396731855765903e+008  8.0804357842196478e+005  6.6838828987937793e+005  4.8662266618709365e+005  1.9173471265498971e+005  1.9173471265498971e+005  1.5402287393474678e+005  5.6357833334276482e+004  3.6464545319142686e+004  3.6464545319142686e+004  1.9518530809442927e+004  1.4998520713889977e+004
  1.5971848086440609e+009  5.6590614679145515e+008  5.6590614679145515e+008  5.7795594330181705e+005  3.1564583810383442e+005  1.3343992553624127e+005  1.3343992553624127e+005  5.6442637419594241e+004  4.1700173005982215e+004  4.1268190675481164e+004  2.5936724261626263e+004  2.5936724261626263e+004  2.5936724261626263e+004  2.5936724261626263e+004
  1.9061901831860375e+009  9.0039760459614325e+008  6.0350167644924283e+008  1.1089501140570240e+006  8.4299291249533312e+005  2.0649631207689739e+005  3.3556930502712930e+004  2.9417358185013152e+004  1.1721592931300102e+004  1.0142373606881678e+004  1.0142373606881678e+004  6.8167436814949624e+003  6.8167436814949624e+003  6.8167436814949624e+003
  1.6958629418068793e+009  9.1779579053433073e+008  6.0520179509269392e+008  1.0805007592217161e+006  7.8296338675150438e+005  5.2719112943798059e+005  3.8737816134364501e+005  1.4457111790170494e+005  1.2109175391059398e+005  5.5267391121242377e+004  2.6038917705416043e+004  1.0074399516406111e+004  1.0074399516406111e+004  6.5477089363664400e+003
  1.7477851563232160e+009  9.5973355610060191e+008  7.6077770281606984e+008  2.5693367999695092e+006  1.3235942666304102e+006  2.4192871157144551e+005  1.5764184156339968e+005  1.1096112242947872e+005  6.3543802437272447e+004  4.1991515779785506e+004  3.7735226487477317e+004  3.7735226487477317e+004  3.7735226487477317e+004  2.0502317588545004e+004
  1.9642190596673317e+009  1.1122130380950177e+009  7.7983094750357878e+008  4.3395667503682210e+005  2.9303299576514546e+005  9.5465972616686122e+004  2.0793530620443642e+004  2.0793530620443642e+004  2.0793530620443642e+004  1.6505798995992925e+004  1.3094569790063913e+004  4.6364950764017713e+003  4.6364950764017713e+003  4.6364950764017713e+003
  1.5727128030460224e+009  7.7574229074275136e+008  6.7198516489346993e+008  9.0208365923009766e+005  3.6426222910981847e+005  1.0471844361737049e+005  4.6961833021567021e+004  4.6961833021567021e+004  3.2883547451522405e+004  6.0944476376632438e+003  6.0944476376632438e+003  6.0944476376632438e+003  5.4931097072948569e+003  3.5482943670634004e+003
  1.7364784775935044e+009  4.6609367230487299e+008  4.6409908803860128e+008  6.9232530557630304e+005  5.3870203219381592e+005  1.6979260962651024e+005  1.6979260962651024e+005  2.4205347465167426e+004  2.4205347465167426e+004  3.9459251886418510e+003  2.9123387328153731e+003  5.7486277426886898e+002  2.5323322093450884e+002  2.5323322093450884e+002
  1.9209792215983694e+009  9.0027311322804546e+008  7.4508320612634659e+008  1.3407948006211210e+006  1.6316990722849494e+005  2.4801877827229262e+004  2.4801877827229262e+004  1.5175515298199016e+004  1.2168893499435335e+004  2.6538063071072311e+003  2.6538063071072311e+003  2.6538063071072311e+003  2.2936102582591898e+003  2.2936102582591898e+003
  1.9654735536134267e+009  1.0059295480012532e+009  7.0778877815402830e+008  1.4002543090727765e+006  3.0309143204834673e+005  1.1091777493265986e+005  4.6775993350189718e+004  4.6775993350189718e+004  1.0423285081401229e+004  5.6433439122670197e+003  1.9384083784572063e+003  1.2039377324554641e+003  8.0791447022370869e+002  8.0791447022370869e+002
  2.0035511074985147e+009  9.8887524113428140e+008  5.1073272998279190e+008  5.8500257137524197e+005  3.9897175677208661e+005  1.4238590090535322e+005  1.4238590090535322e+005  5.7967782042944324e+004  4.7046909639047539e+004  4.1389217626044694e+004  3.8119077502187785e+004  3.0701549718683542e+004  3.0701549718683542e+004  1.5742719142176278e+004
  1.9843171332395761e+009  9.4865766774752963e+008  6.5397246767864370e+008  1.5607556867297504e+006  3.7766296938438417e+005  2.4805744700201607e+005  5.3506188063374801e+004  5.3506188063374801e+004  5.3506188063374801e+004  5.3506188063374801e+004  5.3506188063374801e+004  5.3506188063374801e+004  5.3506188063374801e+004  3.0404763251014992e+004
  1.0506415490605747e+009  1.0038051824876611e+009  8.2652410369935536e+008  8.3763513656765306e+006  3.9067686216228819e+006  1.2583765925567562e+006  4.7392876409859589e+005  2.8978293638476182e+004  4.6853146920031877e+003  4.5178971954420122e+003  4.5178971954420122e+003  2.2448671379197949e+003  2.2448671379197949e+003  1.7704830943395748e+003
  1.8762430228537064e+009  9.6227026070206928e+008  8.6612161397165370e+008  1.1606952373916968e+006  3.4536270234828681e+005  1.3009186850103620e+005  4.0390239630626973e+004  1.8386760617010372e+004  9.3735562082944289e+003  7.3189540801148905e+003  6.8906281877938391e+003  5.4892544919248749e+003  5.4892544919248749e+003  5.4892544919248749e+003
  1.3500226624648623e+009  1.0658314077528325e+009  7.0060818214775050e+008  4.6288754448984331e+006  1.3210801504428843e+006  2.3337459722965767e+005  6.2763842433573831e+004  6.2763842433573831e+004  4.3643275728817571e+004  3.8908369905749983e+004  2.7211138686410122e+004  1.5181976100689422e+004  1.5181976100689422e+004  1.5181976100689422e+004
  2.1845686610609212e+009  9.1781273064291453e+008  5.8709202832691014e+008  7.6682189054597472e+005  5.0180848015442555e+005  3.5712193613011297e+005  3.5712193613011297e+005  6.7256137836983282e+004  1.0475682839138470e+004  9.8806395075399141e+003  9.8806395075399141e+003  7.3319545895387164e+003  7.3319545895387164e+003  7.3319545895387164e+003
  1.7659052702647054e+009  8.5609580502134514e+008  6.1406971156491661e+008  1.9986643002882081e+006  8.2394550411195192e+005  3.5127105591385829e+005  1.4405049964599515e+005  6.4127320428939827e+004  4.1189671082522269e+004  3.0632229363104561e+004  2.2079104814224964e+004  1.3499655164735495e+004  1.2345525074728299e+004  6.6065914511177543e+003
  2.0574480465163131e+009  1.0060522256112847e+009  7.6939683165963042e+008  7.4879763416446955e+005  5.3604538639037614e+005  5.3604538639037614e+005  3.8886526539800462e+005  1.4793154190171568e+005  1.4793154190171568e+005  1.4505173210233674e+005  9.2135241429261485e+004  9.2135241429261485e+004  4.9507679456147373e+004  2.4279330816416204e+004
  1.6016759375617349e+009  1.1612639583936968e+009  9.1353685182098496e+008  6.9866576390121749e+005  2.6591337678895483e+005  6.8340786054416763e+004  6.8340786054416763e+004  6.8340786054416763e+004  2.5313945137004881e+004  1.6677440414149540e+004  1.6677440414149540e+004  1.6677440414149540e+004  1.6677440414149540e+004  1.0026165167779893e+004
  1.6980476339581065e+009  1.1868093726525321e+009  6.4024479431015849e+008  3.0929606059655501e+005  2.4100232397033760e+005  6.4077836423068700e+004  6.4077836423068700e+004  1.1035420149538377e+004  4.4490905305549995e+003  4.0593266883954802e+003  2.9708299747458063e+003  2.4359817270848521e+003  2.4359817270848521e+003  1.7702165908733559e+003
  1.8931150042140913e+009  9.9808791802171636e+008  5.2902858234992415e+008  4.7571272639379051e+005  3.5086445363799145e+005  1.8939823731414421e+005  2.8989620892628202e+004  9.6420601145154251e+003  8.4080756631538989e+003  4.5127606800065241e+003  4.5127606800065241e+003  4.1712259173041195e+002  3.4421181596434400e+002  2.9405391509613759e+002
  1.6708936655322936e+009  9.3686971743790901e+008  6.0862089924982786e+008  3.4816100055113705e+006  1.2489379455706812e+006  3.4489984153524635e+005  1.2843472381261257e+005  1.2843472381261257e+005  1.2843472381261257e+005  4.5353215890629086e+004  4.5353215890629086e+004  4.5353215890629086e+004  4.5353215890629086e+004  4.5353215890629086e+004
  1.9500984031701720e+009  1.1434794122088177e+009  8.2140049762787986e+008  1.0528518861290801e+006  6.9670485192519601e+005  6.3869995899880503e+005  4.2717584056264319e+005  7.3040091518493631e+004  5.1817827634532521e+004  4.8055785591610482e+004  1.9550968534902644e+004  1.0852324035836971e+004  5.7502988804836114e+003  3.0516887043949159e+003
  1.8161670007089152e+009  9.9558952900863683e+008  9.3279480189296436e+008  1.0469816720234345e+006  5.1465898343768378e+005  1.8288408628332999e+005  6.0512725706163357e+004  6.0512725706163357e+004  6.0512725706163357e+004  5.7866378752939832e+004  1.8280208265847730e+004  7.5230552070241802e+003  6.2880307639083021e+003  6.2880307639083021e+003
  1.5645502170168993e+009  9.9832579644015956e+008  6.6786882800289309e+008  6.1654725444877269e+006  1.6426363926817854e+006  1.2382133682641004e+005  9.5676004946327193e+003  9.5676004946327193e+003  4.0107680633539931e+003  3.5423745768222852e+003  3.5423745768222852e+003  2.7028211491832690e+003  2.7028211491832690e+003  2.1668102819861169e+003
  1.7908011723399651e+009  8.5758479477410483e+008  6.0359773356131709e+008  4.4629635167055932e+005  1.6148648477690396e+005  7.3208979637867757e+004  1.9311442472702998e+004  9.8978268210775495e+003  6.5462125204532867e+003  6.4817542145431889e+003  6.4817542145431889e+003  6.4817542145431889e+003  4.7756505181168441e+003  4.1778927932947545e+003
  1.7187627509841521e+009  1.0157008544104433e+009  6.1599627189381170e+008  6.5090734398879192e+005  4.8469134920130810e+005  3.3930795644111297e+005  3.3930795644111297e+005  1.2343583980099647e+005  4.2403468434987255e+004  2.8837528356695089e+004  2.0637272952631065e+004  1.5744734066141302e+004  1.5744734066141302e+004  1.5744734066141302e+004
  8.7134146941946733e+008  8.7134146941946733e+008  6.6656365751246488e+008  1.3616477812883370e+006  6.3456679365236615e+005  1.4887612135723169e+005  4.5088219255935262e+004  3.4498994742660143e+004  2.7470764422542819e+004  2.1242618267048358e+004  2.1242618267048358e+004  2.1242618267048358e+004  1.8621234608908610e+004  8.0370373579312100e+003
  2.1466660353540735e+009  7.7976588982619143e+008  6.4265625035739183e+008  9.7563387471443100e+005  7.0122878295181331e+005  2.6354004393594927e+005  2.4380300656291077e+005  4.9992440685244517e+004  3.1688845162536178e+004  2.4812346521718508e+004  1.4842362555536563e+004  1.4842362555536563e+004  1.4842362555536563e+004  4.8165049967724117e+003
  1.8921070678062236e+009  8.5910195844230974e+008  7.2635655079084527e+008  1.1292568933343650e+006  9.0674222249821085e+005  2.2621371637055642e+005  2.2621371637055642e+005  9.5338669640960710e+004  9.5338669640960710e+004  9.5338669640960710e+004  9.5338669640960710e+004  2.4788853076922860e+004  2.4788853076922860e+004  1.5710207588458486e+004
  1.9612412323578703e+009  1.2321602423711023e+009  7.7842786513124835e+008  7.5818646316277664e+006  1.7330170276303485e+006  5.9837415685062087e+005  9.7365149878317359e+004  4.0896935368470848e+004  1.4578611809391685e+004  1.4438179918302392e+004  1.4438179918302392e+004  1.4438179918302392e+004  8.5060773211369615e+003  5.4553800960447625e+003
  1.9717589224569318e+009  8.5146046296486735e+008  7.0663848558830190e+008  8.4907189468657516e+005  5.3864059878728190e+005  1.6688134548270321e+005  8.1729325428531374e+004  8.1729325428531374e+004  8.1729325428531374e+004  6.0066988214876379e+004  4.9888974437807483e+004  3.0641154988203540e+004  8.9646438746519143e+003  8.9646438746519143e+003
  1.9694998848943026e+009  6.4644292792462301e+008  6.4644292792462301e+008  2.7320871321565364e+006  1.9550638413369798e+006  1.9131501063575939e+005  5.4014396549823490e+004  5.4014396549823490e+004  1.7586954917569150e+004  1.6271425291154381e+004  1.4199367813196301e+004  1.4199367813196301e+004  1.4199367813196301e+004  1.4199367813196301e+004
  2.0268454234501216e+009  1.0509793368589852e+009  8.0109115956057012e+008  6.8070965395078342e+005  3.0450975494784967e+005  1.3655191701254898e+005  7.8199841280360037e+004  3.5081435255551864e+004  5.6581453187178704e+003  5.6581453187178704e+003  3.8086423638018027e+003  3.8086423638018027e+003  2.4073163594967441e+003  1.9316139334689885e+003
  2.2301287579529195e+009  1.1144263779843721e+009  7.7919843516154432e+008  4.8575638867494685e+005  3.9450478719572606e+005  9.0822464364801752e+004  4.7214044070806136e+004  1.6431776852196494e+004  1.6109672247473107e+004  1.5052715467703500e+004  1.1389082008574171e+004  1.1389082008574171e+004  1.1087756099336422e+004  9.6241855734176443e+003
  1.4407557779348321e+009  5.1217634086410874e+008  4.2726687013845682e+008  7.2178310319777799e+005  4.2670151015458198e+005  2.6500430717246654e+005  9.8583470301876936e+004  7.2022175977387684e+004  3.9745142182264150e+004  5.5113365781645180e+003  5.5113365781645180e+003  2.7926531479744717e+003  5.2656295044705155e+002  5.2656295044705155e+002
