  1.5003146230588721e+006  5.8232480010903510e+005  6.1669803983857310e+003  1.5838044499512557e+003  1.5838044499512557e+003  1.5838044499512557e+003  1.0941320183119747e+003  1.0894737924756391e+003  1.0894737924756391e+003  9.9101100231601777e+002  9.9101100231601777e+002  9.9101100231601777e+002  9.9101100231601777e+002  9.7109630502491655e+002
  2.6570147166554006e+006  1.0631203941932581e+006  1.2981383506508530e+005  7.5313239705146298e+003  1.5568069962738887e+003  1.4340129269368208e+003  9.3644403115113255e+002  9.3644403115113255e+002  8.9437077769666394e+002  8.9437077769666394e+002  8.9437077769666394e+002  8.9437077769666394e+002  8.9437077769666394e+002  8.9437077769666394e+002
  1.6029189841032689e+006  1.0896283834292227e+006  1.1905558103687583e+004  1.0569378174425025e+004  1.3723530624206742e+003  1.3723530624206742e+003  1.3723530624206742e+003  1.0734601598752097e+003  1.0734601598752097e+003  1.0734601598752097e+003  1.0734601598752097e+003  1.0734601598752097e+003  1.0734601598752097e+003  9.1563730202695388e+002
  2.0406826650335654e+006  1.0565619460381782e+006  6.0650898395494303e+004  1.8921784346881805e+003  1.8921784346881805e+003  1.3003909274650550e+003  8.9088207648783236e+002  8.0932587426357713e+002  8.0932587426357713e+002  8.0932486667990952e+002  8.0932425185282864e+002  8.0932387349924284e+002  8.0932387349924284e+002  8.0932291445055034e+002
  2.2554862176655214e+006  1.2157327886132794e+006  6.4138028308686291e+004  7.0403783069866549e+003  1.3706649048246059e+003  1.1010362953112895e+003  9.8579310357616805e+002  9.7717193985295671e+002  9.7717193985295671e+002  9.7717193985295671e+002  9.5996944734502222e+002  9.5996944734502222e+002  9.5996944734502222e+002  9.4967242696210360e+002
  1.1875954090009190e+006  1.1008824043281851e+006  1.2161678867132643e+004  2.1571283283614339e+003  1.7028450677562314e+003  1.3559511345941255e+003  1.0087961875030287e+003  9.9237777353647016e+002  9.9237777353647016e+002  9.1300856656882570e+002  9.1300856656882570e+002  9.1300856656882570e+002  9.0457425997072824e+002  9.0209696784386870e+002
  1.2500192864152810e+006  8.9318368786470010e+005  1.3922704660727052e+005  1.2667826203111099e+005  2.3077494989015640e+003  1.1978641391316933e+003  1.0875310705693196e+003  1.0875310705693196e+003  1.0875310705693196e+003  1.0619720275968316e+003  1.0365810006515821e+003  1.0365810006515821e+003  1.0365810006515821e+003  1.0365792096798532e+003
  1.5211257278297881e+006  8.6715682666188886e+005  4.1371493114038130e+003  1.7825993533552346e+003  1.7825993533552346e+003  1.6189844786542330e+003  1.6039798943628521e+003  1.0849302579301407e+003  1.0849302579301407e+003  1.0849302579301407e+003  9.3639303781735407e+002  9.3048446852463303e+002  9.2553530444705439e+002  9.2553271607634679e+002
  1.4888027056312452e+006  1.3443184159500792e+006  2.3270741592739086e+005  1.6446600567228784e+005  2.4521885059772549e+003  1.4292104457991541e+003  1.4292104457991541e+003  1.3725751264706055e+003  1.2429495715081166e+003  1.1146756937447958e+003  1.0876727922894956e+003  1.0876727922894956e+003  1.0876727922894956e+003  1.0876727922894956e+003
  2.4236422980750836e+006  1.3150751303150300e+006  2.8798602225805760e+004  7.7117399362596370e+003  4.5018838466230745e+003  1.5290389667820809e+003  1.5290389667820809e+003  1.5290389667820809e+003  1.1635511663700490e+003  1.1616534331944672e+003  1.1616534331944672e+003  8.3171039468415802e+002  7.4052450277987828e+002  7.3896510272437808e+002
  1.8893245763636190e+006  8.3791182792874891e+005  1.2661389647847788e+005  9.8331310558273603e+004  1.5733593333036201e+003  1.5046664354101458e+003  1.2547315130739580e+003  1.2430615467300340e+003  1.0198709900490398e+003  1.0198709900490398e+003  1.0052049682003503e+003  1.0052049682003503e+003  7.6440138647164076e+002  7.6440138647164076e+002
  1.3707965596185995e+006  1.1131052029543030e+006  9.4054994105186765e+004  3.3608508039847748e+003  3.3608508039847748e+003  1.0186269275272743e+003  9.9523105473827218e+002  9.9523105473827218e+002  9.9523105473827218e+002  9.9523105473827218e+002  9.8936573149825745e+002  9.8936573149825745e+002  9.8936573149825745e+002  9.8868716763202292e+002
  2.4740798118635169e+006  1.4696233257125993e+006  1.1132705329644314e+003  1.0988116351661938e+003  1.0988116351661938e+003  1.0988116351661938e+003  1.0869537172542159e+003  1.0869537172542159e+003  1.0869537172542159e+003  1.0869537172542159e+003  1.0869526892111840e+003  1.0869506529083819e+003  1.0869496666918994e+003  1.0869470659360704e+003
  1.1098323123342257e+006  7.0179407866510749e+005  2.1336851012961211e+005  2.1558114974552915e+004  7.7200570354734846e+003  1.5656365300828575e+003  1.5656365300828575e+003  1.5656365300828575e+003  1.5656365300828575e+003  1.2826120296921272e+003  1.0951696061242706e+003  1.0951678345762766e+003  1.0951657067834703e+003  9.9674242317307653e+002
  1.2642881233691436e+006  9.5767928952630097e+005  2.9590563603910455e+005  2.2651513383497342e+004  2.7028665143409007e+003  1.9411581821611144e+003  1.5497334420623502e+003  1.2703790594752272e+003  1.2703790594752272e+003  9.6662609090557271e+002  9.6662609090557271e+002  9.1763979177488409e+002  8.0255348288278037e+002  8.0015010374769281e+002
  2.4522711378793651e+006  1.2874175030323169e+006  7.5638286789876496e+004  7.5638286789876496e+004  2.9170925647092208e+003  1.4127091961729102e+003  1.3305671821522601e+003  1.3305671821522601e+003  1.0923508195691943e+003  9.6606761753910359e+002  9.6606761753910359e+002  6.8795887909372777e+002  6.8795887909372777e+002  6.8795123150413838e+002
  1.9374361682059711e+006  1.3496049851096405e+006  1.4580349914378786e+005  9.9978334975194866e+002  9.9028905298663449e+002  9.9028905298663449e+002  9.9028905298663449e+002  9.9028905298663449e+002  9.9028905298663449e+002  9.9028905298663449e+002  9.5716242275475088e+002  9.5716209725591261e+002  9.3842335640513284e+002  8.9011835154618711e+002
  2.4023373342564004e+006  1.0567909739512354e+006  1.5611940254992791e+005  1.4495729770234611e+005  1.3937582682542165e+003  1.3937582682542165e+003  1.0511167893778911e+003  1.0511167893778911e+003  1.0511167893778911e+003  9.6498631733587399e+002  9.4122353808983780e+002  9.4122303619569811e+002  9.4122303619569811e+002  9.4122261061878044e+002
  9.0340469641250256e+005  5.9516839105502632e+005  1.7337598670264274e+003  1.4080124939820867e+003  1.4080124939820867e+003  1.4053596872704125e+003  1.1940329500300650e+003  1.1940329500300650e+003  9.4282266393269992e+002  8.1264126270845372e+002  8.1263832511043165e+002  8.1263832511043165e+002  8.1263832511043165e+002  8.1263832511043165e+002
  1.6232294387007994e+006  1.2962298511644157e+006  3.2535697595661542e+004  1.4051841231492817e+003  1.4051841231492817e+003  1.4051841231492817e+003  1.3841005352360798e+003  1.3339620423151891e+003  1.2794177092197269e+003  1.0694890690057873e+003  1.0694890690057873e+003  1.0694890690057873e+003  1.0694890690057873e+003  1.0694890540134447e+003
  1.0487919914924230e+006  1.0258418228383146e+006  1.7147815108505220e+004  1.9657506506036752e+003  1.9657506506036752e+003  1.5713223458476814e+003  1.2357298373046287e+003  1.1616604049952930e+003  1.1616604049952930e+003  1.1616604049952930e+003  1.1433592027179416e+003  1.0169906543993911e+003  9.5329655948861455e+002  9.1440071562753110e+002
  1.4959269088129641e+006  3.5603598205545114e+005  2.0242367121022471e+005  1.9570754826070782e+005  1.5235874225737380e+003  1.4493124455027364e+003  1.4493124455027364e+003  1.3186626739209587e+003  1.1338323286651375e+003  7.5626312080226899e+002  7.5626312080226899e+002  7.5626312080226899e+002  7.5626312080226899e+002  7.5626067086236981e+002
  2.8084255757357897e+006  8.2472392074776907e+005  1.8993276796546843e+005  3.5307772181248474e+003  2.6744646337860559e+003  1.5068972226583483e+003  1.4321932602566753e+003  1.4321932602566753e+003  1.4321932602566753e+003  1.0375244009981711e+003  1.0375244009981711e+003  1.0375244009981711e+003  1.0375244009981711e+003  1.0073724752387216e+003
  9.7766569664326019e+005  4.8596405815225863e+005  4.9348937988459169e+004  4.1588438945143916e+003  1.6189144326911905e+003  1.6189144326911905e+003  1.6189144326911905e+003  1.1259722801657581e+003  1.1259722801657581e+003  1.1259722801657581e+003  1.1259722801657581e+003  9.4588947235876458e+002  9.4588947235876458e+002  9.2243980627865176e+002
  2.0706878676223957e+006  7.0965465118092333e+005  1.5981900417354255e+005  4.0797375667588412e+003  1.1230746457526620e+003  1.1230746457526620e+003  1.0956935791369647e+003  1.0360608412704123e+003  9.4298596684575114e+002  9.4298596684575114e+002  9.0769585108902174e+002  9.0769585108902174e+002  9.0769585108902174e+002  9.0739176171166537e+002
  8.8002640534925705e+005  8.3951526836212224e+005  3.6649139596183551e+004  3.6649139596183551e+004  8.8897169653086548e+003  1.5346031725244138e+003  1.4316902846232747e+003  1.3623705940057425e+003  1.3125815329129018e+003  1.3100105291402920e+003  1.3100105291402920e+003  9.2536361897834195e+002  9.2536361897834195e+002  8.6150066185503374e+002
  2.5036102782400241e+006  1.0609990644572612e+006  1.1714363227772601e+003  1.1121426811456040e+003  1.1121426811456040e+003  1.1121426811456040e+003  1.0921394106531116e+003  1.0921394106531116e+003  1.0921394106531116e+003  1.0921302575039240e+003  1.0921257674360054e+003  1.0921257674360054e+003  1.0921257674360054e+003  1.0921257674360054e+003
  1.9422095215963866e+006  7.9090658678873547e+005  1.8711137775724466e+005  7.7152964721626795e+003  2.0038347326798221e+003  1.5094643339824306e+003  1.5094643339824306e+003  1.5094643339824306e+003  1.5094643339824306e+003  1.2012421993038524e+003  1.2012421993038524e+003  1.2012421993038524e+003  1.0077953544222055e+003  1.0077893373677580e+003
  2.2171202557675256e+006  8.5994751728808158e+005  4.8180730689969705e+003  1.1837435987707495e+003  1.1618175143033641e+003  9.1184673900015241e+002  9.1184673900015241e+002  9.1184673900015241e+002  9.1184673900015241e+002  8.5050207297718862e+002  8.2998559960716648e+002  8.2984558789561424e+002  8.2294654089716914e+002  8.1757825242869467e+002
  5.8836409615364426e+005  3.5026503321867879e+005  2.3109447868651321e+004  1.3607381277325335e+003  1.3607381277325335e+003  1.3122224846688555e+003  1.3122224846688555e+003  1.3122224556092442e+003  1.1839988084353204e+003  1.1839988084353204e+003  1.1839988084353204e+003  1.1839988084353204e+003  1.1839988084353204e+003  1.0531589797285674e+003
  2.9263220161260809e+006  9.6119604949095193e+005  3.7933150167961503e+004  1.7718908838148993e+004  1.7718908838148993e+004  1.2806696675574253e+003  9.5738024830150698e+002  9.5738024830150698e+002  9.5738024830150698e+002  7.9800871980635702e+002  7.9800871980635702e+002  7.4998229224224724e+002  7.4998229224224724e+002  7.4998229224224724e+002
  2.6410423601568579e+006  8.4018245028812916e+005  1.8457143840588542e+005  1.7505433825650089e+003  1.7505433825650089e+003  1.7505433825650089e+003  8.6114854316451328e+002  8.6114854316451328e+002  7.9482155968914685e+002  7.9449352130762963e+002  7.8902704857116078e+002  7.7028227407175063e+002  7.7028227407175063e+002  7.3975932901683973e+002
  1.3139664341966633e+006  1.1575449596427784e+006  5.6100337220676520e+004  1.6615860815199021e+003  1.2424613108666799e+003  1.2424613108666799e+003  1.2424613108666799e+003  1.2424613108666799e+003  1.0876503409386169e+003  1.0876503409386169e+003  1.0641069884810536e+003  1.0349708765542778e+003  1.0349708765542778e+003  1.0349708765542778e+003
  1.4189645747685414e+006  6.0966791972788889e+005  2.3598725566636800e+005  1.0079797094556288e+003  1.0079797094556288e+003  1.0079797094556288e+003  1.0079797094556288e+003  8.4357773748768659e+002  8.3241802443452161e+002  8.3241802443452161e+002  8.3241802443452161e+002  8.3241802443452161e+002  8.3241802443452161e+002  8.3241802443452161e+002
  1.9392569583550314e+006  8.7070801002049807e+005  1.3843947054769952e+005  3.1313992220656182e+003  1.5505989126042350e+003  1.1300236533976636e+003  1.1300236533976636e+003  1.1300236533976636e+003  1.0719983780059993e+003  1.0719983780059993e+003  1.0719983780059993e+003  1.0719983780059993e+003  1.0591852028605881e+003  8.1528002126695537e+002
  3.1594475882890038e+006  1.2281944163369155e+006  3.4526238320746360e+005  9.0367481253288148e+004  2.6131130742350479e+003  2.2728143635362358e+003  1.1934436220449506e+003  1.1442805096865363e+003  1.0944866231522474e+003  1.0678073527548095e+003  1.0677943630073619e+003  1.0677943293597382e+003  1.0677943293597382e+003  1.0677943078893250e+003
  1.0755578458996559e+006  1.0755578458996559e+006  2.2429394199220501e+005  1.6697477617827276e+005  2.5911491772004938e+003  1.6230664379269069e+003  1.3658925691213849e+003  1.3658925691213849e+003  1.3013857998573685e+003  1.3013857998573685e+003  9.9088049611426595e+002  9.6498373743568436e+002  9.6497439740514938e+002  9.6496382058594008e+002
  2.6309168100452283e+006  5.3193642341791524e+005  2.5562294271497562e+005  2.2336031414250523e+004  7.3316601582808253e+003  6.6082188810027601e+003  3.8856495868930342e+003  1.5910760506328520e+003  1.5471148676784164e+003  1.5471148676784164e+003  1.5471148676784164e+003  1.5134271742027922e+003  1.4184606838441473e+003  1.0919921835011778e+003
  2.4007487133221533e+006  4.2762158843745157e+005  1.0642280150303613e+003  1.0237504129848712e+003  9.3333619803871807e+002  9.3333619803871807e+002  9.3333619803871807e+002  9.3333619803871807e+002  9.3333619803871807e+002  9.3333619803871807e+002  9.3333619803871807e+002  9.3333619803871807e+002  9.0999092408998149e+002  9.0698118410590041e+002
  1.9706831996741425e+006  1.3999728242104223e+006  1.3388154141171768e+005  7.3425368839064722e+003  1.0238505466918423e+003  1.0238505466918423e+003  9.1673641532412512e+002  8.9379525118226229e+002  8.8366585078004891e+002  8.8232715796645289e+002  8.8232453273259671e+002  8.8232453273259671e+002  8.8232453273259671e+002  8.8232303038609007e+002
  2.6862835968636693e+006  1.3815258633594515e+006  2.8277540021126438e+005  2.3998542031536450e+004  2.8207464271284016e+003  1.5633628218519557e+003  1.4371318481626085e+003  1.0700034141963029e+003  1.0700034141963029e+003  8.9631463053907646e+002  8.9631463053907646e+002  8.9106907685936221e+002  8.9106907685936221e+002  8.7244055069292517e+002
  1.5827100524501223e+006  9.7358707536872115e+005  1.6931014540901771e+005  2.0581245763049927e+004  4.0691337447079386e+003  1.3815116693900127e+003  9.9706674827794723e+002  9.9706674827794723e+002  9.9706674827794723e+002  9.8257750931225610e+002  9.3538793887202928e+002  9.3538793887202928e+002  9.2606133398429029e+002  9.2559457346498129e+002
  2.4055734477569512e+006  1.0274033079119469e+006  2.0497944639969122e+004  1.7783459665333903e+003  1.7783459665333903e+003  1.3652523793939099e+003  1.3652523793939099e+003  1.3222803826931649e+003  1.3222803826931649e+003  1.3222803826931649e+003  1.2234178590869064e+003  1.2072194830165295e+003  1.2072194830165295e+003  1.2072113771891682e+003
  2.3596235644772016e+006  8.1236311939369165e+005  1.8023436134476360e+005  1.3405436442301880e+003  1.2124033108845342e+003  1.2124033108845342e+003  1.0786558649979352e+003  1.0786558649979352e+003  1.0786558649979352e+003  1.0786558649979352e+003  1.0786558649979352e+003  8.8119673481162090e+002  8.8118830434946767e+002  8.8117155405466474e+002
  2.3913988704310129e+006  1.1239286242998762e+006  4.9524693696567301e+004  4.2452253164325964e+004  3.6652737305113580e+004  1.2047758944856373e+003  1.2047758944856373e+003  9.9185881444026882e+002  9.6643151976001536e+002  9.6422018652337101e+002  9.6421914548507266e+002  9.6421914548507266e+002  9.6421820947438528e+002  9.6421775387492107e+002
  2.6614256914751334e+006  1.1424861906212217e+006  1.3271759187807716e+005  1.3271759187807716e+005  1.8327142250040856e+003  1.5848686635607037e+003  1.5577412618802191e+003  1.2470560210142339e+003  1.2257135253377628e+003  1.1518378424547209e+003  1.1518378424547209e+003  1.1518378424547209e+003  1.1518378424547209e+003  1.1518378424547209e+003
  1.3771554347534815e+006  8.1414398608461907e+005  4.2740458692274071e+004  2.7693393213312411e+003  1.4894552761380410e+003  1.4444296825342999e+003  1.4062959360487512e+003  1.0826476387936400e+003  9.3990428108119295e+002  9.2859302826308749e+002  9.2859302826308749e+002  9.2859302826308749e+002  9.2859302826308749e+002  9.2858874072039453e+002
  2.1781634273482463e+006  1.3245429776053706e+006  3.9509684146399930e+004  2.0684966189053001e+004  1.5676436109766128e+003  1.5676436109766128e+003  1.3872825544855855e+003  1.3008972389359124e+003  1.3008972389359124e+003  1.3008972389359124e+003  1.3008972389359124e+003  1.0497924171505902e+003  1.0497874527884869e+003  1.0497864528253676e+003
  2.4472747441618238e+006  1.3543601519268209e+006  2.4731428828718723e+005  5.5273626567895953e+003  1.6406172888577748e+003  1.3705050717716108e+003  1.3140281012859723e+003  1.2870407354198496e+003  1.2425740835806000e+003  1.2425740835806000e+003  1.2425740835806000e+003  1.2425740835806000e+003  1.2425740835806000e+003  1.2417783758402284e+003
  5.8223055181185342e+005  3.9293994201505068e+005  3.2847559056847284e+004  2.1598737047335308e+003  2.1247419429465217e+003  1.4441440543031276e+003  1.4251450035136459e+003  1.2874735482262754e+003  8.8715836949455297e+002  8.8715730851896478e+002  8.8715621331520106e+002  8.5039351701356918e+002  8.5039351701356918e+002  8.5039351701356918e+002
  2.5046896705540922e+006  1.3382371242396047e+006  6.5470119871299958e+003  1.1689768122470541e+003  1.1689768122470541e+003  1.1689768122470541e+003  1.1689768122470541e+003  1.1689768122470541e+003  1.1689768122470541e+003  1.1689768122470541e+003  1.1689768122470541e+003  1.1689768122470541e+003  1.1689768122470541e+003  1.1065144517131075e+003
