  6.9353639562111312e+002  6.9106301362743989e+002  6.2292908428694682e+002  5.9687746372703805e+002  5.3406244841878242e+002  5.1798615691774603e+002  5.0946344994285437e+002  5.0087148155596878e+002  4.9145659505396725e+002  4.7389416304815359e+002  4.5729250672585204e+002  4.4016079253407224e+002  4.2343584436020137e+002  4.0559340054801760e+002
  9.7423261114420620e+002  7.5968312424881924e+002  7.4564618487092821e+002  7.1321303226223245e+002  5.6636452680560797e+002  5.5361969436481832e+002  5.4731868854011054e+002  5.3330825409511272e+002  5.3147716768649434e+002  5.3147716768649434e+002  4.6207573234396159e+002  4.0889674669066062e+002  3.8861203922622053e+002  3.7644610303478294e+002
  1.0180286995184451e+003  8.7575770840933455e+002  8.1268691819489777e+002  8.1268691819489777e+002  7.7363686590759107e+002  7.2885605320936111e+002  7.0224931353215197e+002  6.5594874014433481e+002  6.0552615380040243e+002  4.9427330366618571e+002  4.1663334083638574e+002  4.0819372466171171e+002  3.7694004995666091e+002  3.6525244947754027e+002
  1.1025253406476513e+003  7.9915281388902667e+002  7.8617647474348996e+002  6.9672528285428325e+002  6.7029763084720798e+002  6.6377300521026882e+002  6.3130504865387957e+002  6.1252125476424953e+002  5.7547214774164058e+002  4.7525911905552493e+002  4.3211136034031460e+002  3.9959010423919108e+002  3.8812520607082479e+002  3.8209567136254054e+002
  7.8463461678125532e+002  7.2245629427338008e+002  6.5303089918356864e+002  6.2603364978976970e+002  5.4458302046323661e+002  5.1726112148870970e+002  4.6797082943742680e+002  4.5581443637459506e+002  4.5491396513110612e+002  4.5110100302531646e+002  4.5110099727344641e+002  3.9561256487339097e+002  3.7317602723230857e+002  3.5677481155586702e+002
  1.1112680155013654e+003  8.0820035592888553e+002  7.5027115256433535e+002  6.9932017862221164e+002  6.5945596557614863e+002  6.3154476851845084e+002  5.8319210911955452e+002  5.7283422121057083e+002  5.6275409477233097e+002  5.6097968002864854e+002  4.7841593874385626e+002  4.3270024923491701e+002  3.8750157500796468e+002  3.6967102608112555e+002
  8.7203136534909527e+002  8.0281756810767138e+002  6.6258599513064428e+002  6.6258599513064428e+002  6.1347586065673431e+002  5.6394190143774722e+002  5.3527255373014759e+002  5.3138062407766120e+002  5.3138062407766120e+002  5.3075455490505556e+002  5.0865097953245640e+002  4.5825253115638134e+002  4.3258396843136188e+002  3.9740507668654755e+002
  1.0778002796189371e+003  7.3816848910076124e+002  6.6071487918974890e+002  6.5866240017979862e+002  6.4954084964156391e+002  6.3033438059815489e+002  5.5927783521190577e+002  5.2518553679534716e+002  5.2518553679534716e+002  5.2505930020768301e+002  4.7884842559021854e+002  4.4217761811516311e+002  4.1581636199540299e+002  3.7473037159453861e+002
  1.1106437844704869e+003  8.7190877046096648e+002  6.6283556003004469e+002  6.6283556003004469e+002  5.5803763611983368e+002  5.0911754072089752e+002  4.9717019097094590e+002  4.9411840681591775e+002  4.9120690533163815e+002  4.9120690533163815e+002  4.8958523376915673e+002  4.5612440345173900e+002  4.1917412019644416e+002  3.9667641628354886e+002
  7.6470829644538344e+002  6.4973594048275299e+002  6.1961926406236125e+002  6.1961926406236125e+002  5.0827678234303130e+002  4.9277550047050727e+002  4.8823398692692081e+002  4.8770875288255047e+002  4.8728928776715748e+002  4.8602668162115242e+002  4.4509185134043810e+002  4.3332839300713522e+002  4.1344047259317585e+002  3.9879527024043637e+002
  8.2445118489444758e+002  5.8967510626424337e+002  5.8591947705168013e+002  5.8591947705168013e+002  5.7739342278940649e+002  5.6794872850724960e+002  5.6112906717036867e+002  5.5774895459964182e+002  5.5276424273857310e+002  5.2772552331629959e+002  4.4841571398292854e+002  4.2399064327314773e+002  4.1492249726035470e+002  3.9684581872729586e+002
  9.7040680704805254e+002  8.5990640299845018e+002  7.9956987350620420e+002  7.8904896293889306e+002  7.4052860529041391e+002  5.7027198492385287e+002  5.4315719003729191e+002  5.3005089800625410e+002  5.2892788331442080e+002  5.2858498980800596e+002  5.2858498980800596e+002  4.7243092268154260e+002  4.4250948445637277e+002  3.9101734394448613e+002
  9.0081383347275278e+002  8.0905436935888929e+002  7.4969235933220807e+002  7.4051982343246073e+002  6.6420774674785389e+002  6.0835257356123248e+002  5.5065247113070927e+002  5.3934143813737728e+002  5.3524547648745465e+002  5.3227600411849244e+002  4.7678402253940931e+002  4.3693768147045148e+002  4.0195767799936948e+002  3.7717456014086247e+002
  1.1329520727211284e+003  6.7903359418347145e+002  5.1622586803156901e+002  5.1346260704365932e+002  5.1346260704365932e+002  5.0605988660211415e+002  5.0518245116679554e+002  5.0202438692831765e+002  4.9589143549020218e+002  4.9589143549020218e+002  4.6577914829653218e+002  4.1213438242352595e+002  3.9794460682504996e+002  3.7069477000868073e+002
  1.0382595162024732e+003  9.3376446819316607e+002  7.5307879606477400e+002  6.6707187101764612e+002  6.5907247563082365e+002  6.2403670808195284e+002  5.5261175673584876e+002  5.4993463482960260e+002  5.4034175225147465e+002  5.3344255525769995e+002  4.5079501255267814e+002  4.0432327545352155e+002  3.8292776312072419e+002  3.6928417761164337e+002
  8.4033935748564727e+002  7.3351497723252987e+002  6.3801416672672713e+002  6.0513207440706356e+002  6.0513207440706356e+002  5.1788255981171233e+002  5.0174120484869036e+002  4.5796826179143454e+002  4.5796826179143454e+002  4.5796826179143454e+002  4.4069440753018489e+002  4.0644846966073283e+002  3.6247022055718799e+002  3.5632330424567908e+002
  8.9992873412241624e+002  8.0076995343529597e+002  6.5831716723923728e+002  6.5831716723923728e+002  6.4003813909489963e+002  6.2407471330718545e+002  6.1129588800991587e+002  5.9240277994863663e+002  5.5147379868589178e+002  4.9000452017934822e+002  4.6502002000835273e+002  4.5581599464477131e+002  4.4764329238570917e+002  4.4231987598179921e+002
  8.0406792533808721e+002  7.3880388408195404e+002  7.0280368686730435e+002  6.6012314561267885e+002  6.0089448455447609e+002  6.0025548452791281e+002  5.8128208361802581e+002  5.6310989607180773e+002  5.6310989607180773e+002  4.6739562360708805e+002  4.4446984444470309e+002  4.2536623970714936e+002  4.1095465607053166e+002  4.0110634450220550e+002
  1.0218115422289457e+003  8.8958283964063412e+002  7.2197081989192748e+002  6.1979075374861395e+002  5.9472627735266951e+002  5.8186562447393408e+002  5.8186562447393408e+002  5.8114429512558945e+002  5.3830499850398337e+002  4.7237057937544341e+002  4.2064761585912674e+002  3.7127463818300794e+002  3.5857123164099130e+002  3.5174039406205702e+002
  1.1489993881699766e+003  9.2071319592533200e+002  8.4199357036563515e+002  7.5975133708510566e+002  6.1451509557935606e+002  5.9933267206795654e+002  5.5508863273457882e+002  5.5371622979200765e+002  5.5214013520413982e+002  5.4401824595401376e+002  4.6400505120253365e+002  4.2526719071269190e+002  4.1548299507854972e+002  4.0158699934123888e+002
  1.2967223970424329e+003  7.7813561533012398e+002  6.8954229163927494e+002  6.0521917567795163e+002  5.4789888992481474e+002  5.3639183056368529e+002  5.1063322028461607e+002  5.0487061473660378e+002  4.9659450676154847e+002  4.9315565750434507e+002  4.3545957453802384e+002  4.0466714459637069e+002  3.9694702020717978e+002  3.8509790383606787e+002
  1.1640830954000608e+003  7.5787443539887045e+002  6.4129019044140114e+002  5.9853509832165946e+002  5.2322718106109778e+002  5.1650410211815415e+002  4.9444864436911939e+002  4.9285353862636066e+002  4.9106869093087653e+002  4.4832581562416044e+002  4.2860886072627045e+002  4.0312394390325971e+002  3.9259923832156710e+002  3.8412771202859767e+002
  1.2294239374827621e+003  8.4969677504385118e+002  7.0601657810736424e+002  5.7400948522098452e+002  5.4042441675732334e+002  5.0062361046137084e+002  4.9767709790305253e+002  4.5972951274537991e+002  4.5752249137099079e+002  4.5376852227628024e+002  4.5376852227628024e+002  4.1782556335246682e+002  4.0054352407347915e+002  3.9343390995355730e+002
  1.2802965419723168e+003  8.1595781845067040e+002  8.0631997595755547e+002  8.0631997595755547e+002  7.0794577800773641e+002  5.7381288043707764e+002  5.5666133086491118e+002  5.4219272612179248e+002  5.2416498440998930e+002  4.8498404383053185e+002  4.3047153801135892e+002  4.0821521829391486e+002  3.8129329855759943e+002  3.7410382833453332e+002
  6.9699113566404776e+002  6.7839469391164448e+002  6.6682241246764943e+002  6.4412440563229165e+002  6.1298197047318581e+002  5.8188585709185008e+002  5.7124684619989102e+002  5.7009861864135064e+002  5.6296857747652984e+002  4.6997030076750161e+002  4.1877650010397065e+002  4.0168259410975315e+002  3.9840769266258894e+002  3.8787031723075597e+002
  8.4861745973221650e+002  8.4861745973221650e+002  8.1313668699177379e+002  6.6305666326379287e+002  5.9776654092736180e+002  5.5382836779800846e+002  5.4057982740291573e+002  5.0916793855142123e+002  4.9386215453193381e+002  4.9386215453193381e+002  4.6288603216892034e+002  4.2603671032812417e+002  4.0085560552609513e+002  3.7514124440138085e+002
  1.0280735182593562e+003  8.9842768413866270e+002  7.6126114804308827e+002  6.3148644211285045e+002  6.0167809168917347e+002  5.2592082709293845e+002  5.1752303574947291e+002  5.1279180076908597e+002  5.1279180076908597e+002  4.9634992263328604e+002  4.5329487156819550e+002  4.2126034192247016e+002  4.1188911824645993e+002  4.0376766775374244e+002
  1.0720927402712414e+003  8.8616922313812211e+002  8.5737204648947818e+002  8.0659486680551800e+002  7.3217037008167154e+002  5.7005671933024314e+002  5.7005671933024314e+002  5.5827244898264007e+002  5.5035702862813832e+002  5.5035702862813832e+002  5.2571884365507549e+002  4.7078618942372759e+002  4.3060546776664160e+002  4.2610826117772604e+002
  9.1761474671439919e+002  7.0343228613312203e+002  6.9367305938597201e+002  6.8158304337424261e+002  6.2173382333814516e+002  5.9913154921794603e+002  5.9830841263248340e+002  5.9027364412093266e+002  5.6493428615567473e+002  4.4209758534673119e+002  4.1037922308382849e+002  3.6024079909377633e+002  3.5050582129082159e+002  3.4796072760038896e+002
  9.2792568860835854e+002  9.1524213946924874e+002  7.0974056323412424e+002  7.0572255354775871e+002  6.0179537361282291e+002  5.7564526022047812e+002  5.2009323613199649e+002  5.1380659898697559e+002  5.0232202596154639e+002  5.0161958008727652e+002  4.7593061466797371e+002  4.0844658942690330e+002  3.8081887581846968e+002  3.6435367957112612e+002
  9.2577799708185103e+002  8.6909941180091300e+002  7.1815025396849296e+002  6.6894712913077410e+002  6.5439885468346438e+002  6.1736492342167185e+002  6.0527184149638651e+002  5.8054853155743649e+002  5.6892749527497745e+002  5.0672495355265619e+002  4.3555807638888564e+002  3.7981675499787616e+002  3.6379372667344978e+002  3.5726143802912202e+002
  9.7423261114420620e+002  7.5968312424881924e+002  7.4564618487092821e+002  7.1321303226223245e+002  5.6636452680560797e+002  5.5361969436481832e+002  5.4731868854011054e+002  5.3330825409511272e+002  5.3147716768649434e+002  5.3147716768649434e+002  4.6207573234396159e+002  4.0889674669066062e+002  3.8861203922622053e+002  3.7644610303478294e+002
  8.7071087579746018e+002  8.4184720118068890e+002  8.0055475296684517e+002  6.9815003422368045e+002  5.9782346200812526e+002  5.4843475406005200e+002  5.4843475406005200e+002  5.4519084489347870e+002  5.4475963724090980e+002  5.0382858818673867e+002  4.3419607737139768e+002  3.9297052237104754e+002  3.8591713500750529e+002  3.7925755099159687e+002
  8.5979155001304935e+002  7.7649102570497735e+002  6.7131677809410030e+002  6.5344184054480183e+002  5.7081323738517540e+002  5.3576807677130091e+002  5.0891368241109058e+002  5.0844282082059226e+002  5.0437175939727422e+002  5.0134611423095203e+002  4.6397764688057487e+002  3.8624497580781281e+002  3.7034198492802443e+002  3.6409968116461732e+002
  9.2979704118918380e+002  8.8105985760859039e+002  8.0903644695866069e+002  7.5014384442074333e+002  7.0757110404103923e+002  6.4262826259253598e+002  6.3692835325049646e+002  6.0847170070290622e+002  5.7349482892387687e+002  5.4841464441874678e+002  4.7446250924357037e+002  4.3727350617974162e+002  4.2929056741345903e+002  4.2452786211329976e+002
  7.3876504757944394e+002  6.7998017783737851e+002  6.7646626020990971e+002  6.6473216043545381e+002  5.6421101016940611e+002  4.5242248676666804e+002  4.5242248676666804e+002  4.4864454389448247e+002  4.4723769781459396e+002  4.4585946958190289e+002  4.3753278387974251e+002  4.0529620762787772e+002  3.7868270647985582e+002  3.6806964030567997e+002
  9.4096287078973910e+002  8.3639609428656104e+002  8.3399155647235239e+002  7.8126356175895717e+002  7.2954819029059581e+002  5.7060398721945830e+002  5.2490015123455441e+002  5.0883878616600487e+002  5.0357548473548786e+002  5.0357548473548786e+002  5.0305708213982598e+002  4.6359060383406995e+002  4.1545734757986429e+002  3.9306465904189463e+002
  1.1729645063711946e+003  8.5198156159107566e+002  8.5021917330957058e+002  7.7850741423431464e+002  6.1268296988661086e+002  6.0038999872771365e+002  6.0008483010851751e+002  5.6319334207148222e+002  5.6319334207148222e+002  4.6768459415937741e+002  4.3986287643522246e+002  3.8927324358997885e+002  3.6563456250418176e+002  3.6341003886881572e+002
  9.4641822606247933e+002  8.6085967371823426e+002  8.6085967371823426e+002  6.8859772707577486e+002  5.7634126053104774e+002  5.4724313642385459e+002  5.2386342650022561e+002  5.1758812442871795e+002  5.1740044436025710e+002  5.1601654410803394e+002  4.9138357751675630e+002  4.3449187775882683e+002  4.1425935451526357e+002  4.0964108167382710e+002
  1.0970299850685160e+003  1.0776245936925552e+003  9.0484918661736810e+002  7.7994275923631494e+002  6.4933713029633645e+002  5.5742088195549240e+002  5.3833591543862258e+002  5.2246935364432647e+002  5.2017474756054162e+002  5.1899684931015736e+002  5.1899684931015736e+002  4.8168219179369680e+002  4.6489922665353333e+002  4.4776783304787523e+002
  7.2740214750132509e+002  6.5818856442612378e+002  6.5818856442612378e+002  6.5694057084174165e+002  6.1435265899490969e+002  6.1072618934143202e+002  5.7962883169578436e+002  5.7962883169578436e+002  5.7960813882492539e+002  5.1311736703129009e+002  3.9066211182779853e+002  3.7222693851806343e+002  3.6321806999072260e+002  3.6081624752829930e+002
  1.3560717212330119e+003  9.7766551739043189e+002  9.1860493870348955e+002  8.4897814860365997e+002  8.0638357592806324e+002  6.9947761225398654e+002  5.9772496737720758e+002  5.8855818454183782e+002  4.9579211497120014e+002  4.4049457367472451e+002  3.9589446925854008e+002  3.6490705324660530e+002  3.5889342012789666e+002  3.5759711329448328e+002
  9.8065749788930179e+002  8.9015274546173987e+002  8.4666816978526003e+002  8.2492832464459252e+002  5.8722130265704845e+002  5.5810715270521905e+002  5.1644930070763439e+002  5.1611387801357614e+002  5.1165745700460729e+002  5.1165745700460729e+002  4.2121192582720414e+002  3.9958185780484064e+002  3.8797733749355393e+002  3.7811898609247692e+002
  9.8542146775961373e+002  8.4832420389698609e+002  7.2600497255154824e+002  5.6554834444284870e+002  5.4496189868559441e+002  5.0929160569069381e+002  5.0901672867286516e+002  5.0746741569478354e+002  5.0556467095605421e+002  4.9349691585346955e+002  4.3433670207018076e+002  4.2710861661949184e+002  4.1399939625870775e+002  3.9204931732976002e+002
  1.1501936437288323e+003  7.3010849621778652e+002  6.5212504348501443e+002  5.9594166560041958e+002  5.2561317583678374e+002  5.1515776574083702e+002  5.1041693148810054e+002  5.0341970758088974e+002  5.0341970758088974e+002  5.0341970758088974e+002  4.2228962232343611e+002  3.7930327475911417e+002  3.6686122186148577e+002  3.6597507927003880e+002
  1.1834613693632100e+003  9.2381603148204249e+002  6.7997878675438824e+002  6.5768624786359942e+002  6.5211629368770673e+002  6.1122758043853264e+002  5.8988994672656554e+002  5.6876223337096417e+002  5.5800393566647881e+002  4.8593094931707583e+002  4.3703271097639845e+002  4.1405821809018289e+002  4.0125172530091231e+002  3.8261250283954678e+002
  1.3985620839471376e+003  1.1576323644520107e+003  8.3561130083161106e+002  8.0797679378931389e+002  8.0280614467056785e+002  7.5054738931873999e+002  7.1581953619520573e+002  7.0156322566210201e+002  6.3355632576586504e+002  5.5047578319714694e+002  5.0340015072601955e+002  4.3242611658757232e+002  3.9926618511430615e+002  3.8741835390990809e+002
  1.0214694771832765e+003  1.0214694771832765e+003  7.5813561114715685e+002  7.5625604833129637e+002  7.5039962088689845e+002  6.9761613546851822e+002  5.6658950532543440e+002  5.4132124483191865e+002  5.2717889917625052e+002  4.5034492918314390e+002  4.1747837245104802e+002  3.9121444527929543e+002  3.5991908405369122e+002  3.4525916805211000e+002
  8.3402619783682712e+002  7.5043112503162865e+002  7.1252291322598467e+002  6.1369591644785578e+002  6.0843321763082577e+002  5.7843618396545435e+002  5.5441203271446375e+002  5.4916819830727763e+002  5.4759372591875581e+002  5.3410325349171990e+002  4.5589432838439279e+002  4.4371947870269605e+002  4.1981093876945442e+002  4.0141571227059740e+002
  8.1196226845979800e+002  6.2790978356555433e+002  6.2790978356555433e+002  5.6043394340583382e+002  5.3381100742274430e+002  5.3166478756978449e+002  4.9906722173094340e+002  4.9371876122300728e+002  4.8751102902687489e+002  4.8555856971687217e+002  4.8505801222484570e+002  4.8349504998851626e+002  4.4734480616389374e+002  4.2584676691077766e+002
  9.9431278809367996e+002  7.9876431185503316e+002  6.9632430175648278e+002  6.9632430175648278e+002  6.2879726990120344e+002  6.1281741680313189e+002  5.7540701632140053e+002  5.3728995700631367e+002  5.3631494290398132e+002  4.8492631520083705e+002  4.3383877031500879e+002  4.0812601282855849e+002  3.8242801936218621e+002  3.6996303589594118e+002
