  4.0569367571779367e+000  4.0569367571779367e+000  4.0569367571779367e+000  4.0569367571779367e+000  3.3740123603763550e+000  3.3736878114386855e+000  2.8806225234259273e+000  2.1852975389094809e+000  2.1550780420707270e+000  2.1548149190643926e+000  2.1548134776639927e+000  2.1548134776639927e+000  2.1548134776639927e+000  2.1548134776639927e+000
  4.7032511202039586e+000  4.0188450292557718e+000  2.3095398899915835e+000  1.9601546839680850e+000  1.9404605299764626e+000  1.9404602430734030e+000  1.9404602430734030e+000  1.9390984423935151e+000  1.9390984423935151e+000  1.9390984423935151e+000  1.9390984423935151e+000  1.9390984423935151e+000  1.9390984423935151e+000  1.9390984423935151e+000
  4.6289101261320411e+000  4.0104137583020929e+000  3.7143588295298287e+000  3.7143588295298287e+000  3.7143588295298287e+000  3.4645519808543668e+000  3.2255437862661438e+000  2.5989352204310308e+000  2.5989352204310308e+000  2.5989352204310308e+000  2.5989352204310308e+000  2.5989352204310308e+000  2.5989352204310308e+000  2.5989352204310308e+000
  4.8103607417472176e+000  4.0347601463147384e+000  4.0347601463147384e+000  3.7242285796344277e+000  2.9602568385132599e+000  2.7579773906979881e+000  2.7579773906979881e+000  2.7579773906979881e+000  2.7579773906979881e+000  2.7579773906979881e+000  2.7579773906979881e+000  2.7579773906979881e+000  2.7579773906979881e+000  2.7579773906979881e+000
  4.4902616709780432e+000  4.4902616709780432e+000  4.4902616709780432e+000  4.1998009872834245e+000  3.3839080684142573e+000  2.6693097101460808e+000  2.6693097097388545e+000  2.6693097097388545e+000  2.5065587024093929e+000  2.5065587024093929e+000  2.3390485710199300e+000  2.3388254072076506e+000  2.3387829167957079e+000  2.3387829167957079e+000
  4.4245596920122807e+000  4.4176899842609600e+000  2.8193563517493203e+000  2.7171436747826192e+000  2.7168101960373860e+000  2.7162098494759448e+000  2.7156451491830467e+000  2.6635172887456520e+000  2.6635172887456520e+000  2.5756740166734744e+000  2.5756740166734744e+000  2.5604720448561693e+000  2.5604720448561693e+000  2.5604720448561693e+000
  4.5492280860103165e+000  4.1194342140940989e+000  3.5968725747354711e+000  3.2964548681447923e+000  2.7469453554679149e+000  1.9474754066502555e+000  1.9473870821079799e+000  1.9473870821079799e+000  1.9473870821079799e+000  1.9473870821079799e+000  1.9473870821079799e+000  1.9473870821079799e+000  1.9473870821079799e+000  1.9473870821079799e+000
  4.4108939577556612e+000  4.2969153891222049e+000  4.2969153891222049e+000  3.6723079505609348e+000  2.6262772114216659e+000  2.6260043711547496e+000  2.3702503646723017e+000  2.3557341621381056e+000  2.3269030681544791e+000  2.3269030681544791e+000  2.3269030681544791e+000  2.3269030681544791e+000  2.3269030681544791e+000  2.3269030681544791e+000
  4.3430648889000167e+000  4.3430648889000167e+000  4.3430648889000167e+000  3.7523818751005820e+000  3.3730012585840541e+000  2.3864004180379652e+000  2.3864004180379652e+000  2.3864004180379652e+000  2.3247689961153810e+000  2.3247689961153810e+000  2.3247689961153810e+000  2.3247689961153810e+000  2.3247689961153810e+000  2.3247689961153810e+000
  4.5233688389137114e+000  4.0970490717159009e+000  4.0970490717159009e+000  4.0205329264013017e+000  2.6852965635523560e+000  2.6852954820114974e+000  2.6852954820114974e+000  2.6852954820114974e+000  2.6852954820114974e+000  2.6852954820114974e+000  2.6852954820114974e+000  2.6852954820114974e+000  2.6852954820114974e+000  2.6852954820114974e+000
  3.9855327057564409e+000  3.9855327057564409e+000  2.7622720055935588e+000  2.2919403362359390e+000  2.2919403362359390e+000  2.2919403362359390e+000  2.2919403362359390e+000  2.2919403362359390e+000  2.2919403362359390e+000  2.0129014941942387e+000  2.0127054653189589e+000  2.0127054653189589e+000  2.0127054653189589e+000  1.6608306462062501e+000
  4.4346791852390197e+000  3.8989711101698958e+000  2.0010861183093311e+000  1.9657201550214722e+000  1.9653301920523063e+000  1.9652919169739107e+000  1.9652919169739107e+000  1.9652919169739107e+000  1.9652919169739107e+000  1.9652919169739107e+000  1.9652919169739107e+000  1.9652919169739107e+000  1.9652919169739107e+000  1.9652919169739107e+000
  4.3720397937897815e+000  4.3720397937897815e+000  4.2934382893133716e+000  4.2748839243211023e+000  3.6560658196442546e+000  3.6560658196442546e+000  2.1718973081167405e+000  2.0862475335213730e+000  2.0859746564190118e+000  2.0859746564190118e+000  2.0859746564190118e+000  1.6877190528873598e+000  1.6877170611053316e+000  1.6877170611053316e+000
  4.3264116457005457e+000  4.0731258748648997e+000  2.7279697452977416e+000  2.3435248572191085e+000  2.3426523669174912e+000  2.3426523669174912e+000  2.3426523669174912e+000  2.3426523669174912e+000  2.3426523669174912e+000  2.3426523669174912e+000  2.3426523669174912e+000  2.3426523669174912e+000  2.3426523669174912e+000  2.3426523669174912e+000
  4.7060755206666727e+000  4.2464199147343606e+000  3.8108872701452583e+000  3.8108872701452583e+000  3.8108872701452583e+000  3.1809790301010707e+000  3.1809790301010707e+000  3.1809790301010707e+000  3.1809790301010707e+000  3.1809790301010707e+000  3.1809790301010707e+000  3.1809790301010707e+000  3.0801605078202101e+000  2.6124472752130714e+000
  4.3158456883440977e+000  3.7229182285680054e+000  2.4788649827780773e+000  2.2846914817230299e+000  2.2838805543656235e+000  2.1300944714432717e+000  2.1300944714432717e+000  2.1300944714432717e+000  2.1300944714432717e+000  2.1300944714432717e+000  2.1300944714432717e+000  2.1300944714432717e+000  2.1300944714432717e+000  2.1300944714432717e+000
  4.4268224478087177e+000  4.4181290010969860e+000  3.3430500084461983e+000  3.3430500084461983e+000  2.5427074251936119e+000  2.5424429502772909e+000  2.5424429502772909e+000  2.5424429502772909e+000  2.5071005708505254e+000  2.5071005708505254e+000  2.5071005708505254e+000  2.5071005708505254e+000  2.5071005708505254e+000  2.5071005708505254e+000
  4.2862213585935933e+000  4.2862213585935933e+000  4.2862213585935933e+000  3.8215809421790254e+000  1.3096566867636739e+000  1.3096566344283929e+000  1.3096566344283929e+000  1.3096566344283929e+000  1.3096566344283929e+000  1.3096566344283929e+000  1.3096566344283929e+000  1.3096566344283929e+000  1.3096566344283929e+000  1.3096566344283929e+000
  3.9438099390763455e+000  3.9438099390763455e+000  3.8144799863800927e+000  3.7948871895673619e+000  3.7948101465192394e+000  1.6753236261627080e+000  1.6753037436315026e+000  1.6752793357391056e+000  1.6752793357391056e+000  1.6752793357391056e+000  1.6752793357391056e+000  1.6752793357391056e+000  1.6752793357391056e+000  1.6752793357391056e+000
  4.7586469985728854e+000  3.9361873315806406e+000  3.9361873315806406e+000  3.0592159262698715e+000  1.7565531580205516e+000  1.7563370016600857e+000  1.7562206088414314e+000  1.7562151481729416e+000  1.7562061060577889e+000  1.7561959427330294e+000  1.7561959427330294e+000  1.7561959427330294e+000  1.7561959427330294e+000  1.7561959427330294e+000
  4.1298820530391822e+000  3.6295515461617924e+000  3.6295515461617924e+000  3.6295515461617924e+000  2.4784425426753387e+000  2.4778015231818245e+000  2.4778015231818245e+000  2.4778015231818245e+000  2.4778015231818245e+000  1.9942807277304837e+000  1.9937976705818983e+000  1.9937976705818983e+000  1.9937976705818983e+000  1.9937976705818983e+000
  4.3139842289347143e+000  3.5231823067824735e+000  2.2600634522984819e+000  1.9766627537435397e+000  1.9766627537435397e+000  1.9194428064929525e+000  1.9194428064929525e+000  1.9194428064929525e+000  1.7789583383773788e+000  1.7786908238651904e+000  1.7781661549006458e+000  1.7781661549006458e+000  1.7781661549006458e+000  1.7781661549006458e+000
  4.5953225167124856e+000  4.0692335303720029e+000  3.0517329667491140e+000  2.9519638164526896e+000  2.3827264586259389e+000  2.3820848383927569e+000  2.3372854237929914e+000  2.3372601456933353e+000  2.3372601456933353e+000  2.1487554760726653e+000  2.1487554760726653e+000  2.1487554760726653e+000  2.1487554760726653e+000  2.1487554760726653e+000
  4.4505453949459479e+000  4.2545127020759992e+000  4.0390233975995216e+000  4.0390233975995216e+000  3.1531506211620126e+000  3.0568853501479225e+000  3.0568557568467440e+000  3.0568188091851880e+000  2.6872489505128669e+000  2.6871608756127898e+000  2.6871072483063472e+000  2.6871072483063472e+000  2.6871072483063472e+000  2.6871072483063472e+000
  4.7897668147863897e+000  4.0539901422614548e+000  4.0539901422614548e+000  3.6461893017062721e+000  2.7626282902517687e+000  2.7616890750186940e+000  2.7616890750186940e+000  2.7616890750186940e+000  2.7616890750186940e+000  2.7616890750186940e+000  2.7616890750186940e+000  2.7511431815646574e+000  2.7511393337374557e+000  2.7511393337374557e+000
  4.5926975267673242e+000  3.8953384237674982e+000  2.5925347696013432e+000  2.5057156518671491e+000  2.5054374805465613e+000  2.5052993138581314e+000  2.5052993138581314e+000  2.0131291785339727e+000  1.8872505504573382e+000  1.8872505504573382e+000  1.8872505504573382e+000  1.8872505504573382e+000  1.8509141894346612e+000  1.8509141894346612e+000
  4.1744252153594061e+000  4.1744252153594061e+000  3.3481332312069298e+000  3.3359486521264898e+000  3.3357910921820348e+000  2.2013202343705416e+000  2.2013023421036451e+000  1.9768675989027997e+000  1.9768675989027997e+000  1.9768675989027997e+000  1.9768675989027997e+000  1.9768675989027997e+000  1.9768675989027997e+000  1.8355488314064132e+000
  4.7417401216023336e+000  4.0477418409723214e+000  4.0477418409723214e+000  3.6804707402800432e+000  3.4595312738424582e+000  3.4593188144092437e+000  3.0566198808207901e+000  2.9591714233818038e+000  2.6104865701092876e+000  2.6104865701092876e+000  2.6104865701092876e+000  2.6104865701092876e+000  2.6104865701092876e+000  2.6104865701092876e+000
  4.2439402890947804e+000  3.9817830812423836e+000  3.9817830812423836e+000  3.7517976898093366e+000  1.7934985399376728e+000  1.7923878784977205e+000  1.7921855963870712e+000  1.7921694457827471e+000  1.7921694457827471e+000  1.7921694457827471e+000  1.7921694457827471e+000  1.7921694457827471e+000  1.7921694457827471e+000  1.7921694457827471e+000
  4.4396108559105869e+000  4.2221862563224022e+000  2.6532824893670295e+000  2.2769201262874503e+000  2.2763212858842508e+000  2.2054474792066685e+000  2.2054474792064411e+000  2.2054474792064411e+000  2.2054474792064411e+000  2.2054474792064411e+000  2.2054474792064411e+000  2.1357564765617099e+000  2.1357564765617099e+000  2.1357564765617099e+000
  4.3126374086439228e+000  3.9341450991662441e+000  3.4284377623002911e+000  3.4284377623002911e+000  3.4282253696374028e+000  2.2592413767720245e+000  2.0361055214036696e+000  2.0361055214036696e+000  2.0361055214036696e+000  2.0361055214036696e+000  2.0361055214036696e+000  2.0361055214036696e+000  2.0361055214036696e+000  1.8130111869261327e+000
  4.1694855922492025e+000  4.1694855922492025e+000  3.1518153271360916e+000  3.1518153271360916e+000  3.1518153271360916e+000  2.0694774142966708e+000  2.0693925410564589e+000  2.0693726121783129e+000  2.0693726121783129e+000  2.0693726121783129e+000  2.0693726121783129e+000  2.0693726121783129e+000  2.0693726121783129e+000  2.0693726121783129e+000
  4.0098576665941437e+000  3.9214405506750154e+000  3.0658958237195293e+000  3.0657890882825996e+000  3.0656840433907746e+000  3.0655124753584460e+000  3.0652022229098748e+000  2.2271975790447414e+000  2.1379437180894456e+000  2.1379305519840273e+000  2.1379305519840273e+000  2.1379305519840273e+000  2.1379305519840273e+000  2.1379305519840273e+000
  3.4616582271435163e+000  3.4616582271435163e+000  3.0552913952767540e+000  2.9096398971676081e+000  2.9096372299745781e+000  2.9096372299745781e+000  2.9096372299745781e+000  2.4804684084544988e+000  2.4759945668847649e+000  2.4758817521833407e+000  2.4424832599236197e+000  2.1907406175869255e+000  2.0851878105615924e+000  2.0851836700028343e+000
  4.7558668295548614e+000  3.9089280920220517e+000  3.8321307633602828e+000  3.5885631310759436e+000  3.5885588295896014e+000  2.7432020464143534e+000  2.7379781518350228e+000  1.9966047948330470e+000  1.9966045963474244e+000  1.9966045963474244e+000  1.9966045963474244e+000  1.8977178601501237e+000  1.8977178601501237e+000  1.8977178601501237e+000
  4.3556973399765866e+000  4.2727453778954896e+000  4.2727453778954896e+000  3.6922619590459362e+000  3.4735256566787029e+000  3.4733209023702329e+000  3.4733165489005842e+000  3.4733165489005842e+000  2.9060726464715572e+000  2.5058465109661938e+000  2.5058465109661938e+000  2.5058465109661938e+000  2.5058465109661938e+000  2.4346263191514481e+000
  4.3247780390520347e+000  3.9349885472163351e+000  3.6213514201833732e+000  3.4504421101551088e+000  3.4374099454246334e+000  3.4342084750830963e+000  2.9134347357146453e+000  2.9134321041644853e+000  2.9134321041644853e+000  2.7807673422755670e+000  2.7807673422755670e+000  2.7807673422755670e+000  2.7807673422755670e+000  2.7807673422755670e+000
  4.2813756243574517e+000  3.9297353153281165e+000  3.5150531260919706e+000  3.5148848296937558e+000  3.5124300440998013e+000  3.5124250428882533e+000  2.5937643649795064e+000  2.5937251878544885e+000  2.5937251878544885e+000  2.2130823604734360e+000  2.2130823604734360e+000  2.2130823604734360e+000  2.2130823604734360e+000  2.2130823604734360e+000
  4.6819580296667027e+000  4.4911854187380413e+000  2.9370981621423198e+000  2.8343441502877340e+000  2.8333315350719204e+000  2.8332635172721439e+000  2.8330705741902875e+000  2.8318504027567997e+000  2.8317023736681222e+000  2.8317023736681222e+000  2.8317023736681222e+000  2.8317023736681222e+000  2.8317023736681222e+000  2.8317023736681222e+000
  4.4491457758006163e+000  4.0270632540321003e+000  4.0270632540321003e+000  3.9730351902817347e+000  3.7083235853624501e+000  2.7933320754830220e+000  1.8326426407368217e+000  1.8322408547485338e+000  1.8322408547485338e+000  1.8322408547485338e+000  1.8322408547485338e+000  1.8322408547485338e+000  1.8322408547485338e+000  1.8322408547485338e+000
  4.0317546275391578e+000  4.0317546275391578e+000  4.0317546275391578e+000  4.0317546275391578e+000  3.8044421572433293e+000  3.4339966166007798e+000  3.4339966166007798e+000  3.4328517546823605e+000  3.4328517546823605e+000  3.4328517546823605e+000  3.4328517546823605e+000  1.6030808695500127e+000  1.6029544599768997e+000  1.5983597147230739e+000
  4.5430570636892753e+000  3.9221066946563496e+000  3.9221066946563496e+000  3.9221066946563496e+000  3.7828068742198866e+000  3.5708310611416891e+000  3.5708310611416891e+000  3.4851534252420606e+000  3.4851534252420606e+000  3.4851534252420606e+000  3.4851534252420606e+000  3.4851534252420606e+000  3.4851534252420606e+000  2.0820683149402157e+000
  3.6772261519595304e+000  3.6772261519595304e+000  2.9263976746535718e+000  2.5399417277856173e+000  2.5389081676091791e+000  2.5389081676091791e+000  2.5389081676091791e+000  2.5389081676091791e+000  2.5169856667130261e+000  2.5169856667130261e+000  2.5169856667130261e+000  2.5169856667130261e+000  2.5169856667130261e+000  2.5058132092717642e+000
  4.8336633238031936e+000  3.8804759371205364e+000  3.3434267885018016e+000  3.3335981651619022e+000  3.3330443965890026e+000  3.3330443965890026e+000  3.3330443965890026e+000  3.3330443965890026e+000  3.3330443965890026e+000  2.6381733486512076e+000  2.6380944004333742e+000  2.6380944004333742e+000  2.6380944004333742e+000  2.6380944004333742e+000
  4.6391047337033342e+000  4.5628172641959281e+000  4.5344413001691919e+000  4.1459439043899238e+000  3.9985861703084993e+000  2.6715439000245169e+000  2.6702394511880811e+000  2.6702394511880811e+000  2.6702394511880811e+000  2.6702394511880811e+000  2.3777219052872169e+000  2.3777219052872169e+000  2.3777219052872169e+000  2.3777219052872169e+000
  4.3487627213642099e+000  3.7681532115434493e+000  3.7681532115434493e+000  3.7681532115434493e+000  3.0381230347725250e+000  2.9842027193244576e+000  2.9842027193244576e+000  2.9472737007658907e+000  2.9446197539557488e+000  2.3770749972059093e+000  2.3768290358448212e+000  2.3768268810329118e+000  2.3154523255946060e+000  2.3154523255946060e+000
  4.2747272176202387e+000  4.2711468359864284e+000  3.1214792217836020e+000  3.1040233564638129e+000  3.1008635769053399e+000  3.0995757949285689e+000  3.0972658439761744e+000  2.5182285145065180e+000  2.5181524127442572e+000  2.5181524127442572e+000  2.5181524127442572e+000  2.5181524127442572e+000  2.5181524127442572e+000  2.5181524127442572e+000
  4.4311049362622725e+000  3.4103783397579264e+000  3.4103783397579264e+000  3.4103783397579264e+000  3.4103783397579264e+000  1.9149617540845156e+000  1.9149617540845156e+000  1.9149617540845156e+000  1.9149617540845156e+000  1.9149617540845156e+000  1.9149617540845156e+000  1.9149617540845156e+000  1.9149617540845156e+000  1.9149617540845156e+000
  4.3493941809304033e+000  3.9410303166100675e+000  3.4600708719701743e+000  3.3244455280623697e+000  2.0462282187029359e+000  2.0460569067017786e+000  2.0460569067017786e+000  2.0460569067017786e+000  2.0460569067017786e+000  2.0460569067017786e+000  2.0460569067017786e+000  2.0460569067017786e+000  2.0460569067017786e+000  2.0460569067017786e+000
  4.1089337506239190e+000  4.1089337506239190e+000  4.1089337506239190e+000  3.5906980019026378e+000  1.4599838032008847e+000  1.4599476801233777e+000  1.4599476801233777e+000  1.4599476801233777e+000  1.4599476801233777e+000  1.4599476801233777e+000  1.4599476801233777e+000  1.4599476801233777e+000  1.4599476801233777e+000  1.4599476801233777e+000
  4.5934943908462174e+000  4.0255867876139746e+000  3.1085702540706279e+000  2.9193844685360091e+000  1.7112359445850416e+000  1.6854464616117184e+000  1.6854460119839132e+000  1.6854460119839132e+000  1.6854460119839132e+000  1.6854460119839132e+000  1.6854460119839132e+000  1.6854460119839132e+000  1.6854460119839132e+000  1.6854460119839132e+000
