  2.5966169447040738e+002  9.2460086839545738e+001  4.9148295039421555e+001  5.4931818248542186e-001  3.9881773103229534e-001  3.1284628182675078e-001  2.5762501971848906e-001  2.5274030045147811e-001  2.5274030045147811e-001  2.5274030045147811e-001  2.5274030045147811e-001  2.4056777476539537e-001  2.4056777476539537e-001  2.4056777476539537e-001
  2.5634249311072085e+002  9.4030749873045806e+001  4.6657346142631468e+001  5.8977468629632313e-001  4.1001256036634004e-001  3.4137039218558130e-001  2.4974690430599367e-001  2.4974690430599367e-001  2.4974690430599367e-001  2.2479914600330630e-001  2.2479914600330630e-001  2.2479914600330630e-001  2.2479914600330630e-001  2.2479914600330630e-001
  2.3593372142848648e+002  1.0508720648620579e+002  4.5401106055607443e+001  4.7788663767619255e-001  4.3804002391857466e-001  3.1851354287505274e-001  2.9545745630343845e-001  2.6304112960497150e-001  2.1404011892946073e-001  2.1404011892946073e-001  2.1404011892946073e-001  2.1404011892946073e-001  2.0586275136952281e-001  2.0586275136952281e-001
  2.1677671749203250e+002  1.2235189862424249e+002  5.2792581909307501e+001  7.1720944502226303e-001  3.8672939148250407e-001  2.9929834464473970e-001  2.8966166371105828e-001  2.8966166371105828e-001  2.4687851814201167e-001  2.4687851814201167e-001  2.4687851814201167e-001  2.4687851814201167e-001  2.4687851814201167e-001  2.3579145365192744e-001
  2.5178368171392003e+002  9.0774650693865397e+001  3.7429390838987047e+001  4.1224307670518101e-001  3.4660837737897054e-001  3.4660837737897054e-001  2.9166918471833014e-001  2.9166918471833014e-001  2.5584571116019106e-001  2.5584571116019106e-001  2.4368171321316368e-001  2.4368171321316368e-001  2.3479522284537779e-001  2.0966868294431151e-001
  2.7669916048452819e+002  1.1653781978714414e+002  4.3655448975815034e+001  4.1401117772215912e-001  4.1401117772215912e-001  3.1850434907732961e-001  2.8055691738063615e-001  2.5480149610143599e-001  2.5480149610143599e-001  2.5480149610143599e-001  2.5480149610143599e-001  2.5480149610143599e-001  2.5480149610143599e-001  2.4837398796353227e-001
  2.4611300823626721e+002  9.2782037866822520e+001  4.9495234393127248e+001  6.1560045471628655e-001  3.9367235741156037e-001  3.2067381085562374e-001  3.1295662985939998e-001  2.8248958298217985e-001  2.8248958298217985e-001  2.7351374375189152e-001  2.5994276390156301e-001  2.5994276390156301e-001  2.3358994480190631e-001  2.3080083838840437e-001
  2.5604734706520958e+002  9.4350790359291523e+001  4.3511467237416127e+001  4.7601104715135989e-001  3.9329101037560577e-001  3.6379576351964715e-001  2.8089668846178029e-001  2.8089668846178029e-001  1.9098728961671441e-001  1.9098728961671441e-001  1.9098728961671441e-001  1.9098728961671441e-001  1.9098728961671441e-001  1.9098728961671441e-001
  3.0476545974112332e+002  1.0526016194947351e+002  5.4190824282907897e+001  5.4303196390333142e-001  5.0681671246934457e-001  3.5900881583779665e-001  2.4753259738713496e-001  2.4753259738713496e-001  2.3491790619664243e-001  2.3491790619664243e-001  2.3491790619664243e-001  2.3491790619664243e-001  2.3491790619664243e-001  2.3491790619664243e-001
  2.5287269047107293e+002  9.9156757972410105e+001  4.2711102130982454e+001  5.5432055060100538e-001  3.7513410759834187e-001  3.3902127353030664e-001  3.3648615095557943e-001  3.3648615095557943e-001  3.2062014264693062e-001  2.9563539985929310e-001  2.6792456604107429e-001  2.5940743828164159e-001  2.5041126054020424e-001  2.4282040631919699e-001
  2.2036657508593817e+002  1.1936740600063740e+002  4.0515859459863123e+001  4.9152605170456809e-001  3.9996392867806208e-001  3.3168340555062059e-001  3.3168340555062059e-001  2.7387644396162614e-001  2.5462734922984964e-001  2.4717725409982449e-001  2.4717725409982449e-001  2.3730604491470331e-001  2.3730604491470331e-001  2.3730604491470331e-001
  2.5890680166415473e+002  1.0148578016595025e+002  5.3281012153068332e+001  6.5645933772429998e-001  3.8995864847720441e-001  2.9234915258643923e-001  2.7717129331881551e-001  2.7717129331881551e-001  2.7717129331881551e-001  1.9946363760482200e-001  1.9946363760482200e-001  1.9946363760482200e-001  1.9946363760482200e-001  1.9946363760482200e-001
  2.3832242269808876e+002  1.1255119771141858e+002  4.7233473728345416e+001  6.7770182044864669e-001  3.3983423761992526e-001  3.3983423761992526e-001  3.0022704049906679e-001  2.4599951975164913e-001  2.4599951975164913e-001  2.4599951975164913e-001  2.4599951975164913e-001  1.8450944722985696e-001  1.8450944722985696e-001  1.8450944722985696e-001
  2.7788681765486535e+002  1.1489480363392136e+002  3.9263584474758545e+001  5.4260165274058636e-001  5.2984454835768702e-001  3.3712984305748250e-001  3.0297852315311502e-001  2.9202192602269861e-001  2.8117219012347050e-001  2.7948690604216608e-001  2.5984542227979546e-001  2.5984542227979546e-001  2.5930236752242308e-001  2.5930236752242308e-001
  1.9834555682021664e+002  9.3997308902231680e+001  5.1314439027945582e+001  4.3244804540881887e-001  4.1697644378541554e-001  3.2717853619465131e-001  2.6032452241020110e-001  2.4549630378078291e-001  2.4549630378078291e-001  2.4549630378078291e-001  2.4549630378078291e-001  1.9609105223685219e-001  1.9609105223685219e-001  1.9609105223685219e-001
  2.8660095328423495e+002  1.1505281896006159e+002  5.0026737060661162e+001  4.9183563897986460e-001  4.1336912103633949e-001  3.6139587324214517e-001  3.1412643262274287e-001  3.0335203210393047e-001  2.4103344432865015e-001  2.4103344432865015e-001  2.4103344432865015e-001  2.4103344432865015e-001  2.4103344432865015e-001  2.4103344432865015e-001
  2.1016721811129401e+002  1.1301688447670745e+002  5.1294344027865236e+001  6.4717323032505192e-001  4.1800802931243197e-001  3.2032284930664900e-001  3.1501010784859318e-001  2.7711249155072437e-001  2.7711249155072437e-001  2.7711249155072437e-001  2.2166235680288082e-001  2.2166235680288082e-001  2.2160675609188729e-001  2.2160675609188729e-001
  2.5065870189610087e+002  1.0495086210251702e+002  4.8231125251257708e+001  6.2046775405860899e-001  4.0474953862371876e-001  3.4014046132506337e-001  3.3253235186748498e-001  3.1379222683176522e-001  2.8523609462581589e-001  2.8523609462581589e-001  2.6105445060056809e-001  2.6105445060056809e-001  2.6105445060056809e-001  2.3400102054506533e-001
  2.2348088171367249e+002  1.0508619825355777e+002  4.6940814303732623e+001  5.7013511692025531e-001  3.7305021475526701e-001  3.2101618534193221e-001  2.8655598269847360e-001  2.8655598269847360e-001  2.4222655892913281e-001  2.3351023864870513e-001  2.3351023864870513e-001  2.3351023864870513e-001  2.3351023864870513e-001  2.3351023864870513e-001
  2.4945927353542970e+002  9.0827724637483925e+001  4.8383665297907328e+001  4.8313614941366723e-001  3.8087154616118823e-001  3.8087154616118823e-001  2.8218468181898970e-001  2.8218468181898970e-001  2.4155421172054048e-001  2.4155421172054048e-001  2.4155421172054048e-001  2.4155421172054048e-001  2.4155421172054048e-001  2.2883435623407422e-001
  2.4924801560884748e+002  8.8620484526918290e+001  5.0150850044961771e+001  5.8093013707934915e-001  3.5869282059525176e-001  3.5154296718633304e-001  3.2387453783644560e-001  3.1782286024122186e-001  3.1782286024122186e-001  2.0347894863380134e-001  2.0347894863380134e-001  2.0347894863380134e-001  2.0340660503052277e-001  2.0340660503052277e-001
  2.2287018334672598e+002  1.2366083886840011e+002  4.5461281171645169e+001  6.1183182981471873e-001  3.8229952895721908e-001  3.3224430901873347e-001  2.4850545250592404e-001  2.4850545250592404e-001  2.4850545250592404e-001  2.4850545250592404e-001  2.4850545250592404e-001  2.4850545250592404e-001  2.3975446968802316e-001  2.3960643312693719e-001
  2.3861535612453190e+002  9.7394588585618294e+001  4.4581648805045688e+001  4.7658888930050125e-001  3.7693331915852468e-001  2.3538470514154142e-001  1.5853055011803008e-001  1.5853055011803008e-001  1.5853055011803008e-001  1.5853055011803008e-001  1.5853055011803008e-001  1.5853055011803008e-001  1.5853055011803008e-001  1.5853055011803008e-001
  2.1987444404655230e+002  9.7750856574127511e+001  3.7529326962513551e+001  4.4540226674916994e-001  4.2197655777545151e-001  3.0817994812423422e-001  2.2769913862771318e-001  2.2769913862771318e-001  2.2471597871799531e-001  2.2471597871799531e-001  2.2471597871799531e-001  2.2220520563587343e-001  2.2220520563587343e-001  2.2220520563587343e-001
  2.8341204891179632e+002  1.0087732004475583e+002  4.6535721347291656e+001  6.1878123468227386e-001  6.0652104755718028e-001  3.3463145903647273e-001  2.7712371358325072e-001  2.7712371358325072e-001  2.7712371358325072e-001  2.7712371358325072e-001  2.7274535704714253e-001  2.7274535704714253e-001  2.4499952601172481e-001  2.4489446559164207e-001
  1.7635513497806664e+002  9.5036049933420372e+001  5.2508962282587163e+001  5.9226060654850698e-001  4.0652654021687340e-001  2.8537428063464176e-001  2.8537428063464176e-001  2.8537428063464176e-001  2.8537428063464176e-001  2.5488491684791370e-001  2.5488491684791370e-001  2.2992703939235071e-001  2.2992703939235071e-001  2.0368817083203794e-001
  2.2829256063654248e+002  8.4555799647380127e+001  5.7872148690026052e+001  5.3116277016852109e-001  3.8776830526285266e-001  3.4333710820783381e-001  2.9474655191097554e-001  2.5755300446053297e-001  2.5755300446053297e-001  2.3644235015626691e-001  2.3644235015626691e-001  1.9665203438648859e-001  1.9665203438648859e-001  1.9665203438648859e-001
  2.2162993044056520e+002  1.0603187731601747e+002  4.2198520654023469e+001  4.3036700584616483e-001  3.7943595444721723e-001  3.3739192256507522e-001  3.2323712968695872e-001  2.8650198442528563e-001  2.5959770774466051e-001  2.5740451741012293e-001  2.4468466789562626e-001  2.4468466789562626e-001  2.4468466789562626e-001  2.4468466789562626e-001
  2.4942667193780903e+002  8.5766385079263500e+001  4.9777005919358771e+001  4.6860440491627742e-001  4.2782616724184663e-001  2.9021838954781742e-001  2.3168926676567025e-001  2.3168926676567025e-001  2.3168926676567025e-001  2.2820604552134682e-001  2.2820604552134682e-001  2.2820604552134682e-001  2.2820604552134682e-001  2.2820604552134682e-001
  2.6047184038156092e+002  9.7286907606551949e+001  5.6521332714551590e+001  4.6709738179538363e-001  4.6499789767540278e-001  3.0216641134143174e-001  3.0216641134143174e-001  2.1913489126382046e-001  2.1913489126382046e-001  2.1913489126382046e-001  2.1913489126382046e-001  2.1913489126382046e-001  2.1913489126382046e-001  2.1913489126382046e-001
  2.7545553019146450e+002  1.0979252135199590e+002  4.4690387106718617e+001  3.9246787700449204e-001  3.8896532100284276e-001  3.1851429938114961e-001  2.5858545043092818e-001  2.5858545043092818e-001  2.5858545043092818e-001  2.3829101319984147e-001  2.3829101319984147e-001  2.2083766419655149e-001  2.2083766419655149e-001  2.2083766419655149e-001
  2.5155139268255675e+002  1.2126122875378883e+002  4.7943856305281315e+001  4.5190187122557290e-001  3.7412176201951297e-001  3.4371375479236121e-001  2.8452367886256980e-001  2.8452367886256980e-001  2.6947566070043649e-001  2.6947566070043649e-001  2.4696884002037223e-001  2.3386569039166716e-001  2.3386569039166716e-001  2.3386569039166716e-001
  2.2681710894392972e+002  1.1766166270882900e+002  5.2782920008557767e+001  5.2458783167389811e-001  3.6769358827859833e-001  3.6070126104368683e-001  2.4662171150635004e-001  2.4662171150635004e-001  2.4662171150635004e-001  2.4662171150635004e-001  2.4333392524977171e-001  2.4333392524977171e-001  2.4333392524977171e-001  2.3580499706804403e-001
  2.3428193095892880e+002  9.9980802829715458e+001  4.7375774090508685e+001  4.7490838019166404e-001  4.7490838019166404e-001  3.7471556255877658e-001  2.6966578850374390e-001  2.3472519794540858e-001  2.3472519794540858e-001  2.3472519794540858e-001  2.3472519794540858e-001  2.3472519794540858e-001  1.9673832862577001e-001  1.9673832862577001e-001
  2.5670688758514189e+002  9.7737331331336918e+001  4.4966753720455927e+001  4.7501531975672151e-001  4.3967763157297668e-001  3.6837778322592385e-001  3.4781815409473893e-001  2.6504117571539609e-001  2.6504117571539609e-001  2.6504117571539609e-001  2.5175434842321920e-001  2.4217894425441955e-001  2.3333848217930608e-001  2.3333848217930608e-001
  2.6295277369983341e+002  1.0593852786108050e+002  5.2344750037943186e+001  6.5237686669479444e-001  5.0711360946957029e-001  3.6077091298466257e-001  2.8998374306411279e-001  2.8998374306411279e-001  2.6582752580338820e-001  2.6582752580338820e-001  2.6582752580338820e-001  2.6582752580338820e-001  2.6582752580338820e-001  2.6456411321396445e-001
  2.4396022037767261e+002  1.1961448529688960e+002  5.1119004363832573e+001  5.8991079771521981e-001  5.8991079771521981e-001  3.4212293265932203e-001  2.6382378519747363e-001  2.6382378519747363e-001  2.6382378519747363e-001  2.6382378519747363e-001  2.6382378519747363e-001  2.6382378519747363e-001  2.3859885198316988e-001  2.3859885198316988e-001
  2.6612249044498571e+002  1.1108278765912905e+002  5.3430097310841120e+001  7.0406136080782744e-001  3.5743831161903472e-001  3.2803300653358747e-001  3.2803300653358747e-001  3.2803300653358747e-001  2.7119252191778287e-001  2.3413644759421004e-001  2.3413644759421004e-001  2.3413644759421004e-001  2.3413644759421004e-001  2.3413644759421004e-001
  2.1606865633955363e+002  9.9734614227979819e+001  4.6919490872243614e+001  3.7809515811136407e-001  3.3589109326680955e-001  2.9633669345685121e-001  2.9293878644853066e-001  2.8965388954065929e-001  2.6875731967516003e-001  2.5318753131045924e-001  2.5318753131045924e-001  2.5318753131045924e-001  2.5318753131045924e-001  2.3832835173107014e-001
  2.6559930344505051e+002  1.0630259411586349e+002  4.4301374387279111e+001  4.2271788981611280e-001  4.2271788981611280e-001  2.8963127958354562e-001  2.8079513287980262e-001  2.8079513287980262e-001  2.3619513362496036e-001  2.3619513362496036e-001  2.3619513362496036e-001  2.3619513362496036e-001  2.3619513362496036e-001  2.3619513362496036e-001
  2.2865093247611389e+002  9.9638910674982299e+001  5.2910637044261875e+001  5.9358423418461825e-001  3.8720822170216707e-001  3.3468301405923739e-001  2.5070127488970684e-001  2.5070127488970684e-001  2.5070127488970684e-001  2.5045274996659828e-001  2.5045274996659828e-001  2.5042499779328864e-001  2.5042499779328864e-001  2.5042499779328864e-001
  2.5838793889498288e+002  1.0764328747153172e+002  5.0393354116164119e+001  6.0616702284050916e-001  3.8398015331881652e-001  3.6733052991144177e-001  3.2492387929960387e-001  2.9429335626332431e-001  2.8311429479913386e-001  2.4070662180110958e-001  2.1215534019665938e-001  2.1215534019665938e-001  2.1215534019665938e-001  2.1213957776512871e-001
  2.6312733925205066e+002  1.0296395214939548e+002  3.9805144438904563e+001  4.5721603256265553e-001  4.0936749255001814e-001  3.2021121538855368e-001  3.0565619498293017e-001  2.8282080069698168e-001  2.1023432074389348e-001  1.9166682524041789e-001  1.9166682524041789e-001  1.9166682524041789e-001  1.9166682524041789e-001  1.9166682524041789e-001
  2.5431225480226522e+002  8.6096416647531896e+001  4.2964674432156244e+001  3.8779898406892244e-001  3.8779898406892244e-001  3.4644198847422558e-001  3.2973606472955908e-001  3.2973606472955908e-001  2.4792546340268018e-001  2.4792546340268018e-001  2.4170249846929437e-001  2.2489086055816188e-001  2.2489086055816188e-001  2.2489086055816188e-001
  1.7696940128236201e+002  1.0021739250638529e+002  5.2703733631967452e+001  5.8483508889730729e-001  4.1612103828742875e-001  3.1221897794898723e-001  2.5424851112279612e-001  2.5424851112279612e-001  2.5424851112279612e-001  2.5424851112279612e-001  2.4026100645801307e-001  2.4026100645801307e-001  2.4026100645801307e-001  2.4025227138031369e-001
  2.3659716915117383e+002  1.0814047615337313e+002  4.9257485997045478e+001  4.3176903841344938e-001  3.6566355520494653e-001  3.3139543849961228e-001  3.0679315158840836e-001  2.9918920975046603e-001  2.7357131687062974e-001  2.4364475992410917e-001  2.4364475992410917e-001  2.4364475992410917e-001  2.4364475992410917e-001  2.4364475992410917e-001
  2.2162993044056520e+002  1.0603187731601747e+002  4.2198520654023469e+001  4.3036700584616483e-001  3.7943595444721723e-001  3.3739192256507522e-001  3.2323712968695872e-001  2.8650198442528563e-001  2.5959770774466051e-001  2.5740451741012293e-001  2.4468466789562626e-001  2.4468466789562626e-001  2.4468466789562626e-001  2.4468466789562626e-001
  2.4884158836952429e+002  1.0825272837557054e+002  3.9234218742675239e+001  4.3225584553738372e-001  3.8991762782347905e-001  3.3563772551565307e-001  2.9614470121737213e-001  2.5557448195422694e-001  2.4692391381336165e-001  2.4690943938776400e-001  2.4690943938776400e-001  2.4430282101093326e-001  2.4430282101093326e-001  2.2010922810909506e-001
  2.6221583380799007e+002  9.7722680589494985e+001  5.0935004260187270e+001  3.8687835278392413e-001  3.7686774463963957e-001  2.6932198559347853e-001  2.6932198559347853e-001  2.0378636889245172e-001  2.0378636889245172e-001  2.0378636889245172e-001  2.0378636889245172e-001  2.0378636889245172e-001  2.0378636889245172e-001  2.0378636889245172e-001
  2.4117007439362146e+002  1.1829218519974984e+002  5.0748209986476695e+001  4.6838340235785836e-001  4.6838340235785836e-001  3.2561544770396722e-001  3.0561868294830674e-001  3.0561868294830674e-001  2.1488101505042323e-001  2.1488101505042323e-001  2.1488101505042323e-001  2.1488101505042323e-001  2.1488101505042323e-001  2.1488101505042323e-001
  2.6368149591120800e+002  9.8774208574295471e+001  5.0220416784210784e+001  7.3220872538900039e-001  4.2725763753264800e-001  3.3408311871221485e-001  2.5588921988764923e-001  2.5588921988764923e-001  2.5588921988764923e-001  2.5588921988764923e-001  2.5588921988764923e-001  2.5588921988764923e-001  2.5588921988764923e-001  2.5588921988764923e-001
