  4.6276639692621302e+000  2.4962164916880738e+000  1.1011357709644471e+000  4.5538919267255551e-001  4.5538919267255551e-001  4.5538919267255551e-001  4.5538919267255551e-001  4.5538919267255551e-001  4.5538919267255551e-001  4.5538919267255551e-001  4.5538919267255551e-001  3.6671848704668264e-001  3.6671848704668264e-001  3.6671848704668264e-001
  5.1079223259428090e+000  2.6266132987846049e+000  9.2632112500064068e-001  5.9844602074713293e-001  4.6209817659450891e-001  4.0741576127061307e-001  3.3126451559792258e-001  3.3126451559792258e-001  3.3126451559792258e-001  3.3126451559792258e-001  3.3126451559792258e-001  3.3126451559792258e-001  3.3126451559792258e-001  3.3126451559792258e-001
  4.3438917203709480e+000  3.0694359093474759e+000  7.3017136258931714e-001  4.8653440480393328e-001  4.8653440480393328e-001  4.2635418000008940e-001  4.2635418000008940e-001  4.2635418000008940e-001  2.4323547433664316e-001  2.4316920570413458e-001  2.4316920570413458e-001  2.4316920570413458e-001  2.4316920570413458e-001  2.4316920570413458e-001
  4.8805049843538200e+000  2.5765140253540721e+000  7.6741613095214234e-001  4.5329770320495300e-001  4.5329770320495300e-001  4.1971719776574901e-001  3.0122182929426344e-001  2.2044100102948505e-001  2.2044100102948505e-001  2.2044100102948505e-001  2.2044100102948505e-001  2.2044100102948505e-001  2.2044100102948505e-001  2.2044100102948505e-001
  4.5082999374142219e+000  2.4467941542616245e+000  1.0943331587413923e+000  5.7789029910827594e-001  2.6268836168105736e-001  2.6268836168105736e-001  2.6268836168105736e-001  2.6268836168105736e-001  2.6268836168105736e-001  2.6268836168105736e-001  2.6268836168105736e-001  2.6268836168105736e-001  2.6268836168105736e-001  2.6268836168105736e-001
  5.1440863912507666e+000  2.6280345325135386e+000  8.7918088848346088e-001  3.6855121363851140e-001  3.6855121363851140e-001  3.6855121363851140e-001  3.6855121363851140e-001  3.6855121363851140e-001  3.6855121363851140e-001  3.6855121363851140e-001  3.6855121363851140e-001  3.6855121363851140e-001  2.5469579744321891e-001  2.5469579744321891e-001
  4.8437301413066507e+000  2.4461880561239013e+000  8.5231992812759927e-001  2.8927230472800147e-001  2.8927230472800147e-001  2.8927230472800147e-001  2.8927230472800147e-001  2.8927230472800147e-001  2.8927230472800147e-001  2.8927230472800147e-001  2.8927230472800147e-001  2.8927230472800147e-001  2.8927230472800147e-001  2.8927230472800147e-001
  4.3846042257700901e+000  2.2759657184801654e+000  6.1057806692656413e-001  2.9367434029359174e-001  2.9367434029359174e-001  2.9367434029359174e-001  2.9367434029359174e-001  2.9367434029359174e-001  2.9367434029359174e-001  2.9367434029359174e-001  2.9367434029359174e-001  2.9367434029359174e-001  2.9367434029359174e-001  2.9367434029359174e-001
  4.8894050897556554e+000  2.3548081012131661e+000  9.4149252175270703e-001  4.0823613363340883e-001  4.0823613363340883e-001  3.7728779405551904e-001  3.7728779405551904e-001  3.7728779405551904e-001  3.7728779405551904e-001  2.9201235480763899e-001  2.9201235480763899e-001  2.9201235480763899e-001  2.9201235480763899e-001  2.9201235480763899e-001
  4.6459454389398616e+000  2.2030636048484666e+000  8.9582866366322378e-001  7.6244349202102057e-001  4.3145198779734528e-001  4.3145198779734528e-001  4.0340732992126505e-001  4.0340732992126505e-001  3.2230102105381775e-001  3.2230102105381775e-001  3.2230102105381775e-001  3.2230102105381775e-001  3.2230102105381775e-001  3.2230102105381775e-001
  4.8642326884996692e+000  2.5624910967171672e+000  7.4940059556729466e-001  3.5407136893195457e-001  3.5407136893195457e-001  3.5407136893195457e-001  3.5407136893195457e-001  3.5407136893195457e-001  3.4396929946865384e-001  2.8773968240057002e-001  2.8773968240057002e-001  2.8773968240057002e-001  2.8773968240057002e-001  2.8773968240057002e-001
  5.6334456469685392e+000  2.8709040484177422e+000  1.0215219482988687e+000  3.1060715822968632e-001  3.1060715822968632e-001  3.1060715822968632e-001  3.1060715822968632e-001  3.1060715822968632e-001  3.1060715822968632e-001  3.1060715822968632e-001  3.1060715822968632e-001  2.6090425896609304e-001  2.6090425896609304e-001  2.6090425896609304e-001
  4.7434232553309812e+000  2.5133466017489354e+000  1.0933368182970753e+000  4.3689229399660690e-001  4.3689229399660690e-001  4.3689229399660690e-001  4.0576256276995082e-001  4.0576256276995082e-001  4.0576256276995082e-001  4.0576256276995082e-001  4.0576256276995082e-001  3.3529640158417351e-001  3.3529640158417351e-001  2.5242258402272455e-001
  5.2888633489230870e+000  2.9773829350679080e+000  9.7198422803194262e-001  3.8843516687279589e-001  3.8843516687279589e-001  3.8843516687279589e-001  2.7641616048731521e-001  2.7641616048731521e-001  2.7641616048731521e-001  2.7641616048731521e-001  2.7641616048731521e-001  2.7641616048731521e-001  2.5078774235862511e-001  2.5078774235862511e-001
  4.5908280670328168e+000  1.9020148853512637e+000  8.9273773156264724e-001  5.5760263907950502e-001  4.9402424869117567e-001  4.7938945275973310e-001  3.8513269792565552e-001  3.8513269792565552e-001  3.8513269792565552e-001  3.8025382426485521e-001  2.9474308370231483e-001  2.9474308370231483e-001  2.9474308370231483e-001  2.9474308370231483e-001
  4.6442203837250418e+000  2.3939040373479656e+000  1.0191667177548425e+000  4.8319848958021794e-001  4.1559974048709591e-001  4.1559974048709591e-001  3.7805083563785047e-001  3.7805083563785047e-001  3.7805083563785047e-001  3.7805083563785047e-001  3.7805083563785047e-001  3.7805083563785047e-001  3.7805083563785047e-001  3.7805083563785047e-001
  4.5429755542263592e+000  2.3208046383117562e+000  8.0780295952422421e-001  3.8882605903404510e-001  3.1041004231360603e-001  3.1041004231360603e-001  3.1041004231360603e-001  3.1041004231360603e-001  3.1041004231360603e-001  3.1041004231360603e-001  3.1041004231360603e-001  3.1041004231360603e-001  3.1041004231360603e-001  3.1041004231360603e-001
  4.6149978935893614e+000  1.8956210918393026e+000  1.1330230141772972e+000  4.4743146326618444e-001  4.4743146326618444e-001  3.3421086035764347e-001  3.3421086035764347e-001  3.3421086035764347e-001  3.3421086035764347e-001  3.3421086035764347e-001  3.0317720855759944e-001  3.0317720855759944e-001  3.0317720855759944e-001  3.0317720855759944e-001
  5.2738018710149390e+000  2.0152782434563505e+000  9.0875892759322596e-001  5.9367915091434043e-001  3.6882300312663574e-001  3.6882300312663574e-001  3.6882300312663574e-001  3.6882300312663574e-001  3.6882300312663574e-001  3.6882300312663574e-001  3.2176178031454583e-001  3.2176178031454583e-001  3.2176178031454583e-001  3.0633841545113683e-001
  4.3000133847210691e+000  2.7731441471346443e+000  8.2895222266711244e-001  3.7470535463830856e-001  3.7470535463830856e-001  3.7470535463830856e-001  3.7470535463830856e-001  3.2704805111779933e-001  3.2704805111779933e-001  3.2704805111779933e-001  2.6849493883105424e-001  2.6849493883105424e-001  2.6849493883105424e-001  2.6849493883105424e-001
  4.4646014049403675e+000  3.0204816020127510e+000  9.9671347843946023e-001  3.6732460639154851e-001  3.6732460639154851e-001  3.6732460639154851e-001  3.6732460639154851e-001  3.6732460639154851e-001  3.6732460639154851e-001  3.6732460639154851e-001  3.6732460639154851e-001  3.6732460639154851e-001  2.9884878506686618e-001  2.9884878506686618e-001
  4.3495756728846118e+000  1.9680112849484885e+000  7.3982349306538708e-001  3.4870602640512516e-001  3.4870602640512516e-001  2.4703678597256840e-001  2.4703678597256840e-001  2.4703678597256840e-001  2.4703678597256840e-001  2.4703678597256840e-001  2.4703678597256840e-001  2.4703678597256840e-001  2.4703678597256840e-001  2.4703678597256840e-001
  5.0050343598320524e+000  2.7042427055755525e+000  9.5382864164434977e-001  3.6539148650649622e-001  3.6539148650649622e-001  3.3281920608737892e-001  3.3281920608737892e-001  3.3281920608737892e-001  3.3281920608737892e-001  3.3281920608737892e-001  3.3281920608737892e-001  3.3281920608737892e-001  3.3281920608737892e-001  2.6137945868254064e-001
  4.8536324799422346e+000  2.6167686457561103e+000  7.0509605502502382e-001  4.0234415525060285e-001  4.0234415525060285e-001  3.4369055334582299e-001  3.4369055334582299e-001  3.4369055334582299e-001  3.4369055334582299e-001  3.4369055334582299e-001  3.4369055334582299e-001  3.4369055334582299e-001  3.4369055334582299e-001  3.4369055334582299e-001
  4.3953586788957182e+000  2.1822318856759466e+000  1.0044595491353903e+000  5.1944870722604719e-001  5.1944870722604719e-001  4.8720969307032647e-001  4.8720969307032647e-001  3.7848976299937931e-001  3.7848976299937931e-001  3.7848976299937931e-001  3.7848976299937931e-001  3.7848976299937931e-001  3.7848976299937931e-001  3.3990172798439744e-001
  4.7242253293986778e+000  2.7389481528907709e+000  9.4112193567002578e-001  6.0260899548370617e-001  4.6526923177498247e-001  2.3172673410954303e-001  2.3172673410954303e-001  2.3172673410954303e-001  2.3172673410954303e-001  2.3172673410954303e-001  2.3172673410954303e-001  2.3172673410954303e-001  2.3172673410954303e-001  2.3172673410954303e-001
  4.7508011529439500e+000  2.4474572321248615e+000  8.6786876855694572e-001  4.2431068022369800e-001  2.2960510618872831e-001  2.2960510618872831e-001  2.2960510618872831e-001  2.2960510618872831e-001  2.2960510618872831e-001  2.2960510618872831e-001  2.2960510618872831e-001  2.2960510618872831e-001  2.2960510618872831e-001  2.2960510618872831e-001
  4.7543271639999602e+000  2.2921164186791430e+000  8.0382053199286929e-001  4.4314688304211813e-001  4.4314688304211813e-001  3.9476885780186421e-001  3.5403975058102333e-001  3.3348247982758039e-001  3.3348247982758039e-001  3.3348247982758039e-001  3.3348247982758039e-001  3.3348247982758039e-001  3.3348247982758039e-001  3.3348247982758039e-001
  4.7192848374179448e+000  2.9454246602228977e+000  9.4719676935210373e-001  4.9566497369255558e-001  4.9566497369255558e-001  4.0637997106659896e-001  3.1848193548239578e-001  3.1848193548239578e-001  3.1848193548239578e-001  3.1848193548239578e-001  2.4504988630246771e-001  2.4504988630246771e-001  2.4504988630246771e-001  2.4504988630246771e-001
  4.7998236770338281e+000  2.2769640312621959e+000  1.0477232367243232e+000  4.7386512427260641e-001  3.3029291862681021e-001  3.3029291862681021e-001  3.3029291862681021e-001  3.0135383929768977e-001  3.0135383929768977e-001  3.0135383929768977e-001  3.0135383929768977e-001  2.8486325627204678e-001  2.8486325627204678e-001  2.8486325627204678e-001
  4.6244081694262604e+000  2.7141775463469457e+000  9.4999606561555083e-001  5.4269851000412928e-001  4.5221657402180426e-001  4.5221657402180426e-001  4.5221657402180426e-001  4.2567071043708893e-001  3.6456264564094454e-001  3.2170946029987135e-001  3.2170946029987135e-001  3.2170946029987135e-001  3.2170946029987135e-001  3.2170946029987135e-001
  5.2395153407437647e+000  2.9458046689160255e+000  8.2371910981055407e-001  6.6038587014531913e-001  4.6957825235062955e-001  2.0053660971916543e-001  2.0053660971916543e-001  2.0053660971916543e-001  2.0053660971916543e-001  2.0053660971916543e-001  2.0053660971916543e-001  2.0053660971916543e-001  2.0053660971916543e-001  2.0053660971916543e-001
  3.8123776914437713e+000  2.6669083959018280e+000  8.1585800620291593e-001  4.9208041558154036e-001  3.8871200823450636e-001  3.8871200823450636e-001  3.8871200823450636e-001  3.8871200823450636e-001  3.8871200823450636e-001  3.8871200823450636e-001  3.8871200823450636e-001  3.8871200823450636e-001  3.8832743982675311e-001  3.0141663633094140e-001
  4.3608509663442874e+000  2.2519151172416514e+000  8.7116613075750138e-001  6.3461888317578996e-001  3.8835349930127450e-001  3.8835349930127450e-001  3.3553725989418126e-001  3.3553725989418126e-001  3.3553725989418126e-001  3.3553725989418126e-001  3.3553725989418126e-001  3.3318462545639704e-001  3.3318462545639704e-001  3.3318462545639704e-001
  4.5132894777887032e+000  2.6371013284751825e+000  8.9427434443450693e-001  5.7121406730493618e-001  5.0149958886277091e-001  5.0149958886277091e-001  3.5263406115882390e-001  3.5263406115882390e-001  3.2802098220440712e-001  3.2802098220440712e-001  3.2802098220440712e-001  2.5350580507529230e-001  2.5350580507529230e-001  2.5350580507529230e-001
  4.7030286472149783e+000  2.5262955235932623e+000  8.7348777125816923e-001  3.8601399504113942e-001  3.8601399504113942e-001  3.5196983947798799e-001  3.5196983947798799e-001  3.2854960468330319e-001  3.2854960468330319e-001  3.1686031432877826e-001  3.1686031432877826e-001  3.1686031432877826e-001  2.5580669567875702e-001  2.5433932658688718e-001
  4.7636526842320563e+000  1.7769053486815665e+000  6.8866644095010088e-001  5.5541646907317954e-001  5.5437184420043195e-001  3.0578859252295842e-001  3.0578859252295842e-001  3.0578859252295842e-001  3.0578859252295842e-001  3.0578859252295842e-001  3.0578859252295842e-001  3.0578859252295842e-001  3.0578859252295842e-001  2.4805152591466140e-001
  5.2955819145415717e+000  2.8019727677421997e+000  8.5473388055265787e-001  4.3069662155221522e-001  3.2169834896103566e-001  3.2169834896103566e-001  3.2169834896103566e-001  3.2169834896103566e-001  3.2169834896103566e-001  3.2169834896103566e-001  3.2169834896103566e-001  3.2169834896103566e-001  3.2169834896103566e-001  3.2169834896103566e-001
  5.6863670565958273e+000  3.1368897743511752e+000  1.1131580667224625e+000  5.7366265880841638e-001  4.4031950747444171e-001  2.8621059965462337e-001  2.8621059965462337e-001  2.8621059965462337e-001  2.8621059965462337e-001  2.8621059965462337e-001  2.8621059965462337e-001  2.8621059965462337e-001  2.8621059965462337e-001  2.8621059965462337e-001
  4.9330773487520219e+000  2.3037665768977149e+000  1.0326473284505937e+000  5.1170532635728705e-001  5.1170532635728705e-001  4.2926590782553831e-001  4.2926590782553831e-001  3.4556185380665738e-001  3.4517884904403218e-001  3.4517884904403218e-001  3.4517884904403218e-001  3.4517884904403218e-001  3.4517884904403218e-001  3.2927443373546339e-001
  4.6829244625746469e+000  2.5730109830133188e+000  8.8166861863305712e-001  4.2071396375035874e-001  3.4450489755931812e-001  3.4450489755931812e-001  3.4450489755931812e-001  3.4432303868197778e-001  3.4432303868197778e-001  3.4432303868197778e-001  3.4432303868197778e-001  3.4432303868197778e-001  3.4432303868197778e-001  3.4432303868197778e-001
  4.8354445441136704e+000  2.5492229910100832e+000  8.1255672808038071e-001  4.0562951387664725e-001  4.0562951387664725e-001  3.8344259005953063e-001  2.9611366387212001e-001  2.9611366387212001e-001  2.9611366387212001e-001  2.9611366387212001e-001  2.9611366387212001e-001  2.9611366387212001e-001  2.9611366387212001e-001  2.9611366387212001e-001
  4.3883125225365802e+000  2.9591331519075084e+000  8.7721149776871243e-001  6.2024649024669998e-001  4.2594141604740798e-001  4.2594141604740798e-001  3.1424353695570062e-001  3.1424353695570062e-001  2.0406318032200943e-001  2.0406318032200943e-001  2.0406318032200943e-001  2.0406318032200943e-001  2.0406318032200943e-001  2.0406318032200943e-001
  4.6913138221389090e+000  2.5445152290067199e+000  9.0652238350480729e-001  5.4753974921391091e-001  3.5736146983686012e-001  3.4650180131848174e-001  3.4650180131848174e-001  3.4650180131848174e-001  2.2748825300550379e-001  2.2748825300550379e-001  2.2748825300550379e-001  2.2748825300550379e-001  2.2748825300550379e-001  2.2748825300550379e-001
  4.6655623457907041e+000  2.6648534746270798e+000  8.3210621628563786e-001  4.4150566252619683e-001  2.4847662869296983e-001  2.4847662869296983e-001  2.4847662869296983e-001  2.4847662869296983e-001  2.4847662869296983e-001  2.4847662869296983e-001  2.4847662869296983e-001  2.4847662869296983e-001  2.4847662869296983e-001  2.4847662869296983e-001
  4.0961842971832993e+000  1.6457329782465422e+000  8.4843240561849598e-001  4.6664899301981677e-001  4.0982678788168414e-001  4.0982678788168414e-001  4.0982678788168414e-001  4.0982678788168414e-001  4.0982678788168414e-001  4.0982678788168414e-001  4.0982678788168414e-001  4.0982678788168414e-001  4.0870136174658001e-001  2.5414387827549945e-001
  4.4205950909836247e+000  2.2136962929484980e+000  9.0006523260899485e-001  2.7368190171569040e-001  2.7368190171569040e-001  2.7368190171569040e-001  2.7368190171569040e-001  2.7368190171569040e-001  2.7368190171569040e-001  2.7368190171569040e-001  2.7368190171569040e-001  2.7368190171569040e-001  2.7368190171569040e-001  2.7368190171569040e-001
  5.2690694858495135e+000  2.5976307804933185e+000  9.4966865692776992e-001  3.9052399692582185e-001  3.9052399692582185e-001  3.9052399692582185e-001  3.9052399692582185e-001  3.9052399692582185e-001  3.9052399692582185e-001  3.9052399692582185e-001  3.9052399692582185e-001  3.9052399692582185e-001  3.5105147192280128e-001  3.5105147192280128e-001
  4.0403723837137022e+000  2.5730263424436544e+000  9.9725022133429775e-001  5.6198326670187271e-001  2.1932957480407822e-001  1.8701938063031776e-001  1.8701938063031776e-001  1.8701938063031776e-001  1.8701938063031776e-001  1.8701938063031776e-001  1.8701938063031776e-001  1.8701938063031776e-001  1.8701938063031776e-001  1.8701938063031776e-001
  4.5723138497507989e+000  2.5340148229101942e+000  4.8665482467185939e-001  3.0125297469589896e-001  3.0125297469589896e-001  3.0125297469589896e-001  2.4178868557987698e-001  2.4178868557987698e-001  2.4178868557987698e-001  2.4178868557987698e-001  2.4178868557987698e-001  2.4178868557987698e-001  2.4178868557987698e-001  2.4178868557987698e-001
  4.6204061033663493e+000  2.4720922953706577e+000  9.2188996808545198e-001  4.6230040802856820e-001  4.6230040802856820e-001  4.6230040802856820e-001  3.9724373492322229e-001  3.1737302050350991e-001  3.1737302050350991e-001  3.1737302050350991e-001  2.7330522567490334e-001  2.7330522567490334e-001  2.7330522567490334e-001  2.7330522567490334e-001
