  5.3556673898026370e+007  2.4365278712111777e+006  1.0506068151833755e+006  2.9231132340788936e+003  2.9129682718364284e+003  1.7788508049315660e+003  1.4521389799441131e+003  1.2661704145734366e+003  1.1656411838588510e+003  1.1614442235794186e+003  1.1389561343237683e+003  1.1384379895876291e+003  1.1289909714843634e+003  1.1283286820343669e+003
  9.4184534157570049e+007  8.2835736780297561e+006  7.8746944612085435e+005  3.2559172710610383e+003  2.5929024579379929e+003  2.4807208233067777e+003  1.7212333253493334e+003  1.4859901115217053e+003  1.4641301063926658e+003  1.4626299968149733e+003  1.4553877340318286e+003  1.3123354551126804e+003  1.2141094838391591e+003  1.2065227088374613e+003
  2.7275712960583661e+007  4.1368000196571397e+006  6.6132591749778634e+005  2.9560937002120700e+003  2.7113070784530828e+003  1.6538867593086634e+003  1.5442853108169129e+003  1.4610502469591111e+003  1.3917847028684982e+003  1.3912432715997320e+003  1.3826176032267958e+003  1.3671161427178658e+003  1.3538733274146507e+003  1.3484118641766836e+003
  5.8673940888029478e+007  4.8555867157192808e+006  4.3687890823271940e+005  2.6420613254360105e+003  2.3201151300045385e+003  1.7592264475091879e+003  1.4828244613530378e+003  1.4543081617560265e+003  1.4369186577045784e+003  1.3702568154410301e+003  1.3517812103952556e+003  1.3271420348350739e+003  1.0954465275239795e+003  1.0660064125280992e+003
  2.9330157440534484e+007  3.2463471411224762e+006  5.3530121961957635e+005  2.5121779219620576e+003  2.4316512873427628e+003  1.8791061986755649e+003  1.7247492380720832e+003  1.6401163843192135e+003  1.5000100417538051e+003  1.1976313174870966e+003  1.1824776142956789e+003  1.1794156163552134e+003  1.1791157245776330e+003  1.1766363802388855e+003
  7.7593033837944686e+007  5.5549534608830139e+006  1.5401228016278029e+006  3.5358040751150329e+003  2.9109313705425411e+003  1.5337558251635382e+003  1.3843592170468546e+003  1.3112578148041221e+003  1.2183269247090002e+003  1.1745642372561870e+003  1.1448350490419944e+003  1.1183534557442399e+003  1.1075691248031717e+003  1.1066249353701778e+003
  1.1543324278234422e+008  4.7661907239784775e+006  1.0903831772536528e+006  4.1469884347732113e+003  2.7794716431720617e+003  1.7794760679866058e+003  1.7794760679866058e+003  1.4009573815039803e+003  1.2716571602752920e+003  1.2133346476897113e+003  1.1627227853047689e+003  1.1274185466026106e+003  1.1253142753072461e+003  1.1212241534244658e+003
  1.0253370179974008e+008  4.8341820872281417e+006  1.2795077939116291e+006  2.8627729181542800e+003  2.5760330544609205e+003  1.6915189154884647e+003  1.6855473769328746e+003  1.5466157238928126e+003  1.4757692419571749e+003  1.4512955784633477e+003  1.4428114204572430e+003  1.3120018044521748e+003  1.3079540169374513e+003  1.3069604546197370e+003
  7.5236672960837334e+007  1.2083502346650412e+007  1.0157999892307125e+006  2.8188915503053231e+003  2.3710884006427414e+003  2.0042963280743297e+003  1.8385044210449778e+003  1.7938559964864344e+003  1.7837155343694085e+003  1.7791890232915130e+003  1.7592479171276245e+003  1.5612009044513097e+003  1.1272404553652514e+003  1.1246919554226038e+003
  6.0875276145893857e+007  7.8646921415634686e+006  9.2034050583183113e+005  3.0981035943166644e+003  1.9800212474833297e+003  1.2502764077553311e+003  1.2143126751623549e+003  1.2136660297731123e+003  1.1400536574451958e+003  1.1376775555459817e+003  1.0533772880955821e+003  1.0517336917918874e+003  1.0340634721502697e+003  1.0264526821715754e+003
  4.5056107877391726e+007  6.0534315011287685e+006  1.0781115182665379e+006  2.9912519168781673e+003  2.1746559715080093e+003  2.0367364469761051e+003  1.3791673727139514e+003  1.2807977860337105e+003  1.2678382201244440e+003  1.2045263294336037e+003  1.1833938023591854e+003  1.1804173746354354e+003  1.1754635888899602e+003  1.1742902625726465e+003
  4.1413173118792593e+007  7.2768471507681655e+006  7.2219922879087110e+005  2.8969258953764465e+003  2.8136728396473618e+003  1.9076906509407327e+003  1.6654683935711537e+003  1.4470586040666158e+003  1.3149760900356323e+003  1.3116454242478703e+003  1.2968082139498110e+003  1.2821164204907827e+003  1.2782716848009240e+003  1.2781732017302356e+003
  9.6635346629996404e+007  1.1198899206204059e+007  1.9030097663222842e+006  3.0606634574412783e+003  1.4852474581311890e+003  1.2944346162072507e+003  1.2376064929363856e+003  1.2339651940342028e+003  1.2168800045598382e+003  1.0896456008727864e+003  1.0860970168966951e+003  1.0825834831046259e+003  1.0825834831046259e+003  1.0762512334079779e+003
  3.9101363296769969e+007  3.7706535699789901e+006  1.1263518943385645e+006  2.4318355322787793e+003  2.3504772237549942e+003  1.5706723058476027e+003  1.4988144661809711e+003  1.4512798775228384e+003  1.4464254091323346e+003  1.4348310555419775e+003  1.4240408600398259e+003  1.4000497275085199e+003  1.3984181079709906e+003  1.3977227973317695e+003
  5.1672772370426536e+007  8.9692020953045860e+006  1.8612697096309634e+006  2.4079414566759542e+003  2.0080408414999001e+003  1.7765649934715657e+003  1.7219907807619675e+003  1.7204457631174537e+003  1.6531366898537299e+003  1.4035478477076331e+003  1.3483248676844159e+003  1.2291173902917963e+003  1.1213928171090274e+003  1.0385291207267783e+003
  7.4281698127489299e+007  8.2027150240684319e+006  9.2532933020716836e+005  2.9130988524949898e+003  2.6549921457988939e+003  1.7067557750518681e+003  1.4598299222706155e+003  1.4269151227844877e+003  1.3934215145987264e+003  1.3818639256820079e+003  1.3683768912155974e+003  1.3681814036474980e+003  1.3645878369806060e+003  1.1604833925451876e+003
  8.1813233589654610e+007  1.3966821921266068e+007  1.6371680417056438e+006  2.6305286703172751e+003  2.3099296751876482e+003  1.7400952764559916e+003  1.6159730748811353e+003  1.3271331152327966e+003  1.3108931981863479e+003  1.2835139006739319e+003  1.2289745903477669e+003  1.2245884702835438e+003  1.2121937638691552e+003  1.2118680610335941e+003
  4.0262021356303811e+007  5.1217728725774521e+006  7.1405021259549074e+005  3.1207175507291449e+003  2.3167011415616234e+003  2.0077264611354894e+003  1.6594241663966768e+003  1.5447307296526469e+003  1.5334269617622394e+003  1.5279973592144579e+003  1.5124181992580197e+003  1.4125393651032509e+003  1.3794772990749316e+003  1.3610281534451879e+003
  6.1435265650742881e+007  9.6472374822893236e+006  1.4778827446749953e+006  2.6158254508952505e+003  1.9645641156069560e+003  1.4996123758272970e+003  1.3028926313068723e+003  1.2570526953035614e+003  1.2447688199578160e+003  1.2101620681223194e+003  1.2084383204678888e+003  1.2082154419356284e+003  1.1880808504959682e+003  1.1855308674806529e+003
  7.9148401671170115e+007  7.8095875554259745e+006  9.9287374614609708e+005  3.2380145273182352e+003  2.7469159696035094e+003  1.6827691610811917e+003  1.4418610289860644e+003  1.4297667169683646e+003  1.4292789580658955e+003  1.4242664455054182e+003  1.4242664455054182e+003  1.4242410553961299e+003  1.4239581167469123e+003  1.4233188886982807e+003
  5.8788280079965577e+007  7.0145401982636843e+006  8.9170117093849205e+005  4.1083566332371538e+003  2.1743399039957530e+003  1.7544915559722685e+003  1.6511216081619859e+003  1.5926077802285781e+003  1.5909160125284761e+003  1.5533966973885063e+003  1.3872366767547283e+003  1.3655259594162344e+003  1.3641752883392328e+003  1.3629702175819093e+003
  7.8314343053867847e+007  5.5904095345995873e+006  1.9630564493289688e+006  2.8743489977376539e+003  2.8252118811086675e+003  1.9720973026851043e+003  1.4367106373638153e+003  1.3418959294959677e+003  1.2731801010497520e+003  1.2408356056163830e+003  1.2074308425754543e+003  1.1917947856820811e+003  1.1867984206983342e+003  1.1826841671047951e+003
  2.0351310191899672e+007  1.1521095644309560e+006  7.7687342740366305e+005  3.2160410338763159e+003  2.5524256656960024e+003  1.8844045444668163e+003  1.4189054105160230e+003  1.3549312085577994e+003  1.3299663699998200e+003  1.2780833475547306e+003  1.2567406278791741e+003  1.2454151457556191e+003  1.2215676754254828e+003  1.2090707954415439e+003
  4.5732794124430858e+007  3.8452119402584536e+006  9.0933488558822882e+005  3.3674261183493945e+003  2.4385299792072638e+003  1.5622092660055569e+003  1.4633948549820698e+003  1.3866916816155554e+003  1.3421172295347851e+003  1.1420592159015559e+003  1.1220248634753875e+003  1.1051766151042657e+003  1.1036621004697590e+003  1.0953660983723330e+003
  9.1305273142164350e+007  7.8754384756064536e+006  1.5499006871575075e+006  3.1674152236744703e+003  1.8840640603198108e+003  1.7861112589155682e+003  1.7566224428540072e+003  1.6868827057367507e+003  1.5717925433515320e+003  1.4942384857056577e+003  1.4763144971164775e+003  1.3727750219182235e+003  1.2730150573149767e+003  1.2592054258812459e+003
  5.0871975557199098e+007  5.0181399264542097e+006  1.0944900379384898e+006  2.9163362869745652e+003  2.0496030941460813e+003  1.8102929432178744e+003  1.6835107845682032e+003  1.4058514931024338e+003  1.3864453700611302e+003  1.3543373086261818e+003  1.2993504154628699e+003  1.2955583738669156e+003  1.2867463202826684e+003  1.2627582419138880e+003
  2.4853082689640984e+007  5.7184463690735307e+006  1.3130364437550732e+006  3.1626138258969440e+003  1.8485131363924665e+003  1.4300962847831634e+003  1.3985483560102102e+003  1.3559003081271139e+003  1.3524392347777193e+003  1.0688607946371681e+003  1.0032943031549044e+003  9.6837746236276143e+002  9.3559170823497925e+002  9.3549161043694949e+002
  7.4012202636344790e+007  5.7397063082276108e+006  8.7365023527376517e+005  2.2992373452421980e+003  2.2550683010781777e+003  1.3363832542903237e+003  1.3139621080012139e+003  1.2704665602669174e+003  1.2133936886807942e+003  1.1864306444184940e+003  1.1779902909204638e+003  1.1525251548597844e+003  1.1438962082490766e+003  1.1438571897022716e+003
  5.7215514357601926e+007  6.9637849909002315e+006  1.0349767235644517e+006  2.9354157838919091e+003  1.6590363990633159e+003  1.5457464922944082e+003  1.4325079954824087e+003  1.4023783724360419e+003  1.3516358299474332e+003  1.3109749280682800e+003  1.2984234510776005e+003  1.2959425090785526e+003  1.1851051623072231e+003  1.1556240416737751e+003
  9.4033285875940159e+007  1.0636690142156482e+007  8.2112457406048477e+005  3.4212654074454640e+003  2.6825306788041516e+003  1.6462950985324533e+003  1.5223373715226999e+003  1.4090952189680402e+003  1.3774372460164950e+003  1.3149349770453018e+003  1.2493912374881429e+003  1.2473552093936978e+003  1.1807240553947850e+003  1.1630480679918001e+003
  7.9125157178716719e+007  5.4035569231778448e+006  1.1478793479854774e+006  3.7104862277136526e+003  2.5778523203402256e+003  1.8900854454420851e+003  1.4810136382880683e+003  1.3270813363954258e+003  1.3078429368020552e+003  1.2959185110369608e+003  1.2773942464708653e+003  1.2604515913292607e+003  1.2332449710617511e+003  1.1984032516351153e+003
  3.5400875717831179e+007  7.5886938829626208e+006  9.1878224438051193e+005  2.0836526274047937e+003  2.0330032412245455e+003  1.8189341454516216e+003  1.5015081481536808e+003  1.3319909813261829e+003  1.3018023271300726e+003  1.2585228530839540e+003  1.1512478652067225e+003  1.1190047595505248e+003  1.1023388530388302e+003  1.0951371838095329e+003
  6.0886123645088308e+007  6.8398640429992937e+006  1.3863944818363406e+006  3.0632247640454352e+003  1.9090611449891076e+003  1.7907034330603192e+003  1.5053302484593441e+003  1.4247494453173995e+003  1.3710320070923881e+003  1.3488361399612004e+003  1.2993487869333567e+003  1.2828091078672842e+003  1.2771201628419467e+003  1.2530216861468052e+003
  9.2362839726645291e+007  1.4942589324082440e+007  1.2387515202349368e+006  2.5312407402496356e+003  2.3033809934197016e+003  1.3765383662055938e+003  1.2645787643189633e+003  1.2481992244942157e+003  1.2476153853781916e+003  1.2453937860213664e+003  1.2440581959345100e+003  1.2433345441241800e+003  1.2419295003903098e+003  1.2416410180005023e+003
  6.4691516647406697e+007  8.2483457349092076e+006  1.5632561526657608e+006  3.2520883753099388e+003  1.7152318013731165e+003  1.6643026667597951e+003  1.5582868679753437e+003  1.4778514870678318e+003  1.3653236111574424e+003  1.3533798269765584e+003  1.3528170166106484e+003  1.3313565088784508e+003  1.3313565088784508e+003  1.3262368066022100e+003
  4.9905859075410694e+007  4.2826019024582170e+006  1.0053931465743462e+006  3.1595094581226740e+003  2.3929536408442473e+003  2.0056441468006178e+003  1.9784121691592627e+003  1.6060251702659252e+003  1.3261426492768169e+003  1.2944858011398446e+003  1.2777131284411862e+003  1.2540520134563785e+003  1.2278999878027680e+003  1.2254866559048223e+003
  7.7172431036752939e+007  1.1432921609721512e+007  9.4885490078554838e+005  1.9789141989545669e+003  1.8697333313339532e+003  1.4480574051107978e+003  1.3850954096805917e+003  1.3396765142969034e+003  1.3290010116896356e+003  1.3272274460699682e+003  1.3156275717367726e+003  1.3007419253665330e+003  1.2785627340826786e+003  1.2766166215005933e+003
  8.2892023449193060e+007  8.1615839879983254e+006  1.1929758072296311e+006  3.7399618035463191e+003  2.6491560737521977e+003  1.8592438001064338e+003  1.4098132837038484e+003  1.3779898911808177e+003  1.3706487198420227e+003  1.2994097106892614e+003  1.2992942388990832e+003  1.2645468606953891e+003  1.2504657257860172e+003  1.2281143343662334e+003
  8.1245958102977499e+007  1.0114019186758237e+007  1.3720337448361048e+006  3.2548143650727179e+003  2.7672607607839309e+003  1.9564416811431656e+003  1.2752820677261598e+003  1.2223067149170365e+003  1.2213641329917518e+003  1.2062903165889957e+003  1.1828138135695872e+003  1.1792121873367032e+003  1.1545237349971294e+003  1.1539673086129460e+003
  3.0662312162874136e+007  3.8105606811562749e+006  7.6386959041076025e+005  2.5631347473852647e+003  2.1786473661590744e+003  1.9851533971223253e+003  1.5378321911397124e+003  1.3909380996646551e+003  1.3735532698981160e+003  1.3609762265891222e+003  1.3551655224903370e+003  1.3550519571887744e+003  1.3449044229232468e+003  1.3435558141655792e+003
  6.2425817066079944e+007  6.9084790006758347e+006  1.9385416720229713e+005  2.5577587817355025e+003  2.1017291373315584e+003  1.7382858444343810e+003  1.5779932793210037e+003  1.5386631591569130e+003  1.2387224619257431e+003  1.1812213473174211e+003  1.1612306950305165e+003  1.1528502173615389e+003  1.1432991183552808e+003  1.1399124831448189e+003
  1.5320593532195374e+007  6.9115423790127439e+006  8.1179960804981680e+005  2.8362737692126193e+003  2.2735767296654094e+003  1.9418151875722951e+003  1.9020964631335164e+003  1.7168703979932889e+003  1.7092287115767776e+003  1.6917037080448135e+003  1.6774597677714619e+003  1.6062911221420254e+003  1.2116048792677093e+003  1.2084932317342445e+003
  5.5207206707002833e+007  2.0691871272115018e+006  3.3696437978472328e+005  2.4826308712764476e+003  2.1910169196703955e+003  1.6728086400137599e+003  1.4473067831697053e+003  1.4465656935209672e+003  1.4296114842364686e+003  1.4170175673195126e+003  1.3229481460415991e+003  1.2687422720620625e+003  1.2541270672756355e+003  1.1700282194681349e+003
  6.2253808246618770e+007  5.4209247591712624e+006  1.1150137166029040e+006  2.8849025569857167e+003  2.6437745757130106e+003  2.2151741035036903e+003  1.7061157593449634e+003  1.4929871213445340e+003  1.4506713306189213e+003  1.4506705471644345e+003  1.4497162992995636e+003  1.1310579104844010e+003  1.1310139017220918e+003  1.1308325073762567e+003
  8.6911395517339572e+007  4.6851786910767406e+006  7.5138811292407871e+005  3.5501143903594766e+003  1.7812690737849543e+003  1.7264183600041797e+003  1.4320872641318128e+003  1.3961693665202220e+003  1.3888653842855347e+003  1.3576989982465457e+003  1.3413869460150327e+003  1.1967401580131582e+003  1.0379832842710593e+003  9.8649996122697121e+002
  6.2663105688550636e+007  5.0253822506795777e+006  1.1216863269164725e+006  2.6405316735098713e+003  2.3630012158778663e+003  1.5768196188215115e+003  1.4261578855970020e+003  1.4049156528629946e+003  1.3944607010312138e+003  1.3650434988512316e+003  1.2674029504063183e+003  1.2671712999366446e+003  1.2657201132171558e+003  1.2652617525649257e+003
  7.0716235463519245e+007  8.0553773435924463e+006  1.2830748800825889e+006  3.1814655640833589e+003  2.8557388556722253e+003  1.7099156917681703e+003  1.6960853841555872e+003  1.6914179457061655e+003  1.3164400467018932e+003  1.2102583529983967e+003  1.0834560418626415e+003  1.0737412478918768e+003  1.0350279679217047e+003  1.0277752882354716e+003
  7.0931457890979856e+007  2.2741102780250553e+006  7.7834980427481362e+005  3.0133824333998346e+003  2.5702652825620826e+003  1.6845116170125484e+003  1.6696268587473241e+003  1.6416957347585185e+003  1.3378791857627148e+003  1.3025489223909572e+003  1.2735963453772556e+003  1.2529589582310400e+003  1.2515446337200920e+003  1.2348742010727537e+003
  4.7205104243789166e+007  4.9746229919519257e+006  5.3452935144499200e+005  2.0862997740497558e+003  1.7924493195312334e+003  1.4308459965627871e+003  1.3376037836637079e+003  1.2909075288829172e+003  1.2791389256490575e+003  1.1526925729375462e+003  1.1368415808255095e+003  1.1221957732756996e+003  1.1208594878158183e+003  1.0926741870515016e+003
  6.8014056266710281e+007  3.6636915367778777e+006  9.4506038875393569e+005  2.0813021996687012e+003  1.8321241482208661e+003  1.6442666218684235e+003  1.2607561462112199e+003  1.2291186308969081e+003  1.1856404878446142e+003  1.1562317266405134e+003  1.1483038138799611e+003  1.1301080175002289e+003  1.1300608330161385e+003  1.1299585984902692e+003
  5.2287963285471186e+007  7.4799004269993054e+006  1.1038116615306071e+006  2.8839228831478395e+003  1.5167276820733287e+003  1.2290521913600642e+003  1.2166961822115800e+003  1.1773389838565522e+003  1.1321984652153697e+003  1.1207466458928839e+003  1.0991734258368133e+003  1.0971203623262832e+003  1.0962338779594575e+003  1.0960137885647719e+003
