  2.1042144415076450e+001  2.0954561647998844e+001  2.0954561647998844e+001  1.9999999925693942e+001  1.9999999925693942e+001  1.9999999925693942e+001  1.9999976741059754e+001  1.9999976741059754e+001  1.9999976741059754e+001  1.9999976741059754e+001  1.9999976741059754e+001  1.9999976741059754e+001  1.9999976741059754e+001  1.9999976741059754e+001
  2.1030233169883900e+001  2.0962802215109832e+001  2.0954204149387351e+001  1.9999999755756335e+001  1.9999998833538825e+001  1.9999998384522428e+001  1.9999998384522428e+001  1.9999994839871533e+001  1.9999972924458689e+001  1.9999972924458689e+001  1.9999972924458689e+001  1.9999972924458689e+001  1.9999972924458689e+001  1.9999972924458689e+001
  2.1057808957281168e+001  2.0907979759481350e+001  2.0822692886892924e+001  1.9999999567491727e+001  1.9999999567491727e+001  1.9999999567491727e+001  1.9999995694524159e+001  1.9999995694524159e+001  1.9999995694524159e+001  1.9999798866324454e+001  1.9999798866324454e+001  1.9999798866324454e+001  1.9999798866324454e+001  1.9999798866324454e+001
  2.1042185627807726e+001  2.0874448847071790e+001  2.0874448847071790e+001  1.9999997236928039e+001  1.9999997236928039e+001  1.9999997236928039e+001  1.9999997236928039e+001  1.9999997236928039e+001  1.9999997236928039e+001  1.9999960161602075e+001  1.9999960161602075e+001  1.9999960161602075e+001  1.9999960161602075e+001  1.9999960161602075e+001
  2.0915344015729374e+001  2.0758217333999710e+001  2.0742352381908859e+001  1.9999999825776968e+001  1.9999999825776740e+001  1.9999999825776740e+001  1.9999519138344795e+001  1.9999519138339451e+001  1.9999519138339451e+001  1.9999519138339451e+001  1.9999519138339451e+001  1.9999519138339451e+001  1.9999519138339451e+001  1.9999519138339451e+001
  2.0985538383183666e+001  2.0936061657377081e+001  2.0932591774215439e+001  1.9999967526519868e+001  1.9999967526442902e+001  1.9999967526442902e+001  1.9999967526442902e+001  1.9999967526442902e+001  1.9999967526442902e+001  1.9999967526442902e+001  1.9999967526442902e+001  1.9999967526442902e+001  1.9999967526442902e+001  1.9999967526442902e+001
  2.0945715340540687e+001  2.0871309481609615e+001  2.0833819393420981e+001  1.9999999820536459e+001  1.9999999820536459e+001  1.9999996572291138e+001  1.9999996572288978e+001  1.9999996572288978e+001  1.9999996175122646e+001  1.9999996175122646e+001  1.9999996175122646e+001  1.9999996175122646e+001  1.9999996175122646e+001  1.9999996175122646e+001
  2.1004177177267707e+001  2.0970319962523490e+001  2.0959626607190671e+001  1.9999999136296765e+001  1.9999999136296765e+001  1.9999963479803796e+001  1.9999963479803796e+001  1.9999963479803796e+001  1.9999963479803796e+001  1.9999963479803796e+001  1.9999963479803796e+001  1.9999963479803796e+001  1.9999963479803796e+001  1.9999963479803796e+001
  2.0901144541670760e+001  2.0901144541670760e+001  2.0810349450796252e+001  1.9999999420789891e+001  1.9999999420789891e+001  1.9999999420789891e+001  1.9999999420789891e+001  1.9999999420789891e+001  1.9999993248347209e+001  1.9999993248347209e+001  1.9999993248347209e+001  1.9999993248347209e+001  1.9999993248347209e+001  1.9999993248347209e+001
  2.0870280533931918e+001  2.0870280533931918e+001  2.0870280533931918e+001  1.9999984507227964e+001  1.9999984507227964e+001  1.9999984507227964e+001  1.9999984507227964e+001  1.9999984507227964e+001  1.9999984507227964e+001  1.9999984507227964e+001  1.9999984507227964e+001  1.9999984507227964e+001  1.9999984507227964e+001  1.9999984507227964e+001
  2.1009721994217216e+001  2.0889738369208999e+001  2.0889738369208999e+001  1.9999996394928303e+001  1.9999996394928303e+001  1.9999996394928303e+001  1.9999996394928303e+001  1.9999996394928303e+001  1.9999996394928303e+001  1.9999980597061381e+001  1.9999980597061381e+001  1.9999980597061381e+001  1.9999980597061381e+001  1.9999980597061381e+001
  2.1059911445898706e+001  2.0877322632938331e+001  2.0877322632938331e+001  1.9999999820340122e+001  1.9999999820340122e+001  1.9999999820340122e+001  1.9999999820340122e+001  1.9999999820340122e+001  1.9999998713765422e+001  1.9999998713765422e+001  1.9999990357897104e+001  1.9999990357897104e+001  1.9999990357897104e+001  1.9999990357897104e+001
  2.1052985132157005e+001  2.0984745701201973e+001  2.0852067830323904e+001  1.9999981132711127e+001  1.9999981132711127e+001  1.9999948948402334e+001  1.9999948948402334e+001  1.9999948948402334e+001  1.9999948948402334e+001  1.9999948948402334e+001  1.9999948948402334e+001  1.9999948948402334e+001  1.9999948948402334e+001  1.9999948948402334e+001
  2.1021970828217150e+001  2.0939707592537502e+001  2.0916927320949412e+001  1.9999984538115655e+001  1.9999984538022090e+001  1.9999984538019703e+001  1.9999984538019703e+001  1.9999984538019703e+001  1.9999984538019703e+001  1.9999984538019703e+001  1.9999984538019703e+001  1.9999984538019703e+001  1.9999984538019703e+001  1.9999984538019703e+001
  2.1035021998262550e+001  2.0851592982695138e+001  2.0812745223715638e+001  1.9999999913609713e+001  1.9999999913609713e+001  1.9999999913609713e+001  1.9999999913609713e+001  1.9999999913609713e+001  1.9999999913609713e+001  1.9999999913609713e+001  1.9999999913609713e+001  1.9999999913609713e+001  1.9999989124693116e+001  1.9999989124693116e+001
  2.1078751281051154e+001  2.0979689654794811e+001  2.0959939668784727e+001  1.9999999903553430e+001  1.9999999903553430e+001  1.9999999903553430e+001  1.9999999903553430e+001  1.9999999903553430e+001  1.9999999903553430e+001  1.9999999903553430e+001  1.9999999669766567e+001  1.9999999669766567e+001  1.9999999669766567e+001  1.9999999669766567e+001
  2.1132493401972511e+001  2.0901967441626084e+001  2.0778782901724526e+001  1.9999995874797833e+001  1.9999995874748834e+001  1.9999995874748834e+001  1.9999995874748834e+001  1.9999995874748834e+001  1.9999995874748834e+001  1.9999995874748834e+001  1.9999995874748834e+001  1.9999995874748834e+001  1.9999995874748834e+001  1.9999995874748834e+001
  2.0878306625616005e+001  2.0878306625616005e+001  2.0783753068118472e+001  1.9999999394691940e+001  1.9999999394691940e+001  1.9999999394691940e+001  1.9999999394691940e+001  1.9999997686931579e+001  1.9999997686903043e+001  1.9999997686903043e+001  1.9999997686903043e+001  1.9999997686903043e+001  1.9999997686903043e+001  1.9999997686903043e+001
  2.1026733048638448e+001  2.0945024770040277e+001  2.0945024770040277e+001  1.9999999913484999e+001  1.9999999913476813e+001  1.9999999913476813e+001  1.9999996005063281e+001  1.9999991498630038e+001  1.9999991498630038e+001  1.9999973138600126e+001  1.9999973138600126e+001  1.9999973138600126e+001  1.9999973138600126e+001  1.9999973138600126e+001
  2.1126844705738904e+001  2.0981320452226669e+001  2.0902474286380766e+001  1.9999999550978941e+001  1.9999999550972007e+001  1.9999999550972007e+001  1.9999998898891931e+001  1.9999998898879880e+001  1.9999998898879880e+001  1.9999998807285806e+001  1.9999993395247202e+001  1.9999993395247202e+001  1.9999989930436755e+001  1.9999989930436755e+001
  2.0956803823041355e+001  2.0908957245668830e+001  2.0908957245668830e+001  1.9999980457324568e+001  1.9999980457324568e+001  1.9999980457324568e+001  1.9999980457324568e+001  1.9999980457324568e+001  1.9999980457324568e+001  1.9999980457324568e+001  1.9999980457324568e+001  1.9999980457324568e+001  1.9999980457324568e+001  1.9999980457324568e+001
  2.1017380084322212e+001  2.0762730423012272e+001  2.0710692301634367e+001  1.9999999971948114e+001  1.9999999971944703e+001  1.9999999971944703e+001  1.9999995436444920e+001  1.9999995436432869e+001  1.9999995436432869e+001  1.9999995436432869e+001  1.9999995436432869e+001  1.9999995436432869e+001  1.9999993269157812e+001  1.9999993269157812e+001
  2.0809697587123878e+001  2.0809697587123878e+001  2.0809697587123878e+001  1.9999997338007461e+001  1.9999997338007461e+001  1.9999997338007461e+001  1.9999997338007461e+001  1.9999997338007461e+001  1.9999997338007461e+001  1.9999997338007461e+001  1.9999997338007461e+001  1.9999997338007461e+001  1.9999997338007461e+001  1.9999997338007461e+001
  2.1069462044683974e+001  2.0959837786303410e+001  2.0941097578459789e+001  1.9999999784907573e+001  1.9999999784907573e+001  1.9999999784907573e+001  1.9999987612675568e+001  1.9999987612675568e+001  1.9999987612675568e+001  1.9999987612675568e+001  1.9999987612675568e+001  1.9999987612675568e+001  1.9999987612675568e+001  1.9999987612675568e+001
  2.0988153126942734e+001  2.0898957702144799e+001  2.0856134433660031e+001  1.9999996659536123e+001  1.9999996659534872e+001  1.9999996659534872e+001  1.9999996659534872e+001  1.9999996659534872e+001  1.9999996659534872e+001  1.9999996659534872e+001  1.9999987653704011e+001  1.9999987653616358e+001  1.9999987653616358e+001  1.9999974693510467e+001
  2.1021726847487116e+001  2.0964096417963447e+001  2.0809723956282028e+001  1.9999999477486995e+001  1.9999999477486995e+001  1.9999999465023507e+001  1.9999998865652174e+001  1.9999998865652174e+001  1.9999998865652174e+001  1.9999998865652174e+001  1.9999998865652174e+001  1.9999998865652174e+001  1.9999938844439384e+001  1.9999938844407097e+001
  2.1054042186435595e+001  2.0798803935007072e+001  2.0798803935007072e+001  1.9999999816388367e+001  1.9999998243936943e+001  1.9999995394460711e+001  1.9999995394460711e+001  1.9999995394460711e+001  1.9999995394460711e+001  1.9999985619791119e+001  1.9999985619776339e+001  1.9999985619776339e+001  1.9999964038980011e+001  1.9999964038980011e+001
  2.1025656718353957e+001  2.0947855896240526e+001  2.0920462166382435e+001  1.9999999739547548e+001  1.9999999739544478e+001  1.9999999739544478e+001  1.9999999739544478e+001  1.9999999739544478e+001  1.9999999029700689e+001  1.9999999029700689e+001  1.9999997434418447e+001  1.9999987088712373e+001  1.9999987088712373e+001  1.9999987088712373e+001
  2.1076331641851993e+001  2.0942729886018014e+001  2.0924661445918559e+001  1.9999995065952476e+001  1.9999995065952476e+001  1.9999995065952476e+001  1.9999995065952476e+001  1.9999995065952476e+001  1.9999995065952476e+001  1.9999995065952476e+001  1.9999995065952476e+001  1.9999995065952476e+001  1.9999995065952476e+001  1.9999995065952476e+001
  2.1004681875127631e+001  2.0896215125025947e+001  2.0838443533459213e+001  1.9999996125999246e+001  1.9999996125999246e+001  1.9999996125999246e+001  1.9999982891016316e+001  1.9999982891016316e+001  1.9999982891016316e+001  1.9999982891016316e+001  1.9999954637815108e+001  1.9999954637809083e+001  1.9999954637809083e+001  1.9999954637809083e+001
  2.0979698926042147e+001  2.0979698926042147e+001  2.0979698926042147e+001  1.9999999738116003e+001  1.9999998893601628e+001  1.9999997905852297e+001  1.9999997842141511e+001  1.9999977004973289e+001  1.9999943154431094e+001  1.9999943154431094e+001  1.9999943154431094e+001  1.9999943154431094e+001  1.9999943154431094e+001  1.9999943154431094e+001
  2.0939804841995738e+001  2.0820158918602488e+001  2.0820158918602488e+001  1.9999985288408084e+001  1.9999985288408084e+001  1.9999985288408084e+001  1.9999985288408084e+001  1.9999985288408084e+001  1.9999985288408084e+001  1.9999985288408084e+001  1.9999985288408084e+001  1.9999985288408084e+001  1.9999985288408084e+001  1.9999977949788672e+001
  2.0989625501357182e+001  2.0976749396314972e+001  2.0943383539262527e+001  1.9999999672555873e+001  1.9999999672555873e+001  1.9999999672555873e+001  1.9999999672555873e+001  1.9999999401578862e+001  1.9999994936857661e+001  1.9999994936857547e+001  1.9999994936857547e+001  1.9999994936857547e+001  1.9999994936857547e+001  1.9999994936857547e+001
  2.1031217039924741e+001  2.0808372727807750e+001  2.0808372727807750e+001  1.9999998291648012e+001  1.9999998291648012e+001  1.9999998291648012e+001  1.9999998291648012e+001  1.9999998291648012e+001  1.9999998291648012e+001  1.9999998291648012e+001  1.9999998291648012e+001  1.9999998291648012e+001  1.9999998291648012e+001  1.9999998291648012e+001
  2.1105694519924327e+001  2.1030025941906956e+001  2.0839178746078687e+001  1.9999994860462266e+001  1.9999994860462266e+001  1.9999994860462266e+001  1.9999994860462266e+001  1.9999994860462266e+001  1.9999994860462266e+001  1.9999994860462266e+001  1.9999994860462266e+001  1.9999994860462266e+001  1.9999994860462266e+001  1.9999994860462266e+001
  2.0946323010828678e+001  2.0795542734053583e+001  2.0777776686864513e+001  1.9999999607881932e+001  1.9999999607849531e+001  1.9999999607849531e+001  1.9999999607849531e+001  1.9999999607849531e+001  1.9999999607849531e+001  1.9999996605887873e+001  1.9999996605702449e+001  1.9999996605702449e+001  1.9999996605702449e+001  1.9999996605702449e+001
  2.1016083198299498e+001  2.0985135536312669e+001  2.0899962633506107e+001  1.9999999423517806e+001  1.9999999423517806e+001  1.9999997445380473e+001  1.9999943035603110e+001  1.9999943035603110e+001  1.9999943035603110e+001  1.9999943035603110e+001  1.9999943035603110e+001  1.9999943035603110e+001  1.9999943035603110e+001  1.9999943035603110e+001
  2.1017084970186033e+001  2.0887662133001527e+001  2.0821736999962468e+001  1.9999996687663383e+001  1.9999996687663383e+001  1.9999996687663383e+001  1.9999996687663383e+001  1.9999996687663383e+001  1.9999996687663383e+001  1.9999996687663383e+001  1.9999996687663383e+001  1.9999996687663383e+001  1.9999996687663383e+001  1.9999996687663383e+001
  2.1000754808131546e+001  2.0942546723798046e+001  2.0915485906864660e+001  1.9999999634274104e+001  1.9999999634274104e+001  1.9999999321009795e+001  1.9999999321009795e+001  1.9999999321009795e+001  1.9999999321009795e+001  1.9999993781577700e+001  1.9999993781577700e+001  1.9999929698533151e+001  1.9999929698533151e+001  1.9999929698533151e+001
  2.1077228045889569e+001  2.1021256049320868e+001  2.0794890513941255e+001  1.9999998331801294e+001  1.9999998331801294e+001  1.9999998331801294e+001  1.9999998331801294e+001  1.9999998029820063e+001  1.9999998029820063e+001  1.9999998029820063e+001  1.9999998029820063e+001  1.9999998029820063e+001  1.9999998029820063e+001  1.9999998029820063e+001
  2.1041788010550022e+001  2.0874655702696828e+001  2.0874655702696828e+001  1.9999995815155671e+001  1.9999995815155671e+001  1.9999995815155671e+001  1.9999995815155671e+001  1.9999995815155671e+001  1.9999995815155671e+001  1.9999995815155671e+001  1.9999995815155671e+001  1.9999995815155671e+001  1.9999995815155671e+001  1.9999995815155671e+001
  2.0937800651321936e+001  2.0861012545879930e+001  2.0843257597809497e+001  1.9999995781454345e+001  1.9999995781454345e+001  1.9999995781454345e+001  1.9999995781454345e+001  1.9999995781454345e+001  1.9999995781454345e+001  1.9999995781454345e+001  1.9999995781454345e+001  1.9999995781454345e+001  1.9999995781454345e+001  1.9999995781454345e+001
  2.0963008476111099e+001  2.0756506512212809e+001  2.0637971179818692e+001  1.9999993908282249e+001  1.9999993908282249e+001  1.9999956300438726e+001  1.9999956300438726e+001  1.9999956300438726e+001  1.9999956300438726e+001  1.9999956300438726e+001  1.9999956300438726e+001  1.9999951879883724e+001  1.9999951879883724e+001  1.9999951879883724e+001
  2.1091197583611347e+001  2.0999368437755379e+001  2.0979664370860519e+001  1.9999994645108131e+001  1.9999994645108131e+001  1.9999994645108131e+001  1.9999994645108131e+001  1.9999994645108131e+001  1.9999994645108131e+001  1.9999994645108131e+001  1.9999994645108131e+001  1.9999994645108131e+001  1.9999994645108131e+001  1.9999994645108131e+001
  2.1003706181646294e+001  2.0872008115459266e+001  2.0789838020137722e+001  1.9999999412042939e+001  1.9999999412042939e+001  1.9999999412042939e+001  1.9999999412042939e+001  1.9999999412042939e+001  1.9999999412042939e+001  1.9999998253273816e+001  1.9999986222581811e+001  1.9999986222581811e+001  1.9999986222581811e+001  1.9999986222581811e+001
  2.1072541880566291e+001  2.0971379790860510e+001  2.0971379790860510e+001  1.9999999818871970e+001  1.9999999818871970e+001  1.9999999818868901e+001  1.9999997606263605e+001  1.9999996343938847e+001  1.9999996343938847e+001  1.9999917108320915e+001  1.9999917108320915e+001  1.9999917108320915e+001  1.9999917108320915e+001  1.9999917108320915e+001
  2.1015462699388422e+001  2.0905498605540174e+001  2.0892517612210213e+001  1.9999987197365158e+001  1.9999987197365158e+001  1.9999987196928259e+001  1.9999987196928259e+001  1.9999987196928259e+001  1.9999987196928259e+001  1.9999987196928259e+001  1.9999987196928259e+001  1.9999987196928259e+001  1.9999987196928259e+001  1.9999987196928259e+001
  2.1031804715364615e+001  2.0956092433929712e+001  2.0910545754969917e+001  1.9999999997218879e+001  1.9999980666065994e+001  1.9999980666065994e+001  1.9999920585287896e+001  1.9999920585287896e+001  1.9999920585287896e+001  1.9999920585287896e+001  1.9999920585287896e+001  1.9999920585287896e+001  1.9999920585287896e+001  1.9999920585287896e+001
  2.1026620068050306e+001  2.0839686528400421e+001  2.0793763464369931e+001  1.9999974816192207e+001  1.9999974816187091e+001  1.9999974816187091e+001  1.9999974816187091e+001  1.9999974816187091e+001  1.9999974816187091e+001  1.9999974816187091e+001  1.9999974816187091e+001  1.9999974816187091e+001  1.9999974816187091e+001  1.9999974816187091e+001
  2.0998468192302539e+001  2.0959560575940827e+001  2.0726345053087812e+001  1.9999966917895449e+001  1.9999966917895449e+001  1.9999966917895449e+001  1.9999966917895449e+001  1.9999966917895449e+001  1.9999966917895449e+001  1.9999966917895449e+001  1.9999966917895449e+001  1.9999966917895449e+001  1.9999966917895449e+001  1.9999966917895449e+001
  2.1096985637373223e+001  2.0868076583434913e+001  2.0792675092678223e+001  1.9999998948478265e+001  1.9999998948478265e+001  1.9999998948478265e+001  1.9999998948478265e+001  1.9999998948478265e+001  1.9999998948478265e+001  1.9999998948478265e+001  1.9999998948478265e+001  1.9999998948478265e+001  1.9999998948478265e+001  1.9999997058706526e+001
