  2.4853965843661570e+002  9.7812013756931321e+001  8.2703435063571817e+001  4.9817630758680025e+001  0.0000000000000000e+000  0.0000000000000000e+000  0.0000000000000000e+000  0.0000000000000000e+000  0.0000000000000000e+000  0.0000000000000000e+000  0.0000000000000000e+000  0.0000000000000000e+000  0.0000000000000000e+000  0.0000000000000000e+000
  2.7471987125733347e+002  1.1374580304167455e+002  8.0219454682010678e+001  4.4670130163944862e+001  2.1749169613809727e-001  2.1749169613809727e-001  0.0000000000000000e+000  0.0000000000000000e+000  0.0000000000000000e+000  0.0000000000000000e+000  0.0000000000000000e+000  0.0000000000000000e+000  0.0000000000000000e+000  0.0000000000000000e+000
  3.5852897842592506e+002  1.6751787682370821e+002  8.0912732663666645e+001  6.5793155355096474e+001  0.0000000000000000e+000  0.0000000000000000e+000  0.0000000000000000e+000  0.0000000000000000e+000  0.0000000000000000e+000  0.0000000000000000e+000  0.0000000000000000e+000  0.0000000000000000e+000  0.0000000000000000e+000  0.0000000000000000e+000
  2.6424082971252585e+002  1.5607346713524305e+002  1.2377079622624785e+002  3.1835678260685086e+001  0.0000000000000000e+000  0.0000000000000000e+000  0.0000000000000000e+000  0.0000000000000000e+000  0.0000000000000000e+000  0.0000000000000000e+000  0.0000000000000000e+000  0.0000000000000000e+000  0.0000000000000000e+000  0.0000000000000000e+000
  7.2456058215401890e+002  1.5307926448085971e+002  7.6776358145393488e+001  4.3506388555396313e+001  0.0000000000000000e+000  0.0000000000000000e+000  0.0000000000000000e+000  0.0000000000000000e+000  0.0000000000000000e+000  0.0000000000000000e+000  0.0000000000000000e+000  0.0000000000000000e+000  0.0000000000000000e+000  0.0000000000000000e+000
  3.1699409916935872e+002  1.6826538278097701e+002  6.8141686786603941e+001  5.3753436069315512e+001  0.0000000000000000e+000  0.0000000000000000e+000  0.0000000000000000e+000  0.0000000000000000e+000  0.0000000000000000e+000  0.0000000000000000e+000  0.0000000000000000e+000  0.0000000000000000e+000  0.0000000000000000e+000  0.0000000000000000e+000
  2.8632545717967764e+002  1.0210943269103689e+002  7.6372019733387162e+001  4.4994425616423428e+001  2.7207636162756899e-001  0.0000000000000000e+000  0.0000000000000000e+000  0.0000000000000000e+000  0.0000000000000000e+000  0.0000000000000000e+000  0.0000000000000000e+000  0.0000000000000000e+000  0.0000000000000000e+000  0.0000000000000000e+000
  4.1171210600464281e+002  1.3653305682528503e+002  6.0772715270419098e+001  5.1350401039588291e+001  0.0000000000000000e+000  0.0000000000000000e+000  0.0000000000000000e+000  0.0000000000000000e+000  0.0000000000000000e+000  0.0000000000000000e+000  0.0000000000000000e+000  0.0000000000000000e+000  0.0000000000000000e+000  0.0000000000000000e+000
  2.5628230618252951e+002  7.0390337250304924e+001  5.8401691462845235e+001  4.6482280644543550e+001  0.0000000000000000e+000  0.0000000000000000e+000  0.0000000000000000e+000  0.0000000000000000e+000  0.0000000000000000e+000  0.0000000000000000e+000  0.0000000000000000e+000  0.0000000000000000e+000  0.0000000000000000e+000  0.0000000000000000e+000
  3.9909688781920875e+002  9.6046101502784950e+001  6.3000957212533592e+001  5.4180135614434505e+001  1.0412611572974129e-007  1.0412611572974129e-007  0.0000000000000000e+000  0.0000000000000000e+000  0.0000000000000000e+000  0.0000000000000000e+000  0.0000000000000000e+000  0.0000000000000000e+000  0.0000000000000000e+000  0.0000000000000000e+000
  2.4850465552965272e+002  1.5969187012986163e+002  7.1060486276458278e+001  4.1687792140335318e+001  3.7436769931720164e+000  0.0000000000000000e+000  0.0000000000000000e+000  0.0000000000000000e+000  0.0000000000000000e+000  0.0000000000000000e+000  0.0000000000000000e+000  0.0000000000000000e+000  0.0000000000000000e+000  0.0000000000000000e+000
  5.2120774385336074e+002  1.4717405443706139e+002  6.3380888234375448e+001  5.8226236406563771e+001  3.9865791123639838e+000  1.0127999587439263e-005  1.0059454780275701e-007  0.0000000000000000e+000  0.0000000000000000e+000  0.0000000000000000e+000  0.0000000000000000e+000  0.0000000000000000e+000  0.0000000000000000e+000  0.0000000000000000e+000
  3.0818157140634003e+002  1.1337179461636390e+002  6.9830795340835607e+001  4.5579313848915660e+001  1.1691114991663198e-006  1.1691114991663198e-006  0.0000000000000000e+000  0.0000000000000000e+000  0.0000000000000000e+000  0.0000000000000000e+000  0.0000000000000000e+000  0.0000000000000000e+000  0.0000000000000000e+000  0.0000000000000000e+000
  1.6051817072487859e+002  1.5136160062853787e+002  9.1638710473839296e+001  5.3800441629727629e+001  1.3705372062130436e+000  8.4348357631824911e-008  8.4348357631824911e-008  0.0000000000000000e+000  0.0000000000000000e+000  0.0000000000000000e+000  0.0000000000000000e+000  0.0000000000000000e+000  0.0000000000000000e+000  0.0000000000000000e+000
  2.8846666810345141e+002  1.4689049385178714e+002  7.9180985565526044e+001  6.4437048111071761e+001  0.0000000000000000e+000  0.0000000000000000e+000  0.0000000000000000e+000  0.0000000000000000e+000  0.0000000000000000e+000  0.0000000000000000e+000  0.0000000000000000e+000  0.0000000000000000e+000  0.0000000000000000e+000  0.0000000000000000e+000
  4.1171210600464281e+002  1.3653305682528503e+002  6.0772715270419098e+001  5.1350401039588291e+001  0.0000000000000000e+000  0.0000000000000000e+000  0.0000000000000000e+000  0.0000000000000000e+000  0.0000000000000000e+000  0.0000000000000000e+000  0.0000000000000000e+000  0.0000000000000000e+000  0.0000000000000000e+000  0.0000000000000000e+000
  2.9519104767437148e+002  1.4845243733498830e+002  7.1912539011268166e+001  5.0539826451039687e+001  1.4552114615025289e+000  1.4552114615025289e+000  0.0000000000000000e+000  0.0000000000000000e+000  0.0000000000000000e+000  0.0000000000000000e+000  0.0000000000000000e+000  0.0000000000000000e+000  0.0000000000000000e+000  0.0000000000000000e+000
  4.0786768069629420e+002  2.4377221863517650e+002  8.3530419011231231e+001  5.1752910323706431e+001  0.0000000000000000e+000  0.0000000000000000e+000  0.0000000000000000e+000  0.0000000000000000e+000  0.0000000000000000e+000  0.0000000000000000e+000  0.0000000000000000e+000  0.0000000000000000e+000  0.0000000000000000e+000  0.0000000000000000e+000
  3.1456568054310742e+002  1.3615886420702793e+002  9.4014190168372579e+001  5.3510027706731307e+001  4.4124962222369390e+000  1.7653504831567375e+000  0.0000000000000000e+000  0.0000000000000000e+000  0.0000000000000000e+000  0.0000000000000000e+000  0.0000000000000000e+000  0.0000000000000000e+000  0.0000000000000000e+000  0.0000000000000000e+000
  3.8393658346959637e+002  1.5506737461079661e+002  8.5738706061286962e+001  3.7268706246233933e+001  4.9296735400713487e-001  2.0129303530893594e-003  2.0129303530893594e-003  0.0000000000000000e+000  0.0000000000000000e+000  0.0000000000000000e+000  0.0000000000000000e+000  0.0000000000000000e+000  0.0000000000000000e+000  0.0000000000000000e+000
  2.3176618431110057e+002  1.0485611445218660e+002  7.9350646840203581e+001  5.6357637889330306e+001  1.1127592929016714e+000  0.0000000000000000e+000  0.0000000000000000e+000  0.0000000000000000e+000  0.0000000000000000e+000  0.0000000000000000e+000  0.0000000000000000e+000  0.0000000000000000e+000  0.0000000000000000e+000  0.0000000000000000e+000
  2.5096629620685053e+002  1.2392375037527017e+002  8.4784488327215968e+001  4.2459609085310774e+001  0.0000000000000000e+000  0.0000000000000000e+000  0.0000000000000000e+000  0.0000000000000000e+000  0.0000000000000000e+000  0.0000000000000000e+000  0.0000000000000000e+000  0.0000000000000000e+000  0.0000000000000000e+000  0.0000000000000000e+000
  3.3616354144466231e+002  1.3605068180520141e+002  7.5850625661366280e+001  4.6495551162937261e+001  7.3772635794284724e-003  0.0000000000000000e+000  0.0000000000000000e+000  0.0000000000000000e+000  0.0000000000000000e+000  0.0000000000000000e+000  0.0000000000000000e+000  0.0000000000000000e+000  0.0000000000000000e+000  0.0000000000000000e+000
  3.6988759469520960e+002  1.6965681304785642e+002  1.0148247058008297e+002  6.8940648639456697e+001  0.0000000000000000e+000  0.0000000000000000e+000  0.0000000000000000e+000  0.0000000000000000e+000  0.0000000000000000e+000  0.0000000000000000e+000  0.0000000000000000e+000  0.0000000000000000e+000  0.0000000000000000e+000  0.0000000000000000e+000
  1.8126385316864014e+002  1.2570404063841318e+002  7.0364193266295388e+001  5.6352306957778410e+001  0.0000000000000000e+000  0.0000000000000000e+000  0.0000000000000000e+000  0.0000000000000000e+000  0.0000000000000000e+000  0.0000000000000000e+000  0.0000000000000000e+000  0.0000000000000000e+000  0.0000000000000000e+000  0.0000000000000000e+000
  8.3650817336070054e+002  2.1225969950020817e+002  9.3040214970438456e+001  5.3740982615313214e+001  0.0000000000000000e+000  0.0000000000000000e+000  0.0000000000000000e+000  0.0000000000000000e+000  0.0000000000000000e+000  0.0000000000000000e+000  0.0000000000000000e+000  0.0000000000000000e+000  0.0000000000000000e+000  0.0000000000000000e+000
  4.6370229698100729e+002  1.1808649332811933e+002  8.0260098669675358e+001  4.6706886914677057e+001  0.0000000000000000e+000  0.0000000000000000e+000  0.0000000000000000e+000  0.0000000000000000e+000  0.0000000000000000e+000  0.0000000000000000e+000  0.0000000000000000e+000  0.0000000000000000e+000  0.0000000000000000e+000  0.0000000000000000e+000
  3.1877502184127229e+002  1.5387332670778289e+002  8.2670171351109843e+001  5.5307720483193066e+001  4.7440245504793666e-001  4.1750209644550296e-001  0.0000000000000000e+000  0.0000000000000000e+000  0.0000000000000000e+000  0.0000000000000000e+000  0.0000000000000000e+000  0.0000000000000000e+000  0.0000000000000000e+000  0.0000000000000000e+000
  5.4261236242204745e+002  1.7737049434640653e+002  1.1019550344136957e+002  4.2789294959574477e+001  4.3339930192928477e-001  0.0000000000000000e+000  0.0000000000000000e+000  0.0000000000000000e+000  0.0000000000000000e+000  0.0000000000000000e+000  0.0000000000000000e+000  0.0000000000000000e+000  0.0000000000000000e+000  0.0000000000000000e+000
  5.1739366591802911e+002  9.5060148077956455e+001  6.7694257335253269e+001  4.2956379186033189e+001  1.0906465627425632e-001  0.0000000000000000e+000  0.0000000000000000e+000  0.0000000000000000e+000  0.0000000000000000e+000  0.0000000000000000e+000  0.0000000000000000e+000  0.0000000000000000e+000  0.0000000000000000e+000  0.0000000000000000e+000
  3.3376808699035030e+002  1.4859068859056424e+002  1.2084831918003761e+002  6.7763612782590371e+001  0.0000000000000000e+000  0.0000000000000000e+000  0.0000000000000000e+000  0.0000000000000000e+000  0.0000000000000000e+000  0.0000000000000000e+000  0.0000000000000000e+000  0.0000000000000000e+000  0.0000000000000000e+000  0.0000000000000000e+000
  1.6873556331373834e+002  1.3593355686106565e+002  7.7272574774525140e+001  1.9178181238823754e+001  0.0000000000000000e+000  0.0000000000000000e+000  0.0000000000000000e+000  0.0000000000000000e+000  0.0000000000000000e+000  0.0000000000000000e+000  0.0000000000000000e+000  0.0000000000000000e+000  0.0000000000000000e+000  0.0000000000000000e+000
  5.3773015035687035e+002  1.5225144663777985e+002  6.9727420425513287e+001  4.6934951312035025e+001  8.9031884609141798e-002  8.7496707286618403e-002  8.7496707286618403e-002  0.0000000000000000e+000  0.0000000000000000e+000  0.0000000000000000e+000  0.0000000000000000e+000  0.0000000000000000e+000  0.0000000000000000e+000  0.0000000000000000e+000
  2.9521864234491204e+002  1.7801869779707806e+002  1.0962136965207742e+002  6.1232667249734391e+001  1.7041393847608788e-001  0.0000000000000000e+000  0.0000000000000000e+000  0.0000000000000000e+000  0.0000000000000000e+000  0.0000000000000000e+000  0.0000000000000000e+000  0.0000000000000000e+000  0.0000000000000000e+000  0.0000000000000000e+000
  4.3397424909987501e+002  1.1801311271868121e+002  5.0315955426205790e+001  3.5206484342376314e+001  1.4623995459783146e-001  0.0000000000000000e+000  0.0000000000000000e+000  0.0000000000000000e+000  0.0000000000000000e+000  0.0000000000000000e+000  0.0000000000000000e+000  0.0000000000000000e+000  0.0000000000000000e+000  0.0000000000000000e+000
  5.3630577931957089e+002  1.2750945616051558e+002  9.2187706198747662e+001  4.8154965004527355e+001  0.0000000000000000e+000  0.0000000000000000e+000  0.0000000000000000e+000  0.0000000000000000e+000  0.0000000000000000e+000  0.0000000000000000e+000  0.0000000000000000e+000  0.0000000000000000e+000  0.0000000000000000e+000  0.0000000000000000e+000
  1.4768439818901481e+002  9.6163671362326227e+001  8.3374178044388145e+001  4.2302700665693123e+001  3.1405280149726877e-002  0.0000000000000000e+000  0.0000000000000000e+000  0.0000000000000000e+000  0.0000000000000000e+000  0.0000000000000000e+000  0.0000000000000000e+000  0.0000000000000000e+000  0.0000000000000000e+000  0.0000000000000000e+000
  3.6000293909651373e+002  1.2548050979616107e+002  9.8982998754548078e+001  5.0097588953841580e+001  0.0000000000000000e+000  0.0000000000000000e+000  0.0000000000000000e+000  0.0000000000000000e+000  0.0000000000000000e+000  0.0000000000000000e+000  0.0000000000000000e+000  0.0000000000000000e+000  0.0000000000000000e+000  0.0000000000000000e+000
  3.9929368600444695e+002  1.0158598160484985e+002  8.8842939743461670e+001  5.7817776231249809e+001  8.6583167624439739e-002  0.0000000000000000e+000  0.0000000000000000e+000  0.0000000000000000e+000  0.0000000000000000e+000  0.0000000000000000e+000  0.0000000000000000e+000  0.0000000000000000e+000  0.0000000000000000e+000  0.0000000000000000e+000
  1.9656616605947784e+002  1.4737790561125689e+002  1.4403296532650336e+002  7.0020720151251339e+001  1.0349832685991487e+000  1.0349832685991487e+000  6.1397361709151710e-001  6.1397361709151710e-001  6.1352407040436674e-001  2.2498733187603648e-007  2.2498733187603648e-007  0.0000000000000000e+000  0.0000000000000000e+000  0.0000000000000000e+000
  5.0622603003194013e+002  1.0240783964247618e+002  8.4899417002650296e+001  5.7690796184364899e+001  3.9865791123717713e+000  2.2506991703039603e-003  2.2506991703039603e-003  2.2506991703039603e-003  0.0000000000000000e+000  0.0000000000000000e+000  0.0000000000000000e+000  0.0000000000000000e+000  0.0000000000000000e+000  0.0000000000000000e+000
  4.0912604387467081e+002  1.2890296686047679e+002  8.3511429398539008e+001  5.0754284696456352e+001  0.0000000000000000e+000  0.0000000000000000e+000  0.0000000000000000e+000  0.0000000000000000e+000  0.0000000000000000e+000  0.0000000000000000e+000  0.0000000000000000e+000  0.0000000000000000e+000  0.0000000000000000e+000  0.0000000000000000e+000
  6.8109013963888060e+002  1.2674917039923241e+002  8.6812676755994914e+001  5.1267927597875314e+001  1.8443793743472270e-004  0.0000000000000000e+000  0.0000000000000000e+000  0.0000000000000000e+000  0.0000000000000000e+000  0.0000000000000000e+000  0.0000000000000000e+000  0.0000000000000000e+000  0.0000000000000000e+000  0.0000000000000000e+000
  6.1355647916946123e+002  1.0339728010273484e+002  7.3204377899048609e+001  5.2933124339693506e+001  2.9309751425070658e+000  2.9309751425070658e+000  0.0000000000000000e+000  0.0000000000000000e+000  0.0000000000000000e+000  0.0000000000000000e+000  0.0000000000000000e+000  0.0000000000000000e+000  0.0000000000000000e+000  0.0000000000000000e+000
  3.7982163311990826e+002  1.3566121911894902e+002  7.9073382602740082e+001  5.2739460932306201e+001  7.0307407993556126e-001  0.0000000000000000e+000  0.0000000000000000e+000  0.0000000000000000e+000  0.0000000000000000e+000  0.0000000000000000e+000  0.0000000000000000e+000  0.0000000000000000e+000  0.0000000000000000e+000  0.0000000000000000e+000
  3.0032406403837467e+002  1.1019087737823600e+002  7.1313566559533115e+001  4.9953210435482561e+001  0.0000000000000000e+000  0.0000000000000000e+000  0.0000000000000000e+000  0.0000000000000000e+000  0.0000000000000000e+000  0.0000000000000000e+000  0.0000000000000000e+000  0.0000000000000000e+000  0.0000000000000000e+000  0.0000000000000000e+000
  4.2357884075976881e+002  1.8527667879271371e+002  7.0943726985239095e+001  5.6487898469790309e+001  1.1903960356112862e+000  1.0026599752635548e+000  0.0000000000000000e+000  0.0000000000000000e+000  0.0000000000000000e+000  0.0000000000000000e+000  0.0000000000000000e+000  0.0000000000000000e+000  0.0000000000000000e+000  0.0000000000000000e+000
  4.1197434137724531e+002  7.5779857685018385e+001  7.2989628708109649e+001  4.7483189069329853e+001  0.0000000000000000e+000  0.0000000000000000e+000  0.0000000000000000e+000  0.0000000000000000e+000  0.0000000000000000e+000  0.0000000000000000e+000  0.0000000000000000e+000  0.0000000000000000e+000  0.0000000000000000e+000  0.0000000000000000e+000
  4.4285425091895581e+002  9.1922108932348522e+001  4.4166641186174957e+001  4.3674841278832787e+001  0.0000000000000000e+000  0.0000000000000000e+000  0.0000000000000000e+000  0.0000000000000000e+000  0.0000000000000000e+000  0.0000000000000000e+000  0.0000000000000000e+000  0.0000000000000000e+000  0.0000000000000000e+000  0.0000000000000000e+000
  5.9537653295147072e+002  1.5842914606787076e+002  8.5686842009863540e+001  6.3193976995146670e+001  0.0000000000000000e+000  0.0000000000000000e+000  0.0000000000000000e+000  0.0000000000000000e+000  0.0000000000000000e+000  0.0000000000000000e+000  0.0000000000000000e+000  0.0000000000000000e+000  0.0000000000000000e+000  0.0000000000000000e+000
  3.7703299419820200e+002  1.4508978882869815e+002  9.8358781800638724e+001  5.7900874063993740e+001  0.0000000000000000e+000  0.0000000000000000e+000  0.0000000000000000e+000  0.0000000000000000e+000  0.0000000000000000e+000  0.0000000000000000e+000  0.0000000000000000e+000  0.0000000000000000e+000  0.0000000000000000e+000  0.0000000000000000e+000
