  1.8878737373652284e+003  1.0861701287901751e+003  3.4990994496748681e+002  3.4512122996170319e+002  3.4504207407646481e+002  3.4504186201824177e+002  3.4504186201824177e+002  3.4504186201824177e+002  3.4504186201824177e+002  3.4504186201824177e+002  3.4504186201824177e+002  3.4504186201824177e+002  3.4504186201824177e+002  3.4504186197952140e+002
  2.0672487228136097e+003  1.0481216413344409e+003  3.4953630580582967e+002  3.4538530797048816e+002  3.4538530797048816e+002  3.4505955401723713e+002  3.4505076940645813e+002  3.4505076940645813e+002  3.4505076940645813e+002  3.4505076940645813e+002  3.4505076940645813e+002  3.4505076940645813e+002  3.4505076940645813e+002  3.4504920886613763e+002
  1.7603923288644532e+003  1.0936070612762755e+003  3.6193386721133857e+002  3.5254437152288756e+002  3.4505509124079163e+002  3.4505509124079163e+002  3.4505509124079163e+002  3.4505509124079163e+002  3.4505509124079163e+002  3.4505509124079163e+002  3.4505509124079163e+002  3.4505509124079163e+002  3.4505509124079163e+002  3.4505120961981720e+002
  2.2126597588309560e+003  1.0405254349512584e+003  3.7190937653752007e+002  3.6645913910420904e+002  3.4703269216328545e+002  3.4504187158575633e+002  3.4504187158575633e+002  3.4504187158575633e+002  3.4504187158575633e+002  3.4504187158575633e+002  3.4504187158575633e+002  3.4504187158575633e+002  3.4504187158575633e+002  3.4504187069719001e+002
  1.8380649366812031e+003  1.0061382241371412e+003  3.4909719932637745e+002  3.4526172546371345e+002  3.4526172546371345e+002  3.4526172546371345e+002  3.4526172546371345e+002  3.4526172546371345e+002  3.4526172546371345e+002  3.4526172546371345e+002  3.4526172546371345e+002  3.4526172546371345e+002  3.4526172546371345e+002  3.4521718819990974e+002
  1.7500417345701721e+003  9.9766227886934303e+002  3.5595055965302845e+002  3.4920547940490724e+002  3.4508030743544350e+002  3.4508030743544350e+002  3.4508030743544350e+002  3.4508030743544350e+002  3.4508030743544350e+002  3.4508030743544350e+002  3.4508030743544350e+002  3.4505599481890795e+002  3.4505599481890795e+002  3.4505314398261089e+002
  2.1747332273253814e+003  1.0977985823557347e+003  3.6745451318591040e+002  3.4963599949526088e+002  3.4508516532522799e+002  3.4504195837250018e+002  3.4504195837250018e+002  3.4504195837250018e+002  3.4504195837250018e+002  3.4504195837250018e+002  3.4504195837250018e+002  3.4504195837250018e+002  3.4504195837250018e+002  3.4504193799523091e+002
  1.9999075509384420e+003  1.0977489401104699e+003  3.7006605747984850e+002  3.7006605732852222e+002  3.4568962825396193e+002  3.4527338651608807e+002  3.4518866269910541e+002  3.4518866269910541e+002  3.4518866269910541e+002  3.4518866269910541e+002  3.4518866269910541e+002  3.4518866269910541e+002  3.4518866269910541e+002  3.4513740684692220e+002
  2.3260782991531732e+003  1.1114248036924459e+003  3.4851961058687266e+002  3.4512318990821132e+002  3.4504210763906121e+002  3.4504210763906121e+002  3.4504210763906121e+002  3.4504210763906121e+002  3.4504210763906121e+002  3.4504210763906121e+002  3.4504210763906121e+002  3.4504210763906121e+002  3.4504210763906121e+002  3.4504205996230121e+002
  2.0753062697032528e+003  1.1540092163925897e+003  3.5190107096651172e+002  3.4509868445314260e+002  3.4504345599594944e+002  3.4504189397592427e+002  3.4504189397592427e+002  3.4504189397592427e+002  3.4504189397592427e+002  3.4504189397592427e+002  3.4504189397592427e+002  3.4504189397592427e+002  3.4504189397592427e+002  3.4504188363510184e+002
  1.6134084546000140e+003  1.0251617211634980e+003  3.4787911800009169e+002  3.4778410834389024e+002  3.4504909351448987e+002  3.4504194957034315e+002  3.4504194957034315e+002  3.4504194957034315e+002  3.4504194957034315e+002  3.4504194957034315e+002  3.4504194957034315e+002  3.4504194957034315e+002  3.4504194957034315e+002  3.4504190998179138e+002
  1.8026313943927425e+003  1.0095920291929024e+003  3.8847075723365742e+002  3.6635045744697345e+002  3.4507118450737289e+002  3.4507118450737289e+002  3.4507118450737289e+002  3.4507118450737289e+002  3.4507118450737289e+002  3.4507118450737289e+002  3.4507118450737289e+002  3.4507118450737289e+002  3.4507118450737289e+002  3.4505847758545815e+002
  1.9337484772744101e+003  1.1228396620582294e+003  3.5061019988879571e+002  3.4513570599860668e+002  3.4513570599860668e+002  3.4504224003668287e+002  3.4504224003668287e+002  3.4504224003668287e+002  3.4504224003668287e+002  3.4504224003668287e+002  3.4504224003668287e+002  3.4504224003668287e+002  3.4504224003668287e+002  3.4504202974896907e+002
  2.0045148656373985e+003  1.0134916077143280e+003  3.6793869270110008e+002  3.4547756404603024e+002  3.4547756404603024e+002  3.4538092332632459e+002  3.4511308910492153e+002  3.4510800077055501e+002  3.4510800077055501e+002  3.4510800077055501e+002  3.4510800077055501e+002  3.4510800077055501e+002  3.4510800077055501e+002  3.4508733295237835e+002
  1.8139829211883598e+003  9.7716400984710390e+002  3.5017191368330077e+002  3.4543720876149609e+002  3.4504789861143126e+002  3.4504789861143126e+002  3.4504789861143126e+002  3.4504789861143126e+002  3.4504789861143126e+002  3.4504789861143126e+002  3.4504789861143126e+002  3.4504459521353556e+002  3.4504459521353556e+002  3.4504400284719941e+002
  1.4265488852124454e+003  1.0496120072815634e+003  3.4884059329832007e+002  3.4506678171013891e+002  3.4506678171013891e+002  3.4504203754482705e+002  3.4504203754482705e+002  3.4504203754482705e+002  3.4504203754482705e+002  3.4504203754482705e+002  3.4504203754482705e+002  3.4504203754482705e+002  3.4504203754482705e+002  3.4504198679700903e+002
  1.9700917944297507e+003  9.5058022227267338e+002  3.4736713265057779e+002  3.4508057766013599e+002  3.4508057766013599e+002  3.4505822476539379e+002  3.4505822476539379e+002  3.4505822476539379e+002  3.4505822476539379e+002  3.4505822476539379e+002  3.4505822476539379e+002  3.4505822476539379e+002  3.4505822476539379e+002  3.4505354694892139e+002
  1.9033707431984849e+003  1.0523283825066815e+003  3.5131059174130178e+002  3.5119565419143692e+002  3.4511386876265942e+002  3.4505580812765857e+002  3.4505580812765857e+002  3.4505580812765857e+002  3.4505580812765857e+002  3.4505580812765857e+002  3.4505580812765857e+002  3.4505580812765857e+002  3.4505580812765857e+002  3.4504869429898463e+002
  2.0574121776221700e+003  1.0399802803131288e+003  3.6227076878106618e+002  3.6167864625105494e+002  3.4511640159077615e+002  3.4511640159077615e+002  3.4505769574381657e+002  3.4505769574381657e+002  3.4505769574381657e+002  3.4505769574381657e+002  3.4505769574381657e+002  3.4505769574381657e+002  3.4505769574381657e+002  3.4505203876398309e+002
  1.9238814524761437e+003  1.0435785169118244e+003  3.6412970378196860e+002  3.6412970364497505e+002  3.4511779014898912e+002  3.4504293751599198e+002  3.4504293751599198e+002  3.4504293751599198e+002  3.4504293751599198e+002  3.4504293751599198e+002  3.4504293751599198e+002  3.4504293751599198e+002  3.4504293751599198e+002  3.4504246499108240e+002
  2.1726452001141733e+003  1.0026826925407759e+003  3.4775217832795533e+002  3.4506531207316675e+002  3.4504194776483473e+002  3.4504186297354954e+002  3.4504186297354954e+002  3.4504186297354954e+002  3.4504186297354954e+002  3.4504186297354954e+002  3.4504186297354954e+002  3.4504186297354954e+002  3.4504186297354954e+002  3.4504186286540471e+002
  1.8510452039909815e+003  1.0804108831598687e+003  3.5518400962736905e+002  3.5499188386158494e+002  3.4513984088930465e+002  3.4504977313385416e+002  3.4504977313385416e+002  3.4504977313385416e+002  3.4504977313385416e+002  3.4504977313385416e+002  3.4504977313385416e+002  3.4504977313385416e+002  3.4504977313385416e+002  3.4504698607355795e+002
  2.0369442868518199e+003  1.0129568711344482e+003  3.5000993559610151e+002  3.4517904388459556e+002  3.4506624570017175e+002  3.4504741822284768e+002  3.4504741822284768e+002  3.4504741822284768e+002  3.4504741822284768e+002  3.4504741822284768e+002  3.4504741822284768e+002  3.4504357379793601e+002  3.4504357379793601e+002  3.4504290035564873e+002
  2.1072491143819716e+003  1.0611057847620777e+003  3.4771460298727652e+002  3.4524308205004627e+002  3.4524308205004627e+002  3.4512088477571388e+002  3.4512088477571388e+002  3.4512088477571388e+002  3.4512088477571388e+002  3.4512088477571388e+002  3.4512088477571388e+002  3.4512088477571388e+002  3.4512088477571388e+002  3.4508904972506434e+002
  2.4056719674985661e+003  1.0612766193583084e+003  3.5484469958926638e+002  3.4632306271903963e+002  3.4505918943070083e+002  3.4505918943070083e+002  3.4505918943070083e+002  3.4505918943070083e+002  3.4505918943070083e+002  3.4505918943070083e+002  3.4505918943070083e+002  3.4505918943070083e+002  3.4505918943070083e+002  3.4504876409732560e+002
  1.7259070224616416e+003  1.0586236913067978e+003  3.4678101788871254e+002  3.4511446094843177e+002  3.4511446094843177e+002  3.4508557020580611e+002  3.4508557020580611e+002  3.4508557020580611e+002  3.4508557020580611e+002  3.4508557020580611e+002  3.4508557020580611e+002  3.4508557020580611e+002  3.4508557020580611e+002  3.4507098776890871e+002
  2.1291802965928637e+003  1.0421379875092944e+003  3.4863691876801840e+002  3.4509794201874683e+002  3.4504257179085471e+002  3.4504257179085471e+002  3.4504257179085471e+002  3.4504257179085471e+002  3.4504257179085471e+002  3.4504232053583837e+002  3.4504232053583837e+002  3.4504232053583837e+002  3.4504232053583837e+002  3.4504221049463922e+002
  1.8933322005502960e+003  1.0700380147144169e+003  3.5194815581969988e+002  3.4513240023075923e+002  3.4504188865277501e+002  3.4504186508195971e+002  3.4504186508195971e+002  3.4504186437931003e+002  3.4504186310953628e+002  3.4504186310953628e+002  3.4504186310953628e+002  3.4504186310953628e+002  3.4504186310953628e+002  3.4504186207818429e+002
  2.1302143634778677e+003  1.0226979476447368e+003  3.6581348080357793e+002  3.5098433210491612e+002  3.4521206836329884e+002  3.4504265701328313e+002  3.4504265701328313e+002  3.4504265701328313e+002  3.4504265701328313e+002  3.4504265701328313e+002  3.4504265701328313e+002  3.4504265701328313e+002  3.4504197156702503e+002  3.4504195039261413e+002
  2.1090214584737632e+003  9.8865685126581320e+002  3.5024537379825733e+002  3.4530708937646341e+002  3.4505527262305304e+002  3.4505527262305304e+002  3.4504817714522960e+002  3.4504817714522960e+002  3.4504438341473588e+002  3.4504438341473588e+002  3.4504438341473588e+002  3.4504438341473588e+002  3.4504247965492277e+002  3.4504217596752596e+002
  1.7795409234869617e+003  9.4415939560345805e+002  3.4936251992491452e+002  3.4510105347580611e+002  3.4510105347580611e+002  3.4510105347580611e+002  3.4506036581095395e+002  3.4506036581095395e+002  3.4506036581095395e+002  3.4506036581095395e+002  3.4506036581095395e+002  3.4506036581095395e+002  3.4506036581095395e+002  3.4505508655562653e+002
  2.0679473358853829e+003  1.0658671918960608e+003  3.4761885426489744e+002  3.4506782048006471e+002  3.4506782048006471e+002  3.4506782048006471e+002  3.4506782048006471e+002  3.4506782048006471e+002  3.4506782048006471e+002  3.4506782048006471e+002  3.4506782048006471e+002  3.4506782048006471e+002  3.4506782048006471e+002  3.4505684797851427e+002
  1.9059639834558857e+003  1.0033143338739237e+003  3.5090558192890830e+002  3.4522144461905873e+002  3.4504338107496278e+002  3.4504338107496278e+002  3.4504338107496278e+002  3.4504338107496278e+002  3.4504338107496278e+002  3.4504338107496278e+002  3.4504338107496278e+002  3.4504338107496278e+002  3.4504338107496278e+002  3.4504321248216274e+002
  1.9430488530898801e+003  1.0543982728053816e+003  3.4857922147028012e+002  3.4509353016624527e+002  3.4504409609439062e+002  3.4504186632864094e+002  3.4504186632864094e+002  3.4504186632864094e+002  3.4504186632864094e+002  3.4504186632864094e+002  3.4504186632864094e+002  3.4504186632864094e+002  3.4504186632864094e+002  3.4504186435260181e+002
  2.4104728895767130e+003  1.1553378002233585e+003  3.4909366415844124e+002  3.4534278636991667e+002  3.4508342168808667e+002  3.4508342168808667e+002  3.4508342168808667e+002  3.4505506133749941e+002  3.4505506133749941e+002  3.4505506133749941e+002  3.4505506133749941e+002  3.4505506133749941e+002  3.4505506133749941e+002  3.4505228535669539e+002
  1.9287271600909662e+003  9.7971282548267209e+002  3.5911794194306003e+002  3.4677014704849671e+002  3.4505978746702476e+002  3.4505978746702476e+002  3.4505978746702476e+002  3.4505978746702476e+002  3.4505978746702476e+002  3.4505978746702476e+002  3.4505978746702476e+002  3.4505978746702476e+002  3.4505978746702476e+002  3.4504631508764487e+002
  2.0535353541695258e+003  1.0211209923070028e+003  3.4937184033181575e+002  3.4937184026954401e+002  3.4506530909117146e+002  3.4504204930174137e+002  3.4504204930174137e+002  3.4504204930174137e+002  3.4504204930174137e+002  3.4504204930174137e+002  3.4504204930174137e+002  3.4504204930174137e+002  3.4504204930174137e+002  3.4504202638109018e+002
  2.0886646360988689e+003  1.0762424677593363e+003  3.5295553219946714e+002  3.5271073780942743e+002  3.4508941048581755e+002  3.4508798852333075e+002  3.4508798852333075e+002  3.4508798852333075e+002  3.4508798852333075e+002  3.4508798852333075e+002  3.4508798852333075e+002  3.4508798852333075e+002  3.4508798852333075e+002  3.4506772130024910e+002
  1.8411389341730155e+003  1.1051705210422265e+003  3.4669590171464097e+002  3.4507898175806577e+002  3.4504207391802674e+002  3.4504207391802674e+002  3.4504207391802674e+002  3.4504207391802674e+002  3.4504207391802674e+002  3.4504207391802674e+002  3.4504207391802674e+002  3.4504207391802674e+002  3.4504207391802674e+002  3.4504204353093428e+002
  2.4697913488986887e+003  9.4416068751499870e+002  3.5119502400272040e+002  3.5097495889130232e+002  3.4505109670845286e+002  3.4505109670845286e+002  3.4505109670845286e+002  3.4505109670845286e+002  3.4505109670845286e+002  3.4505109670845286e+002  3.4505109670845286e+002  3.4505109670845286e+002  3.4505109670845286e+002  3.4504900006974594e+002
  1.9989837636134662e+003  1.0380004155700444e+003  3.5884649652729559e+002  3.4876043068231002e+002  3.4509524887299631e+002  3.4504208027340292e+002  3.4504208027340292e+002  3.4504208027340292e+002  3.4504208027340292e+002  3.4504196286271508e+002  3.4504196286271508e+002  3.4504196286271508e+002  3.4504196286271508e+002  3.4504194904035967e+002
  1.6725877305769686e+003  1.0353105908497791e+003  3.5082816632266895e+002  3.4520180472282027e+002  3.4504357278339558e+002  3.4504357278339558e+002  3.4504228959862849e+002  3.4504228959862849e+002  3.4504228959862849e+002  3.4504228959862849e+002  3.4504228959862849e+002  3.4504228959862849e+002  3.4504228959862849e+002  3.4504215180805386e+002
  1.8726360185523699e+003  1.0344449192518950e+003  3.5908847358590174e+002  3.4537329015132582e+002  3.4534745913088636e+002  3.4527718842778950e+002  3.4521856504507195e+002  3.4521856504507195e+002  3.4521856504507195e+002  3.4521856504507195e+002  3.4521856504507195e+002  3.4521856504507195e+002  3.4521856504507195e+002  3.4517160452274993e+002
  2.2743033396381234e+003  1.0372152959358568e+003  3.4716778950374282e+002  3.4512578344058920e+002  3.4504333414327130e+002  3.4504333414327130e+002  3.4504333414327130e+002  3.4504333414327130e+002  3.4504333414327130e+002  3.4504333414327130e+002  3.4504333414327130e+002  3.4504333414327130e+002  3.4504333414327130e+002  3.4504266653712284e+002
  2.0933638664045247e+003  1.1034943061357617e+003  3.4894560040594342e+002  3.4544748536637326e+002  3.4506905511954028e+002  3.4504199633160033e+002  3.4504199633160033e+002  3.4504199633160033e+002  3.4504199633160033e+002  3.4504199633160033e+002  3.4504199633160033e+002  3.4504199633160033e+002  3.4504199633160033e+002  3.4504196847404864e+002
  1.8731586745855566e+003  1.0387791740906914e+003  3.5227878523602976e+002  3.4517235743674746e+002  3.4517235743674746e+002  3.4517235743674746e+002  3.4517235743674746e+002  3.4517235743674746e+002  3.4517235743674746e+002  3.4517235743674746e+002  3.4517235743674746e+002  3.4517235743674746e+002  3.4517235743674746e+002  3.4514138491415133e+002
  2.0216106549059250e+003  1.0567725158519338e+003  3.4834177061992659e+002  3.4506723774398324e+002  3.4504191512761827e+002  3.4504187560772516e+002  3.4504187560772516e+002  3.4504187560772516e+002  3.4504187560772516e+002  3.4504187560772516e+002  3.4504187054622707e+002  3.4504187054622707e+002  3.4504187054622707e+002  3.4504186921838118e+002
  2.1117416714967267e+003  1.0484777668923471e+003  3.4819179103137594e+002  3.4515197159171021e+002  3.4515197159171021e+002  3.4515197159171021e+002  3.4515197159171021e+002  3.4515197159171021e+002  3.4515197159171021e+002  3.4515197159171021e+002  3.4515197159171021e+002  3.4515197159171021e+002  3.4515197159171021e+002  3.4512367088283054e+002
  2.1422855382950120e+003  1.1072966844299690e+003  3.4732020303204445e+002  3.4506378755446576e+002  3.4506378755446576e+002  3.4506378755446576e+002  3.4504701172955947e+002  3.4504701172955947e+002  3.4504701172955947e+002  3.4504701172955947e+002  3.4504701172955947e+002  3.4504701172955947e+002  3.4504701172955947e+002  3.4504562123285496e+002
  1.8410365410061440e+003  1.0536856231770425e+003  3.4771238127409424e+002  3.4512603418558592e+002  3.4504369903680981e+002  3.4504282871956366e+002  3.4504282871956366e+002  3.4504282871956366e+002  3.4504282871956366e+002  3.4504282871956366e+002  3.4504282871956366e+002  3.4504282871956366e+002  3.4504282871956366e+002  3.4504269126271311e+002
  1.9823431903123137e+003  9.0300919340420660e+002  3.6331716524675130e+002  3.5062501414500730e+002  3.4505529220090648e+002  3.4504186173613925e+002  3.4504186173613925e+002  3.4504186173613925e+002  3.4504186173613925e+002  3.4504186173613925e+002  3.4504186173613925e+002  3.4504186173613925e+002  3.4504186173613925e+002  3.4504186171494575e+002
