  1.5098452035390123e+003  9.5469324321106888e+002  9.5469324321106888e+002  5.0441744539187903e+002  2.5193514847102188e+002  1.4763961694950876e+002  1.3124505910123321e+002  1.2647985698526918e+002  1.2495813008457662e+002  1.2364858562089148e+002  1.2251794881643946e+002  1.2242285406647557e+002  1.2242285406647557e+002  1.2189018058112265e+002
  2.1518927695294969e+003  9.8560969032191679e+002  6.2555881925637777e+002  4.4128292161766285e+002  2.4523339066646395e+002  1.4829168149296038e+002  1.3172069913739620e+002  1.2792244453663352e+002  1.2578573666622356e+002  1.2509658885756153e+002  1.2453204820906672e+002  1.2292443083494686e+002  1.2292443083494686e+002  1.2234883687418323e+002
  2.1906747341275714e+003  8.7371529079569700e+002  6.1784773838410183e+002  3.4299376790698989e+002  2.0834965587561464e+002  1.3971862666685206e+002  1.3303764139343070e+002  1.2471212654236774e+002  1.2230047824465169e+002  1.1972806266454154e+002  1.1946613867801466e+002  1.1878767989645144e+002  1.1875234859764805e+002  1.1864955904722683e+002
  2.2724172929679989e+003  8.7328175744779037e+002  8.7117929541736703e+002  3.0805618823286295e+002  2.2218840164067842e+002  1.4888089365597989e+002  1.2520510050821440e+002  1.2308026554816001e+002  1.1984369841171997e+002  1.1949610070044855e+002  1.1842198915978338e+002  1.1825372944223773e+002  1.1680997992259745e+002  1.1631133966434027e+002
  2.3505773667441536e+003  8.7844328202045290e+002  7.0375591825397669e+002  3.6217239992466602e+002  2.2027955406355113e+002  1.4430635938038313e+002  1.3040968217154250e+002  1.2226748248758008e+002  1.2083922391966530e+002  1.1867822953148470e+002  1.1867822953148470e+002  1.1862733414777631e+002  1.1741222358837490e+002  1.1741222358837490e+002
  1.5986373526931739e+003  7.3579189751029071e+002  7.3579189751029071e+002  3.2758052208991558e+002  2.0486157722755252e+002  1.4860067077866370e+002  1.3461411778448428e+002  1.3195319930771984e+002  1.2942224954050175e+002  1.2636331956610866e+002  1.2636331956610866e+002  1.2343845874590988e+002  1.2113291580089071e+002  1.2090486744501300e+002
  2.7179892168399401e+003  9.8295278282584241e+002  7.0216732450749078e+002  4.1728739237894706e+002  2.2096690850453797e+002  1.4043084525617974e+002  1.2575217091756463e+002  1.2113325152237758e+002  1.1982663757681166e+002  1.1866766541460288e+002  1.1824171190836591e+002  1.1679897896992725e+002  1.1656928558629829e+002  1.1631876008507561e+002
  2.2502651936242037e+003  8.7683581184015202e+002  8.7683581184015202e+002  4.4117261645926965e+002  2.3012175403497258e+002  1.4496392422377903e+002  1.3311788276080688e+002  1.2568448215466310e+002  1.2501976367293128e+002  1.2243229372027645e+002  1.2168544555312315e+002  1.2063907548146335e+002  1.2046219907959244e+002  1.2046216752549140e+002
  2.0191984880892333e+003  8.4208111641070991e+002  8.4208111641070991e+002  3.7560659115959470e+002  2.2375593352666328e+002  1.4321872116852569e+002  1.3330355544148165e+002  1.2775714792664121e+002  1.2468037684372848e+002  1.2405642011574241e+002  1.2369014039629246e+002  1.2340620173620232e+002  1.2252754012861487e+002  1.2204411078441058e+002
  1.8895793442605013e+003  7.8395966518560999e+002  7.8395966518560999e+002  3.5428110311139289e+002  2.0028435711314887e+002  1.4359205214318490e+002  1.3032479385995566e+002  1.2470146830258295e+002  1.2304361554573984e+002  1.2065898359230505e+002  1.2054344139571572e+002  1.2054344139571572e+002  1.2038167441305586e+002  1.1983216878277290e+002
  1.8820273290674832e+003  8.7969290737551501e+002  8.7969290737551501e+002  5.3233917367631602e+002  2.3509147633697830e+002  1.4298498935340876e+002  1.3224875938151990e+002  1.2533208952391828e+002  1.2308724978287728e+002  1.2264691966171040e+002  1.2259218423608104e+002  1.2049461435814464e+002  1.1972023505931770e+002  1.1934340649725436e+002
  1.9851636177052783e+003  8.9853469005586521e+002  8.9853469005586521e+002  3.6045443641014572e+002  2.0833426504375348e+002  1.4027623832735799e+002  1.3561654272360192e+002  1.2743658775358404e+002  1.2589247194707173e+002  1.2589247194707173e+002  1.2577239349366414e+002  1.2510250324022036e+002  1.2471817628610461e+002  1.1987380042158406e+002
  1.8199151746616967e+003  8.3073626111141448e+002  7.9751178709491523e+002  3.3388568083318478e+002  2.2388722624073853e+002  1.4697880503214810e+002  1.3285876998439085e+002  1.2478583529428784e+002  1.2231607118825946e+002  1.2137830594713864e+002  1.2137830594713864e+002  1.2137830594713864e+002  1.2012391889100991e+002  1.1976557358529794e+002
  2.4093377162832194e+003  8.4319828020381146e+002  8.4319828020381146e+002  3.5561345982367675e+002  1.9828406396102446e+002  1.4985548089927579e+002  1.3024913880027634e+002  1.2795880118455875e+002  1.2780414810099546e+002  1.2506992824657482e+002  1.2262864197526619e+002  1.2100653820674711e+002  1.2056468680348371e+002  1.1881628416100239e+002
  2.2765020828019997e+003  9.1007312969914256e+002  8.3026943412228593e+002  3.4217552513799956e+002  2.0975777863567328e+002  1.4144956420726567e+002  1.3305624354785550e+002  1.2517397533481517e+002  1.2499402053115386e+002  1.2495804060701334e+002  1.2474783978318328e+002  1.2449521648013433e+002  1.2340680725405059e+002  1.2273044597681337e+002
  1.9883184979803655e+003  8.3744017391056241e+002  8.0941156439041333e+002  3.8260684979677944e+002  2.1065655685688898e+002  1.5197363063351395e+002  1.2818880281700399e+002  1.2304651123401482e+002  1.1969343933922323e+002  1.1947872084284586e+002  1.1947872084284586e+002  1.1935130624547219e+002  1.1935130624547219e+002  1.1935130624547219e+002
  2.0375352711379919e+003  9.3272528646999262e+002  7.0678632479306134e+002  3.8354874198280640e+002  2.2362191188401903e+002  1.5167225352450851e+002  1.3317543686452132e+002  1.2790682887303456e+002  1.2610207966031248e+002  1.2445543958354756e+002  1.2199511264106059e+002  1.1973948318499561e+002  1.1973948318499561e+002  1.1971682904148543e+002
  2.0407548670007145e+003  9.4491955426306049e+002  8.8980783452369133e+002  3.5796480785315725e+002  2.0753480733595734e+002  1.4734520597569076e+002  1.3540268249906535e+002  1.2838272943622542e+002  1.2532242093513719e+002  1.2153438064060742e+002  1.2105988888367983e+002  1.2105988888367983e+002  1.2012893650272372e+002  1.1975001312436302e+002
  1.9274569748914219e+003  8.4376757666610638e+002  7.9768847955574074e+002  3.8353782880659264e+002  2.1644439682675193e+002  1.5060267481610072e+002  1.3416376178260043e+002  1.3025606337448448e+002  1.2659218663069987e+002  1.2539088556854381e+002  1.2449637960761765e+002  1.2362069297953281e+002  1.2362069297953281e+002  1.2263063052572807e+002
  2.0684696253099319e+003  8.1947388043924593e+002  7.0910280001500996e+002  3.7819588215621206e+002  2.0763910865413436e+002  1.5328144247231967e+002  1.3290682092545103e+002  1.2739320569314123e+002  1.2690243758790484e+002  1.2478632523383953e+002  1.2409647644589722e+002  1.2409647644589722e+002  1.2404902982920385e+002  1.2354275477616989e+002
  2.3365805598377283e+003  9.1889805928239230e+002  9.1889805928239230e+002  3.8471949317581584e+002  2.2965401965935507e+002  1.5158962369449137e+002  1.3170764782652464e+002  1.2771062279013222e+002  1.2347841456036122e+002  1.2054024343005926e+002  1.1778664540198270e+002  1.1778664540198270e+002  1.1697878363037466e+002  1.1587880540449623e+002
  2.3684080924162463e+003  8.5210429621763660e+002  7.8139180360682394e+002  2.9665829658925850e+002  1.9353785317433494e+002  1.3884899725430228e+002  1.2893863593301171e+002  1.2380972978567956e+002  1.2268315594558044e+002  1.2210964609832058e+002  1.2179916415865227e+002  1.2110168339870938e+002  1.2110168339870938e+002  1.2110168339870938e+002
  2.3984357153676401e+003  8.5636181662288072e+002  6.6408438317728405e+002  3.6648094384725027e+002  2.1395255465053651e+002  1.5356516767108633e+002  1.3388607726854138e+002  1.3061367039281458e+002  1.2668029719284641e+002  1.2581872141295935e+002  1.2496644583424359e+002  1.2455732064686686e+002  1.2428647188392824e+002  1.2428647188392824e+002
  2.3004209040250644e+003  9.0364432206384799e+002  8.3835778001714834e+002  3.7049961155669280e+002  2.0902020566609553e+002  1.4825691762195311e+002  1.3264701028135414e+002  1.2624199723412721e+002  1.2515045744877193e+002  1.2327692999990381e+002  1.2134986696847545e+002  1.2006960707478765e+002  1.1933195748437311e+002  1.1871521478510772e+002
  2.0844255039948662e+003  8.6779661537665015e+002  8.6779661537665015e+002  4.9146189939911437e+002  2.4340886775699391e+002  1.5083895960797372e+002  1.3673318097472384e+002  1.3026467601411264e+002  1.2746725082874036e+002  1.2587939158338554e+002  1.2587939158338554e+002  1.2310966515259065e+002  1.2261459504844015e+002  1.2132370881352244e+002
  2.2181854318638652e+003  9.4824982782007874e+002  7.5858434060293166e+002  3.7761947930834322e+002  2.2011371720342595e+002  1.4665325694485227e+002  1.2769505415335925e+002  1.2566697849955335e+002  1.2453627854686761e+002  1.2397778443133279e+002  1.2310766234367202e+002  1.2274396920347226e+002  1.2162075780960686e+002  1.2108131913671536e+002
  2.0574086000433317e+003  8.4696530844820654e+002  8.4696530844820654e+002  2.8951891764400762e+002  1.8933230866566237e+002  1.4014152500852106e+002  1.3213959233687365e+002  1.2729784211412243e+002  1.2243451716563118e+002  1.2121471101532597e+002  1.2051624738267583e+002  1.1931406590526967e+002  1.1892543988832404e+002  1.1846258042572072e+002
  2.1060480440825681e+003  8.2572191303138379e+002  8.2572191303138379e+002  4.1378135347856278e+002  2.3193287853599622e+002  1.5044295077164588e+002  1.3236781896525281e+002  1.2564963929383248e+002  1.2378394983206408e+002  1.2121025612031463e+002  1.2077275894170407e+002  1.2028986214391762e+002  1.2009555804761840e+002  1.1946907290381591e+002
  2.0024383025230645e+003  8.9774327330625601e+002  8.2204788877196688e+002  5.1494816813126999e+002  2.3517759848170317e+002  1.4252087658044502e+002  1.3029290013741024e+002  1.2660993843085112e+002  1.2451461083027357e+002  1.2370040625908632e+002  1.2366818992733147e+002  1.2104775339338289e+002  1.1984042279218147e+002  1.1931714824073129e+002
  2.4453362472394238e+003  9.0229592881070494e+002  6.8021414765419649e+002  3.4128141840442095e+002  2.0741189906318687e+002  1.4612804971475452e+002  1.3106078954322174e+002  1.2576035033411131e+002  1.2298597407626607e+002  1.2298597407626607e+002  1.2242138929347311e+002  1.2077962872925377e+002  1.2062798346001091e+002  1.2035118917129944e+002
  1.7988536895410307e+003  8.8470851182006709e+002  8.8470851182006709e+002  4.4189254190023712e+002  2.0727412092801887e+002  1.4767393287126447e+002  1.3286662596206725e+002  1.2987450088563492e+002  1.2558316480684834e+002  1.2274927786368016e+002  1.2156238578283819e+002  1.2014121304489527e+002  1.1977489696504153e+002  1.1946884796764130e+002
  2.4219172424310264e+003  9.1744083302893432e+002  9.1744083302893432e+002  4.3438611688832680e+002  2.2275119933331189e+002  1.4878376525697786e+002  1.3286688470309491e+002  1.2695167113668185e+002  1.2680098389504769e+002  1.2273890254565208e+002  1.2132945092011232e+002  1.1972446137386987e+002  1.1972446137386987e+002  1.1972446137386987e+002
  2.2170192535593078e+003  9.1875271611340486e+002  4.5443208148428403e+002  3.7037142907265070e+002  2.2979826772052593e+002  1.5330540357485734e+002  1.3534888592270499e+002  1.2686670814403192e+002  1.2513963516103900e+002  1.2448332183035473e+002  1.2408210992426825e+002  1.2361396813313104e+002  1.2165917799566068e+002  1.2137864541627732e+002
  2.2599097484002968e+003  8.4721459911264310e+002  8.4721459911264310e+002  3.4013941801990586e+002  2.0630145720700966e+002  1.4322272234288721e+002  1.3292741169456394e+002  1.2423069255821611e+002  1.2138455461888771e+002  1.2138455461888771e+002  1.2138455461888771e+002  1.1969440101698592e+002  1.1952405660521777e+002  1.1952405660521777e+002
  2.2086507939658704e+003  6.8059645741583790e+002  5.5813434239510570e+002  4.4827709756606009e+002  2.2695745015864395e+002  1.4264061728882325e+002  1.2907154248979145e+002  1.2715365181216021e+002  1.2617582540210651e+002  1.2387214188111511e+002  1.2241221493674334e+002  1.2241221493674334e+002  1.2185152292141652e+002  1.1897318850741294e+002
  1.9145338404332178e+003  9.0218487988872494e+002  9.0218487988872494e+002  4.2385912104815498e+002  2.3188352243845566e+002  1.3928778534353751e+002  1.3085137909196419e+002  1.2830000070903156e+002  1.2676482301770784e+002  1.2462444149223893e+002  1.2305476204574620e+002  1.2216294771120397e+002  1.2216291573771809e+002  1.2211361501001625e+002
  1.8133635038452412e+003  9.2718785051487248e+002  9.2718785051487248e+002  4.3928943576845677e+002  2.4460009679645691e+002  1.5640601237251394e+002  1.3340391752920391e+002  1.2928242568432665e+002  1.2725361236984418e+002  1.2432613550697442e+002  1.2160790605471698e+002  1.2058211578289388e+002  1.2025662974135639e+002  1.2006235670134038e+002
  2.0209283130020967e+003  7.9773864156818399e+002  6.7450114190518025e+002  3.6026688412116209e+002  2.3606230510630621e+002  1.5147018055702392e+002  1.3445223327213148e+002  1.2765448169776528e+002  1.2507836365750586e+002  1.2311374346989010e+002  1.2135440141249137e+002  1.2079784212204254e+002  1.2007876009350230e+002  1.1969187733922445e+002
  1.4288479774170146e+003  9.9003474065279079e+002  9.9003474065279079e+002  3.3584692948895463e+002  2.1360690058593536e+002  1.4513435058699611e+002  1.3162034524177557e+002  1.2618796812677715e+002  1.2517838078643854e+002  1.2501389818470761e+002  1.2382390641920915e+002  1.2102497346205428e+002  1.2025969373583416e+002  1.2025969373583416e+002
  2.2339705409221151e+003  8.7506528138120393e+002  8.7506528138120393e+002  4.5377440968155815e+002  2.3787684968882422e+002  1.4688476257355137e+002  1.3298168271105305e+002  1.2421496653518352e+002  1.2394151070470457e+002  1.2261318235187946e+002  1.1952418144486796e+002  1.1909714149981937e+002  1.1765783585873760e+002  1.1765783585873760e+002
  1.9463406714513794e+003  9.0064353280164778e+002  9.0064353280164778e+002  4.3151455531872944e+002  2.3808753604543608e+002  1.5073191593920683e+002  1.3795083512148972e+002  1.2883764437206446e+002  1.2725120354456112e+002  1.2464201286967432e+002  1.2188959160680974e+002  1.2078375941179956e+002  1.2059672725221799e+002  1.2058793927596912e+002
  1.9470344402376541e+003  9.2044124843634472e+002  8.7818398021474286e+002  3.7530367216359582e+002  2.2600121274910725e+002  1.3921353761956016e+002  1.3292846628957955e+002  1.2474220829283263e+002  1.2143608710684816e+002  1.2112799697921378e+002  1.2036636293490324e+002  1.2014622953235948e+002  1.2004702217598515e+002  1.1985104217267417e+002
  2.3343277972536143e+003  8.9063534491509927e+002  8.2438089548441985e+002  3.6406869090184728e+002  2.0751662584634596e+002  1.4261696904544397e+002  1.3035392443360684e+002  1.2578948323939608e+002  1.2270050390799747e+002  1.2125239076735647e+002  1.1946298315026388e+002  1.1840321174457745e+002  1.1816567636127502e+002  1.1751238528607905e+002
  2.2805590425929349e+003  9.9167144850834347e+002  5.6326121372499210e+002  4.4602794040505069e+002  2.2629099680162017e+002  1.5468538824035295e+002  1.3213727864259613e+002  1.2468702461038106e+002  1.2367297078345973e+002  1.2355044383374798e+002  1.2144045708802969e+002  1.2143637877942547e+002  1.2128581289188241e+002  1.2062741620352767e+002
  1.9127332249444535e+003  9.3331834258931622e+002  9.3331834258931622e+002  3.6670497784433337e+002  2.2626826797665944e+002  1.4920555466768974e+002  1.3456633022269602e+002  1.2827977814824544e+002  1.2345587143999614e+002  1.2152287929234922e+002  1.1975535425675889e+002  1.1719796615565269e+002  1.1719795717725242e+002  1.1719795717725242e+002
  2.1570122261489910e+003  1.0199326678537782e+003  7.2950219192807708e+002  3.7063562240087731e+002  2.1469897314775426e+002  1.5085905291812105e+002  1.3351900083367832e+002  1.2693957131789762e+002  1.2295561692988508e+002  1.2125071637712927e+002  1.2002054594849096e+002  1.1956208574890456e+002  1.1939468693252115e+002  1.1936585103392372e+002
  2.1610684389567487e+003  8.6273564221299557e+002  8.0554481140439293e+002  3.8478619441721548e+002  2.1950682671071263e+002  1.4937026721562461e+002  1.3365304703181482e+002  1.2219014856488479e+002  1.2177170091564676e+002  1.2177170091564676e+002  1.1899621228730666e+002  1.1844145149840051e+002  1.1823008199370202e+002  1.1823008199370202e+002
  2.2835275599834349e+003  8.8536011080687513e+002  8.8536011080687513e+002  4.2050318422087457e+002  2.1863774485801468e+002  1.4786491733178809e+002  1.3569968238530237e+002  1.3025769746000742e+002  1.2941947828125467e+002  1.2574875772830137e+002  1.2006404237695983e+002  1.2006404237695983e+002  1.1958847066793487e+002  1.1833097034089997e+002
  2.1438387987031761e+003  8.5585802790720027e+002  7.4442189568433378e+002  3.7513128552391845e+002  2.2557920375824870e+002  1.4204617577140357e+002  1.3114177959176550e+002  1.2674241994552995e+002  1.2388385732973825e+002  1.2278928486070981e+002  1.2278928486070981e+002  1.2278928486070981e+002  1.2278928486070981e+002  1.2103926547412743e+002
  1.8337630758140717e+003  9.4420935572899407e+002  8.3019344857862870e+002  3.1665465793186240e+002  1.9184835655627239e+002  1.4368044854427126e+002  1.2599936940430257e+002  1.1949185843503892e+002  1.1893182738247424e+002  1.1625155491625856e+002  1.1625155491625856e+002  1.1625155491625856e+002  1.1625155491625856e+002  1.1625155491625856e+002
  2.2115186555999862e+003  7.9468997328218848e+002  6.3830497349536836e+002  3.2660621840687418e+002  2.1205609083118361e+002  1.4748607840809359e+002  1.3277810655588496e+002  1.2578184706324419e+002  1.2186891081163571e+002  1.2143100584152262e+002  1.2142660466890788e+002  1.2132788039092293e+002  1.2132788039092293e+002  1.2004783667054994e+002
