  5.2577126948075456e+003  2.2460013525960167e+003  1.8248826416134698e+003  1.0628313994421633e+003  1.0212121388898709e+003  9.1041492724494583e+002  6.8433480800053894e+002  6.2380016364813355e+002  6.1386168014242367e+002  6.1332514238126851e+002  5.9530217776790641e+002  5.9530217776790641e+002  5.3282497172535614e+002  5.3282497172535614e+002
  9.9031101514092097e+003  1.6319888027273319e+003  1.5718448678074019e+003  1.3646693439752053e+003  1.0436661481970127e+003  6.2176501820796557e+002  6.1599715285856155e+002  5.7308658946626383e+002  5.4447677265875291e+002  5.4447677265875291e+002  5.3883533066779455e+002  5.3832196327464362e+002  5.1534031298354648e+002  5.1534030657340190e+002
  2.8697501047771530e+003  1.7382589911570367e+003  1.2273019002473984e+003  8.6194897777225469e+002  7.6422809076708108e+002  5.7967628166838131e+002  5.7443175044533200e+002  5.7443175044533200e+002  5.7443175044533200e+002  5.7437411002408135e+002  5.5928587896488170e+002  5.5856624702544195e+002  5.5856624702544195e+002  5.5214888590745159e+002
  3.0902164750112797e+003  1.9934321658012195e+003  1.9934321658012195e+003  1.2907195516009597e+003  7.3596303363022707e+002  6.8751283104580352e+002  6.8325813488493031e+002  6.8151143262441292e+002  6.7248532238736516e+002  6.3911833368642510e+002  6.3773752979892924e+002  6.3635002397388917e+002  6.3635002397388917e+002  6.2882250667218295e+002
  6.2980944027744845e+003  2.0697797846153426e+003  1.2987699984831115e+003  7.4387506833147654e+002  6.6025350024249565e+002  6.0855434724978932e+002  5.8773097408957892e+002  5.4498026318311850e+002  5.1731262306463304e+002  5.0923299193977346e+002  5.0835942047609433e+002  5.0835942047609433e+002  5.0787943571836740e+002  4.8932516378228047e+002
  4.9499182993851537e+003  1.8930600109550132e+003  1.7035316137499713e+003  7.6559501586715714e+002  6.5383887427296395e+002  5.5054021325885606e+002  5.3459947361951936e+002  5.3391149264925843e+002  5.3084398213299437e+002  5.3024374717638875e+002  5.3022320018614982e+002  5.3022119195508276e+002  5.2875173653529509e+002  5.2739577659017959e+002
  2.8553660769544542e+004  8.3735816618691224e+003  2.2384072272359863e+003  1.5877357218134066e+003  1.1379015771481427e+003  8.3471117844559376e+002  7.2616317021720533e+002  5.7472787969797992e+002  5.4936983653770403e+002  5.2541660123589099e+002  5.2333970078686707e+002  5.2333970078686707e+002  5.2314579146494270e+002  5.1973575761308166e+002
  6.9095992850353196e+003  4.3820430156649818e+003  3.1206856937091288e+003  2.2918464425842521e+003  1.2662764086924126e+003  8.9040919830022631e+002  5.6231869175454813e+002  5.3840176163295109e+002  5.3840176163295109e+002  5.1250659584130335e+002  5.0606610635978768e+002  5.0606610635978768e+002  5.0207035107111642e+002  4.9488189926978839e+002
  8.1570261115604917e+003  4.2717812575622120e+003  2.2217566227612460e+003  1.6342174870192121e+003  1.0679373030599663e+003  7.6301784545219061e+002  6.2848123137124003e+002  5.7506893061882738e+002  5.7506893061882738e+002  5.1075157378274525e+002  5.1052699511898390e+002  5.1052699511898390e+002  5.1052699511898390e+002  5.1052699511898390e+002
  1.3614698106963129e+004  4.6438361437720687e+003  3.0075290773133365e+003  1.8147775455199562e+003  1.2353839864133461e+003  8.1952459015346540e+002  8.1706106133286357e+002  7.6961630321103712e+002  6.2435976873408254e+002  6.2435976873408254e+002  6.2435976873408254e+002  6.2435976873408254e+002  6.2435976873408254e+002  5.9385423748127596e+002
  2.0362684095489931e+004  3.7030411724782007e+003  3.4300652625282892e+003  2.3887266799392291e+003  1.1805349456108370e+003  8.0322095510011968e+002  7.6285448219888394e+002  6.6894895146852377e+002  6.0724917039357842e+002  6.0608172427626505e+002  5.2169716669512354e+002  5.2119579797088772e+002  5.2090951498908407e+002  5.2074755527491561e+002
  2.5587746422300715e+003  1.9863780617541197e+003  1.8468853234199032e+003  1.1706359341466432e+003  9.3573350672979814e+002  6.1048070517378346e+002  5.9707640407954887e+002  5.6329712265891203e+002  5.6329712265891203e+002  5.6329712265891203e+002  5.6237107633801770e+002  5.4822939582101299e+002  5.4822939582101299e+002  5.4822939582101299e+002
  1.6401607406295003e+004  9.3445876237058219e+003  4.1119375057395491e+003  1.3679744198721683e+003  1.1004503030528685e+003  5.6556562332653402e+002  5.6556562332653402e+002  5.6543177017352355e+002  5.6543177017352355e+002  5.6505471717025966e+002  5.6505471717025966e+002  5.6505471717025966e+002  5.6434783090601650e+002  5.6434780735123877e+002
  1.6582515491869952e+004  4.8832957098752631e+003  1.9286650262289531e+003  1.1693434930788135e+003  6.2981652571931591e+002  5.6758014445297249e+002  5.6399523664154958e+002  5.4341609244549682e+002  5.3836109706299931e+002  5.3836109706299931e+002  5.3836109706299931e+002  5.3836109706299931e+002  5.1465434176190593e+002  5.0872340634957300e+002
  2.7132933185341371e+004  7.6478776624229959e+003  4.1372704889957613e+003  2.5835441905200832e+003  1.4734122871153886e+003  1.0813705308489948e+003  5.7640151243326318e+002  5.7632705415460578e+002  5.7611647560022448e+002  5.7519557415032978e+002  5.7519557415032978e+002  5.7519038285483384e+002  5.7519038285483384e+002  5.6350862398337404e+002
  1.0032400621190976e+004  6.9985612194605419e+003  1.7973644785756769e+003  1.2837551716166245e+003  8.5236772631833037e+002  6.9561193937530606e+002  6.5361656268720162e+002  6.4019888606445511e+002  6.2675864890577532e+002  5.7358879107211578e+002  5.7358879107211578e+002  5.2349228422410852e+002  5.2349228422410852e+002  5.2349228422410852e+002
  1.3686457339023320e+004  2.3602776302730836e+003  1.9295591853131173e+003  1.9295591853131173e+003  1.2273194808566950e+003  6.4741393958583922e+002  5.9181510863322501e+002  5.3213554669731820e+002  5.3213554669731820e+002  5.3213554669731820e+002  5.3213554669731820e+002  5.3213554669731820e+002  5.3213554669731820e+002  5.3211879931649219e+002
  1.3212201105659005e+004  4.0885619500066632e+003  2.9212413711921636e+003  9.6432665476899683e+002  7.0256385995530809e+002  6.3389289431971065e+002  5.3184404210533830e+002  5.3184404210533830e+002  5.3184404210533830e+002  5.2962184679547363e+002  2.8361361203751812e+002  2.8361361203751812e+002  2.8361361203751812e+002  2.8361361203751812e+002
  1.1966066098333640e+004  4.9779672573234438e+003  2.3690188460664476e+003  1.9554691778641045e+003  1.3007559485523980e+003  1.0281975153904127e+003  9.3869193443102449e+002  8.7708456401550484e+002  6.4189187279595717e+002  6.4091819186439079e+002  5.4895458419659917e+002  5.4895458419659917e+002  5.4661824355673616e+002  5.3733141828089992e+002
  2.9667572011106095e+003  1.9613763673256644e+003  1.5810061301496480e+003  1.1146357300456984e+003  6.4465710866816380e+002  6.4149104631511909e+002  6.4149104631511909e+002  5.9220665938577440e+002  5.5952865946709653e+002  5.5952865946709653e+002  5.4318812199973399e+002  5.4305973333934890e+002  5.3193677784581132e+002  5.1374317746787574e+002
  7.4608278947753824e+003  6.2765629491667860e+003  2.8056669010384958e+003  1.7077906830884604e+003  1.0345090582205576e+003  5.5155615267655094e+002  5.4891409502519673e+002  5.4439271192190927e+002  5.3837478080877690e+002  5.3837478080877690e+002  5.3837478080877690e+002  5.3837478080877690e+002  5.3837478080877690e+002  5.3837477918263994e+002
  5.2453292585052950e+003  1.7757479444401461e+003  1.4234242964054774e+003  8.6070311005946314e+002  5.9268167734595363e+002  5.8737350897354509e+002  5.7136017144889956e+002  5.7136017144889956e+002  5.6957677307138511e+002  5.6957677307138511e+002  5.6072481538513011e+002  5.5849272828644644e+002  5.5300924990715612e+002  5.2882841511555944e+002
  4.7537996484884925e+003  3.2002558048690125e+003  1.3098058740311644e+003  8.2093363411081873e+002  7.4137378728918520e+002  6.1098049054242074e+002  5.7220571461672716e+002  5.6992393714421769e+002  5.6306980548137517e+002  5.6306979286723936e+002  5.6306979286723936e+002  5.3256421517876061e+002  5.3256421517876061e+002  4.9473116549745600e+002
  3.9048068217442942e+003  2.5503781609302523e+003  2.3905269854918788e+003  1.5098550596303467e+003  5.7512691182067420e+002  5.7512691182067420e+002  5.7512691182067420e+002  5.7512691182067420e+002  5.7512691182067420e+002  5.7512691182067420e+002  5.7508617365961391e+002  5.7508617365961391e+002  5.7508617365961391e+002  5.7508617365961391e+002
  8.0866916481687658e+003  4.9110052203437035e+003  2.4234252517168425e+003  1.8204914709053701e+003  9.2550738988963758e+002  7.1601687580662747e+002  7.1601687580662747e+002  7.1601687580662747e+002  5.3484518666132044e+002  5.3484518666132044e+002  5.1743630388272413e+002  5.1563969241310770e+002  5.1448575396928709e+002  5.1360705569384209e+002
  7.6087160776060919e+003  2.8930845343933797e+003  2.2092543618442778e+003  1.5975247512029118e+003  6.4498458389415737e+002  6.4498458389415737e+002  6.4498458389415737e+002  6.4498458389415737e+002  6.4498458389415737e+002  6.4498458389415737e+002  6.4498458389415737e+002  6.4498458389415737e+002  6.4498458389415737e+002  6.4498458389415737e+002
  5.3907772446388415e+004  3.1421685604876548e+003  2.1621296071406632e+003  1.6184101317697950e+003  1.4444189915046381e+003  1.2475435827140755e+003  1.2218093924608511e+003  1.1396329576444396e+003  1.0306441250909857e+003  8.1935971633105828e+002  6.9690357212029357e+002  5.9273939478882630e+002  5.8988844148483986e+002  5.1871943864955483e+002
  7.5988188092502005e+003  2.1755433346819891e+003  2.1755433346819891e+003  1.0772142166692456e+003  7.4622668320082448e+002  4.9476575966138989e+002  4.9476575966138989e+002  4.9476575966138989e+002  4.9476575966138989e+002  4.9371604148722281e+002  4.9371604148722281e+002  4.9371604148722281e+002  4.9371604148722281e+002  4.8662693130284606e+002
  2.7407409959927638e+004  2.4347024373189452e+003  2.3616449048608656e+003  1.5777091902355960e+003  1.1157040580058892e+003  9.1660879078974676e+002  8.0552321898879609e+002  7.3838896453697862e+002  7.2120209051202528e+002  5.4792178625418137e+002  5.3461780497947257e+002  5.3394399720140655e+002  5.2477041068837980e+002  5.1749659334691933e+002
  6.4526943391362511e+003  5.2143204651525375e+003  2.8705435514769924e+003  2.0676238928796429e+003  1.2078757077294595e+003  1.0958980206675369e+003  8.1059351179071791e+002  7.4052746719045354e+002  7.4052746719045354e+002  7.4052746719045354e+002  7.4052746719045354e+002  7.4052746719045354e+002  6.1967148914873633e+002  5.6170288958271976e+002
  6.3472870646318770e+003  2.2088308463714066e+003  1.8069632345700657e+003  8.8033727343938699e+002  7.2997921194740684e+002  6.9199724360751497e+002  6.0064208150181821e+002  5.7798142968801403e+002  5.7756945452968830e+002  5.7734271084348529e+002  5.5380875186328058e+002  5.5330439326894793e+002  5.3607848539916631e+002  5.3289733728840110e+002
  3.4887830322922870e+004  7.7577016711495198e+003  2.9532590657989285e+003  1.4922929715973269e+003  9.8865150057145911e+002  7.3235613968858934e+002  7.3047949117508642e+002  6.3513557139139903e+002  5.5280166836344506e+002  5.5197329108956546e+002  5.5103515355844229e+002  5.5103515355844229e+002  5.5103483501762639e+002  5.5103483501762639e+002
  4.9786952849929385e+003  2.4074827054761490e+003  1.2942668126288690e+003  1.2942668126288690e+003  8.4876465073163536e+002  6.3082765055993013e+002  4.3782242126556639e+002  4.3782242126556639e+002  4.3697483775644287e+002  4.3589424649962530e+002  4.0655541971652747e+002  4.0263284365795926e+002  3.6536851889467653e+002  3.4882287573151780e+002
  2.8370261364554317e+003  2.0772892110710964e+003  1.9504021856559048e+003  1.4777594150040686e+003  8.4905903402928107e+002  6.3485112930751620e+002  6.1405500295308684e+002  6.1405500295308684e+002  6.1367108689651059e+002  6.0618095098830236e+002  5.8887908566757869e+002  5.8559414584509159e+002  5.8552381657678916e+002  5.8537706610501573e+002
  3.4901512281276722e+004  2.3834168287985121e+003  1.4190529349539911e+003  7.0117460581232899e+002  6.8042568284140043e+002  6.5182501827896658e+002  5.6315821799640116e+002  5.6315821799640116e+002  5.6315821799640116e+002  5.6315821799640116e+002  5.6315821799640116e+002  5.5390801496584481e+002  5.3792120656357019e+002  5.3643184214638040e+002
  1.3375142356813636e+004  5.1455274414254181e+003  2.8128300384392805e+003  2.2695713476767887e+003  1.8053025954526947e+003  6.1288917932697314e+002  5.8452559697100696e+002  5.8452559697100696e+002  5.8452559697100696e+002  5.8424420716126360e+002  5.8424420716126360e+002  5.8424420716126360e+002  5.8424420716126360e+002  5.2801428738044342e+002
  1.2797383485519824e+004  2.5771461094053029e+003  2.5771461094053029e+003  1.2217358841602663e+003  6.6878059139851484e+002  6.4441391611005656e+002  6.2247967368564377e+002  6.2177060675960638e+002  6.1314799167114461e+002  6.1093984935324488e+002  6.0925482529248256e+002  6.0925482529248256e+002  6.0925482529248256e+002  5.1709521477707949e+002
  2.3996965057813628e+004  2.9935919860143313e+003  1.3835357812805451e+003  1.1807151235564652e+003  9.6085125666058229e+002  8.9127204320429155e+002  8.4483181865146616e+002  8.3150459551394806e+002  6.9427967822206119e+002  6.4181410360838709e+002  6.3865474886466291e+002  6.3852684636904360e+002  6.3852684636904360e+002  6.3838070068421166e+002
  3.4922347386699934e+004  2.9969341564840279e+003  2.5472237729458275e+003  1.6022262229337812e+003  1.0925104209061092e+003  7.2110388489208208e+002  6.8749449758975970e+002  6.5372253475416346e+002  6.2449295714309301e+002  6.2449295714309301e+002  6.2302491294800393e+002  6.2302491294800393e+002  6.0587843883793721e+002  6.0457757770437456e+002
  5.1437406150001971e+003  2.2817007629788823e+003  1.6681878034037572e+003  1.4099386809452117e+003  9.4001575235727432e+002  9.4001575235727432e+002  8.1458741662941611e+002  8.1458741662941611e+002  6.6258757795733072e+002  6.5319975387291061e+002  6.5148387552677013e+002  6.5053938077229850e+002  6.5053938077229850e+002  6.4604864993467936e+002
  1.0226644333445798e+004  2.5152391277034621e+003  1.5711184495767957e+003  1.2586883806605383e+003  9.6409326859904331e+002  5.1872866581676226e+002  5.1352181231827944e+002  5.0982429373605510e+002  5.0863320475066257e+002  5.0367859657059489e+002  5.0367859657059489e+002  5.0367859657059489e+002  5.0367859657059489e+002  5.0162919455820156e+002
  2.7243935545926186e+004  1.8401710347553762e+003  1.7643008446571339e+003  1.1601119058383065e+003  9.7080501375096537e+002  9.3693176302872644e+002  8.6984543057335304e+002  5.8268083966636277e+002  5.4351337426150258e+002  5.4351337426150258e+002  5.4351337426150258e+002  5.4351337426150258e+002  5.4288361427247582e+002  5.4282426955642177e+002
  7.3984619218078515e+003  1.8230226630063935e+003  1.4963469673998297e+003  1.2229950289558783e+003  6.8822126706322342e+002  5.5003190854869399e+002  5.5003190854869399e+002  5.5003190854869399e+002  5.5001296621826259e+002  5.4973878332220102e+002  5.4973878332220102e+002  5.4973878332220102e+002  5.4938601249054318e+002  5.4938597385506773e+002
  6.7937479597256475e+004  2.7857108387903936e+003  2.1129304101679099e+003  1.0450986826817993e+003  6.7820941312926516e+002  6.7820941312926516e+002  6.4118902150076065e+002  5.5185478622612982e+002  5.4821013563315182e+002  5.3107447301680531e+002  5.2601613763327350e+002  5.2601613763327350e+002  5.2601613763327350e+002  5.2601613763327305e+002
  6.4425797313904768e+003  2.9586932141592497e+003  2.5030659620563474e+003  1.8010548847627824e+003  7.0236630031012737e+002  5.4469506015457864e+002  5.4469506015457864e+002  5.4469506015457864e+002  5.4469506015457864e+002  5.4469506015457864e+002  5.4469506015457864e+002  5.4469506015457864e+002  5.4469506015457864e+002  5.4466997299165723e+002
  3.6237151963732940e+003  2.9105911973868106e+003  2.4859550766302509e+003  1.5748575449732143e+003  1.1972113374355522e+003  1.0366427606199018e+003  6.3063117837943628e+002  6.1051914207769778e+002  5.8161151629995766e+002  5.7658060899227985e+002  5.7292377573257409e+002  5.6227075291142091e+002  5.5846712568292287e+002  5.1360271569297583e+002
  1.5996235787401169e+004  7.1938737121498616e+003  5.1420418131869974e+003  2.9713776398462178e+003  1.0274126332311753e+003  7.6611028745278645e+002  6.2852820114334691e+002  6.1298252610471445e+002  6.1298252610471445e+002  6.1298252610471445e+002  6.1298252610471445e+002  6.1298252610471445e+002  6.1298252610471445e+002  6.1298252610471445e+002
  4.5338934905069964e+003  2.9550940353860860e+003  1.8939427698392337e+003  1.1339512248324872e+003  6.5915858207416022e+002  6.5915858207416022e+002  6.5915858207416022e+002  6.1193420411310399e+002  6.1193420411310399e+002  6.0877240120167698e+002  5.9892600971144748e+002  5.9892600971144748e+002  5.3707370617831066e+002  5.2158862110205291e+002
  1.0656239740978839e+004  1.4929476466552314e+003  1.4714584169410973e+003  1.4523351605239332e+003  1.1805710277890776e+003  9.1667279257757309e+002  7.6591378513018617e+002  7.4930327694803191e+002  6.4524883195153598e+002  5.0099614315252666e+002  5.0069754223283599e+002  5.0069754223283599e+002  5.0069754223283599e+002  4.9929059851203192e+002
  1.5070303673531504e+004  3.2074194885654460e+003  2.4652296510934229e+003  2.2323793718992865e+003  1.3640965631017316e+003  6.7335138304402653e+002  6.7335138304402653e+002  6.7335138304402653e+002  6.7335138304402653e+002  6.0364106000547054e+002  6.0364106000547054e+002  6.0364106000547054e+002  6.0364106000547054e+002  6.0364106000547054e+002
  2.7170687122618227e+004  3.9893151451305748e+003  2.4743521791689709e+003  1.3575646261982820e+003  8.3814731830292112e+002  6.2766926824352322e+002  6.2766926824352322e+002  5.6977025043991353e+002  5.3512595855206564e+002  5.3103480722632867e+002  5.3103480722632867e+002  5.3103480722632867e+002  5.3103480722632867e+002  5.3103480722632867e+002
