  9.6156839375791697e+002  6.3171686500296619e+002  5.2167599096358163e+002  4.4639090486810983e+002  3.9844762386727689e+002  3.9080451093913871e+002  3.8138068414804775e+002  3.7874729419409005e+002  3.7532103299120308e+002  3.7356453020636900e+002  3.7076073467584547e+002  3.7069548856110578e+002  3.7069499595287198e+002  3.7068015044788581e+002
  7.3440557034972790e+002  6.5164103512751853e+002  5.4563808442796835e+002  5.0533988282265182e+002  4.0394331990781347e+002  3.7699945217457707e+002  3.7589331668677050e+002  3.7589292626166707e+002  3.4610872556321328e+002  3.4610872556321328e+002  3.4610872556321328e+002  3.4610871881301136e+002  3.4610871881301136e+002  3.4602861941566698e+002
  8.5320502279953052e+002  7.3342902627965441e+002  5.6135440556712183e+002  4.8474954751376754e+002  4.1300475374306552e+002  3.9720209285427109e+002  3.9407361552971679e+002  3.7771455964576353e+002  3.7714300581486305e+002  3.7594104615148353e+002  3.7570730422443330e+002  3.7539436763603862e+002  3.7524109489367402e+002  3.7506262514895161e+002
  1.0486103703542258e+003  6.8182428620482915e+002  4.7870988290574496e+002  4.6811210883765398e+002  4.3478249153895695e+002  3.8833390665301113e+002  3.8070603830015352e+002  3.7943023829162939e+002  3.7943023829162939e+002  3.7572351174706455e+002  3.7544767736945778e+002  3.7544767736945778e+002  3.7544767736945778e+002  3.7544767736945778e+002
  9.4887160753383614e+002  6.5069646570476880e+002  5.6600463549871756e+002  4.4975005006009178e+002  4.2393446595424302e+002  3.9469007737890843e+002  3.7693950906178452e+002  3.7621469112460909e+002  3.7234535349546240e+002  3.7013592258159497e+002  3.6438087281890603e+002  3.6209994806299892e+002  3.6191124283618046e+002  3.6170123277341236e+002
  7.5491041295012701e+002  7.3395517318084921e+002  5.4562405973597333e+002  4.8373841119076405e+002  4.0133108973582239e+002  3.7843633190293531e+002  3.7649967824820123e+002  3.7575320634720038e+002  3.6277637293237603e+002  3.6277637225540411e+002  3.6277637225540411e+002  3.6277637225540411e+002  3.6277637225540411e+002  3.6277637225540411e+002
  9.8774674843425873e+002  5.7951555642236053e+002  5.6372098417265579e+002  4.9035530651292629e+002  4.1400034584564582e+002  3.9706690970218096e+002  3.9017672822083705e+002  3.9014597546835648e+002  3.8157245829246676e+002  3.7352576724156870e+002  3.7200949373732101e+002  3.7175836419909456e+002  3.7146768986796997e+002  3.7146094977038501e+002
  6.7143487742629441e+002  6.1362441426459463e+002  5.1434106535120827e+002  4.4473803327883206e+002  4.0169858661652142e+002  3.8135015185758994e+002  3.8135015185758994e+002  3.8135015185758994e+002  3.8135015185758994e+002  3.8135015185758994e+002  3.8135015185758994e+002  3.8135015185758994e+002  3.8135015185758994e+002  3.7941435992435254e+002
  8.4793462033037849e+002  5.9689430143837035e+002  5.7716854436683388e+002  5.3739707043005728e+002  4.4535163757778082e+002  4.0210116673481207e+002  3.6928184413404824e+002  3.6766368598454346e+002  3.6392940620723539e+002  3.6275160366223827e+002  3.6274166718714741e+002  3.6274166718714741e+002  3.6274166718714741e+002  3.6222251625075569e+002
  7.7004981192855257e+002  6.5629117157391283e+002  6.0113046894617764e+002  4.9184471077459602e+002  4.0560206219970269e+002  3.7920996151477357e+002  3.7762359897376564e+002  3.7762359897376564e+002  3.7537175204882351e+002  3.7441500526020218e+002  3.7304636480193722e+002  3.6616725126554502e+002  3.6410866508095387e+002  3.6121738655022091e+002
  8.0970313435026083e+002  6.0044461774041383e+002  5.4325989869485238e+002  4.8230676514082461e+002  4.2400510236998707e+002  3.7847180055232639e+002  3.7785133017057706e+002  3.7395654977337472e+002  3.7269304033685557e+002  3.7260368040085450e+002  3.7260240587076623e+002  3.7230368181081712e+002  3.7140514798272579e+002  3.7140514798272352e+002
  6.5632561516664191e+002  5.9690211443384760e+002  4.6685549015509696e+002  4.5366018510607864e+002  4.0166646725453938e+002  3.7400603605501738e+002  3.7289774535251672e+002  3.7114759422173302e+002  3.7062974612973221e+002  3.7062930619867484e+002  3.7031110021554923e+002  3.7031086740471437e+002  3.7018867917218449e+002  3.7018867598766201e+002
  9.9721561031571582e+002  5.8823028166370477e+002  5.0962865746146235e+002  4.6974842959283569e+002  4.3400848022081664e+002  3.9394850433032934e+002  3.7875159019466673e+002  3.7609708463778361e+002  3.7544281288619732e+002  3.7482474388319815e+002  3.7482474388319815e+002  3.7388224828736384e+002  3.7388224828736384e+002  3.7354750662232709e+002
  7.3743508141695293e+002  6.8239200169096421e+002  5.1902456022843216e+002  4.7510452352314724e+002  4.1756204692207893e+002  3.8125775796934977e+002  3.7750128665848570e+002  3.7734745327763903e+002  3.7734745327763903e+002  3.7059377774426957e+002  3.6397471569264462e+002  3.6378712391920453e+002  3.6315002163658846e+002  3.6255381637310484e+002
  7.1132303930690568e+002  6.5161400840018496e+002  4.9364185328635176e+002  4.7423855818103675e+002  4.1189365975999908e+002  3.7957168309692224e+002  3.7957168309692224e+002  3.7957168309692224e+002  3.7957168309692224e+002  3.7957168309692224e+002  3.7957168309692224e+002  3.7957168309692224e+002  3.7957168309692224e+002  3.7957003812252015e+002
  8.4713380484787194e+002  6.7448533122352092e+002  6.3744869578457201e+002  4.9703171391056458e+002  4.3084754978768024e+002  3.7398225368119074e+002  3.7398225368119074e+002  3.7398225368119074e+002  3.7398225368119074e+002  3.7398225368119074e+002  3.7398225368119074e+002  3.7358902694167546e+002  3.7358902694167546e+002  3.7358902694167136e+002
  8.3753657184125723e+002  6.3027463985954000e+002  5.4122226318014782e+002  4.7880867932513411e+002  4.0822528408718199e+002  3.8338261938229334e+002  3.6607963138164632e+002  3.6592719373154932e+002  3.6450474371133896e+002  3.6101160398543652e+002  3.6090206938196161e+002  3.6081187153101837e+002  3.6081187089370360e+002  3.6077521523256974e+002
  9.5076362892742782e+002  5.7289227198161916e+002  5.7129234612350092e+002  4.8037683259911410e+002  4.4021898569093173e+002  4.0682618859663035e+002  4.0078341144820433e+002  3.9812658132375918e+002  3.7489056549150519e+002  3.7027647255282182e+002  3.7006760464190393e+002  3.6796380273939940e+002  3.6055220656880238e+002  3.6054975049750419e+002
  9.1803386119379957e+002  7.2572479508689366e+002  5.5977742188895218e+002  4.8597340492304465e+002  3.8048651958917617e+002  3.8048651958917617e+002  3.8048651958917617e+002  3.8048651958917617e+002  3.8048651958917617e+002  3.8048651958917617e+002  3.8048651958917617e+002  3.8048651958917617e+002  3.7265818131248125e+002  3.7184243932677919e+002
  7.1504760664098012e+002  6.9031308985643409e+002  5.8949635131166724e+002  5.1791116364941354e+002  4.2024778204098857e+002  3.7123787819805784e+002  3.6781369209994500e+002  3.6361630798057740e+002  3.6234443768566643e+002  3.5946466775989984e+002  3.5946466775989984e+002  3.5946466775989984e+002  3.5946466775989984e+002  3.5942185408673686e+002
  9.2596758894410823e+002  5.3427043912791396e+002  4.3459136121566053e+002  4.3459136121566053e+002  4.1100076926526162e+002  3.8127281680969418e+002  3.7810682646256419e+002  3.7517870784122124e+002  3.7419896080748686e+002  3.7348210619168049e+002  3.7315959800393193e+002  3.7265103276987293e+002  3.7214269597365455e+002  3.7214269597364546e+002
  7.3604198223789263e+002  6.9141431114860961e+002  6.0227024680968043e+002  4.9022408698063100e+002  4.0900832835785604e+002  3.9462499550316988e+002  3.7381962368581981e+002  3.7232549159685232e+002  3.7188532273860164e+002  3.7187358035509715e+002  3.7165624657964827e+002  3.7162919099090459e+002  3.7160610835551961e+002  3.7150243529973250e+002
  9.1829125133216075e+002  7.7296904426038827e+002  6.2653496824916920e+002  4.9977229537845233e+002  4.2448585469283807e+002  3.7889262936514115e+002  3.7868517456212521e+002  3.7852778306006894e+002  3.7848822907072235e+002  3.7814947462456121e+002  3.7778487905447855e+002  3.7578640358600296e+002  3.7316670109624829e+002  3.7267316515908897e+002
  8.7691883958540438e+002  6.2101896020504682e+002  5.5548814070525623e+002  4.8096187146913417e+002  4.2250500509217818e+002  3.9225647087529887e+002  3.8376314628492355e+002  3.8337979920061571e+002  3.7511021571867195e+002  3.7264059896735489e+002  3.7243943560089201e+002  3.7215156165221379e+002  3.7215156165221379e+002  3.7088794324891342e+002
  7.7642177946662741e+002  6.5504155168602256e+002  4.7524489265848752e+002  4.4401157737362473e+002  3.4855482280217620e+002  3.4855482280217620e+002  3.4855482280217620e+002  3.4855482190464227e+002  3.4855482159576013e+002  3.4855482159576013e+002  3.4855482159576013e+002  3.4855482159576013e+002  3.4855482159576013e+002  3.4855482159576013e+002
  6.8726153753617336e+002  6.3227829745756935e+002  6.2711099197801786e+002  5.1390526602689260e+002  4.6520246070048961e+002  3.9769293267731155e+002  3.9769293267731155e+002  3.9541761639008701e+002  3.7529399751060100e+002  3.7383952029893453e+002  3.7147490752364411e+002  3.7070817583693997e+002  3.7070817583693997e+002  3.7066330531879203e+002
  1.0685139661827457e+003  6.6778974807704799e+002  5.9280421520576010e+002  5.4453468511754272e+002  4.6783797781136946e+002  4.3116094774723115e+002  3.8770860071663083e+002  3.6750574840922854e+002  3.6286396048832466e+002  3.5944089079720015e+002  3.5896785818244871e+002  3.5896785818244871e+002  3.5830189518960606e+002  3.5830189518960606e+002
  7.4819131038411933e+002  6.0174385429117365e+002  5.5696973666162148e+002  4.8745621110198044e+002  3.9826085736639152e+002  3.7349658063076686e+002  3.7288882280296502e+002  3.7280402556023273e+002  3.7278325081173762e+002  3.7278325081173762e+002  3.7258498031110685e+002  3.7258391124940590e+002  3.7257968366637942e+002  3.7257968366637942e+002
  7.6615717467345939e+002  5.3810694116899003e+002  5.2050874385134057e+002  4.5940390828806085e+002  4.2650273602997413e+002  3.8634028342696229e+002  3.8458173037709912e+002  3.7233481830959272e+002  3.7229891569993106e+002  3.7225442512267364e+002  3.7219057955920971e+002  3.7219057955920971e+002  3.7219057955920971e+002  3.7215351807844490e+002
  6.7246418232479027e+002  5.7589292051763050e+002  4.4359556644317308e+002  4.4288819632549121e+002  4.1636005445253795e+002  3.7944929782240251e+002  3.7944929782240251e+002  3.7944929782240251e+002  3.7944929782240251e+002  3.7944929782240251e+002  3.7944929782240251e+002  3.7944929782240251e+002  3.7944929671196496e+002  3.7944929671196496e+002
  8.6806529238184066e+002  6.4459584601711686e+002  4.6530243117961754e+002  4.5947516869728042e+002  3.6240935029282946e+002  3.6240935029282946e+002  3.6240935029282946e+002  3.6240935029282946e+002  3.6240935029282946e+002  3.6240935029282946e+002  3.6240935029282946e+002  3.6240935029282946e+002  3.6240935029282946e+002  3.6240935029282946e+002
  7.5722626366185523e+002  6.3815398690653001e+002  5.7453857871137734e+002  4.7229950981716092e+002  3.9847754498407903e+002  3.9847754498407903e+002  3.9298662632959622e+002  3.8311507112885647e+002  3.8231795103969534e+002  3.8230888040807804e+002  3.8227409688586704e+002  3.8175730555920200e+002  3.5882156656014240e+002  3.5847461331868772e+002
  7.7824414077833899e+002  5.7020292244055008e+002  5.6655309599966586e+002  4.5443832535355386e+002  4.3790907913983301e+002  3.8615815798379845e+002  3.7625869380279119e+002  3.7431770180001604e+002  3.7408388364807206e+002  3.7401576724601273e+002  3.7399997944046845e+002  3.7398219049153340e+002  3.7398219049153340e+002  3.6486039900448532e+002
  8.3876212060114858e+002  6.9733843874788045e+002  5.6782302457581272e+002  5.2504563889472774e+002  4.4600165601798653e+002  3.9777443625437945e+002  3.7956260234776119e+002  3.7656394197112058e+002  3.7560157766699103e+002  3.7088352773549605e+002  3.7088352773503266e+002  3.6926556998670958e+002  3.6787341822971121e+002  3.6260163603410820e+002
  8.0970313435026083e+002  6.0044461774041383e+002  5.4325989869485238e+002  4.8230676514082461e+002  4.2400510236998707e+002  3.7847180055232639e+002  3.7785133017057706e+002  3.7395654977337472e+002  3.7269304033685557e+002  3.7260368040085450e+002  3.7260240587076623e+002  3.7230368181081712e+002  3.7140514798272579e+002  3.7140514798272352e+002
  9.0249908109148146e+002  7.6921649855888245e+002  6.6881969175486029e+002  4.7902866582905699e+002  4.3671435455165374e+002  3.8847777766625950e+002  3.7926542700374466e+002  3.7647996281593760e+002  3.7305208249974976e+002  3.7229964477995918e+002  3.7182407266748260e+002  3.7103343843646826e+002  3.7046373927747436e+002  3.7042545310435344e+002
  8.4189182623121451e+002  6.4541782192355640e+002  5.1288496229475641e+002  4.3435036069110265e+002  4.1385276581378548e+002  3.7779242836675348e+002  3.6237163288828197e+002  3.6175988355174286e+002  3.6147491418955724e+002  3.6086790150421530e+002  3.6016895977499871e+002  3.6016895977499871e+002  3.5819948248585297e+002  3.5807795693037906e+002
  8.2632046250254552e+002  7.4081123198464775e+002  4.8941406893329849e+002  4.4508009305423548e+002  3.6914239596377638e+002  3.6914239596377638e+002  3.6914239596377638e+002  3.6914239596377638e+002  3.6914239596377638e+002  3.6914239596377638e+002  3.6914239596377638e+002  3.6914239596377638e+002  3.6914239596377638e+002  3.6914231868191109e+002
  9.3423978591089599e+002  7.2944751129772067e+002  4.7868766433484916e+002  4.4108063855129058e+002  4.4108063855129058e+002  3.8619833226208129e+002  3.7123573403188493e+002  3.7123299100225631e+002  3.7029323777110176e+002  3.7029323777110176e+002  3.7029323777110176e+002  3.7028263923528721e+002  3.7028263923528721e+002  3.7028263923528721e+002
  9.1078480487109664e+002  6.2556300591264380e+002  5.7622173326582561e+002  5.0549136984854749e+002  4.3170277137671565e+002  4.0356689163304873e+002  3.9019788757304013e+002  3.7250956759328255e+002  3.7211167540169254e+002  3.7207989887806298e+002  3.6984175367107036e+002  3.6950801713951842e+002  3.6941766679246484e+002  3.6941766356403014e+002
  1.0328122620257991e+003  7.7763803626030131e+002  6.7931287306079412e+002  5.6428227475005497e+002  4.6078854178109759e+002  3.9305959234344164e+002  3.8173586515923171e+002  3.6380330857102626e+002  3.6132171860240351e+002  3.6132171860240351e+002  3.6132171860240351e+002  3.6132171860240351e+002  3.6132171860240351e+002  3.6036223652159606e+002
  7.7907535789436861e+002  5.4155309815259216e+002  5.3805527958701259e+002  4.8710919846861952e+002  4.6519306600347682e+002  3.9093320891024496e+002  3.8556900955024639e+002  3.8546413545457108e+002  3.8450891801243824e+002  3.8107910342721107e+002  3.8107910342721107e+002  3.8107910342721107e+002  3.8107910342721107e+002  3.6707641333177526e+002
  1.0825536040748784e+003  6.8754017915165332e+002  5.5600387688293631e+002  4.5300637781834666e+002  4.1966487744478673e+002  3.8482793953749842e+002  3.7960085130554626e+002  3.7252278693661992e+002  3.7130625062211948e+002  3.7130625062211948e+002  3.7130585387033852e+002  3.7120367918060811e+002  3.7119898583206304e+002  3.7039515570607546e+002
  1.1624638560029966e+003  6.6571723660166663e+002  6.1179024868725537e+002  4.9954094457969677e+002  4.3819614254012095e+002  3.8446811580180156e+002  3.6229527400988491e+002  3.6229527400988491e+002  3.6229527400988491e+002  3.6229527400988491e+002  3.6229527400988491e+002  3.6229527400988491e+002  3.6229527400988491e+002  3.6184933168644511e+002
  1.0508283411324401e+003  6.9972366343677731e+002  6.2524612575076571e+002  5.2312288491204436e+002  4.1357643525752474e+002  3.6340134051578252e+002  3.6333129011404799e+002  3.6326326896708451e+002  3.6262950091178982e+002  3.6262822973120001e+002  3.6260440228655079e+002  3.6255389373972866e+002  3.6255389373972866e+002  3.6255365000740994e+002
  8.5934579602363328e+002  6.3883880381120343e+002  4.9536869803793161e+002  4.5477170915371653e+002  4.0495460944957176e+002  3.8930787190801038e+002  3.8109849852406842e+002  3.7921122031398954e+002  3.7164682674443611e+002  3.6747027932310039e+002  3.6747027932310039e+002  3.6447099973605600e+002  3.6447099796051543e+002  3.6447099796051543e+002
  7.8183726324519102e+002  6.4674611550673580e+002  5.5245733880106673e+002  4.9578864026893552e+002  4.5800180562053947e+002  3.6075638463017185e+002  3.5883046874359934e+002  3.5807512265342393e+002  3.5783329687278456e+002  3.5739170172777949e+002  3.5739170172777949e+002  3.5739170172777949e+002  3.5737991208281937e+002  3.5737991208281937e+002
  7.6677627809002115e+002  6.6457898896172537e+002  5.6608491840381157e+002  4.9564781087051324e+002  4.3871653017172048e+002  3.8555466025636679e+002  3.8555466025636679e+002  3.7876158007429240e+002  3.7648661211953049e+002  3.7197552543236361e+002  3.7197509439869009e+002  3.7192761027164352e+002  3.7191800579676647e+002  3.7188311085909754e+002
  1.0644739772534713e+003  6.1317833400493691e+002  6.0406277878474839e+002  5.2869372471427141e+002  4.5506881782202299e+002  4.2310966507271905e+002  3.9373857201485998e+002  3.8818076000279370e+002  3.6278538488949744e+002  3.6278538488949744e+002  3.6278538488949744e+002  3.6278538488949744e+002  3.6278538488949744e+002  3.5643643376391083e+002
  8.2108950783264663e+002  6.1887845108228294e+002  5.4953308972836749e+002  4.7003015673129039e+002  4.3550422569151033e+002  3.8075664513709307e+002  3.7936529091148395e+002  3.7908062353333071e+002  3.7339951949119404e+002  3.6207272156498311e+002  3.6207272156498311e+002  3.6207272156498311e+002  3.6207272156498311e+002  3.6207271858794047e+002
  7.4810558772636296e+002  5.7868829633078894e+002  5.3686885053877040e+002  5.2004689529435018e+002  4.7717820636866782e+002  3.6715958058394335e+002  3.6124478395280403e+002  3.6020484258961869e+002  3.5990270408352399e+002  3.5889671097881501e+002  3.5889671097881501e+002  3.5868179775197405e+002  3.5834975579526190e+002  3.5828886101624903e+002
