  3.6654430298831642e+007  9.5287588588748612e+006  5.7154051347770474e+002  3.4623004833844243e+002  3.4470648310552087e+002  3.4427030413984403e+002  3.4406913770246206e+002  3.4373821123519247e+002  2.9796276663783578e+002  2.9768833278693501e+002  2.9768833278693501e+002  2.9762257057589795e+002  2.9761792044115145e+002  2.9286668302031808e+002
  2.9714830374220498e+007  1.0182333653948523e+007  7.2823541962967511e+002  4.6862993086890674e+002  4.6328547655703392e+002  4.6306365181351885e+002  2.6903197414880447e+002  2.6903197414880447e+002  2.6903197414880447e+002  2.6903197414880447e+002  2.6903197414880447e+002  2.6903197414880447e+002  2.6903197414880447e+002  2.6901622596844413e+002
  3.4088539909181066e+007  7.7013403388275336e+006  6.7324504599827378e+002  6.1874976999497949e+002  6.1758048258804592e+002  6.1748415139481313e+002  6.1747424504234641e+002  4.3991286945707293e+002  4.3964653686261590e+002  4.3939751155406702e+002  3.5082615219594140e+002  3.4912381391278291e+002  3.4901180828563338e+002  3.2579154129342123e+002
  3.6133907332958408e+007  1.0152014924641816e+007  1.8455482894517968e+003  4.5760052570081530e+002  4.5541557627909788e+002  4.5344749941220789e+002  4.5340334112891969e+002  4.5340296033567074e+002  2.3330738706718012e+002  2.3117904159390173e+002  2.3110289564723575e+002  2.3110289564723575e+002  2.3097360983883618e+002  2.2989445956976101e+002
  3.0080737452518553e+007  1.0295397090170056e+007  1.0169119306043622e+003  9.6368799240149428e+002  9.6099181327199858e+002  5.4153988563105099e+002  3.3336164685774611e+002  3.3248106995855642e+002  3.3215728697024883e+002  3.2984521283005506e+002  3.2956845238722462e+002  1.8248769169264187e+002  1.7983349922492584e+002  1.7982259945158080e+002
  3.4556107419484608e+007  6.5890464600390792e+006  1.1843506970669559e+003  3.7859571820565952e+002  3.7859571820565952e+002  2.8303310725866982e+002  2.8113266787087650e+002  2.8111723276963016e+002  2.8108572293447492e+002  2.8106980400749285e+002  2.8106513137736670e+002  2.8106513137736670e+002  2.8105990406783735e+002  2.8105692100261103e+002
  3.7064719382012017e+007  1.1025846182032632e+007  1.4115765483411378e+003  5.3982778756180210e+002  5.3828509396535969e+002  5.3822354234733120e+002  5.3822354234733120e+002  2.9874724605080746e+002  2.9329729381465381e+002  2.9314894663867290e+002  2.8963151810478780e+002  2.8866480719167839e+002  2.8861796419874781e+002  2.8853416319105554e+002
  3.8091702598010473e+007  9.5429466272299867e+006  1.7664751864852296e+003  2.9434332349856231e+002  2.8712797593270670e+002  2.8466422117512002e+002  2.8426954679764935e+002  2.8423931445531389e+002  2.8412699424290713e+002  2.8412699424290713e+002  2.2334115427144889e+002  1.6321537000067269e+002  1.6279021917719047e+002  1.6268795451886308e+002
  3.6821923769416422e+007  6.8087248409094075e+006  1.0132207543740833e+003  4.2139398187896336e+002  3.0776350727949989e+002  3.0616236647165670e+002  3.0614700835416852e+002  3.0613563932084799e+002  3.0612853325294918e+002  2.8566361474815130e+002  2.8566361474815130e+002  2.8566361474815130e+002  2.8566361474815130e+002  2.1631632473487207e+002
  3.7901967638519816e+007  1.1474620567873066e+007  9.3016732531971502e+002  5.2551907339594891e+002  5.2551907339594891e+002  2.7431204882161137e+002  2.7284144334428856e+002  2.7128197461377977e+002  2.7124065080428863e+002  2.7120819262075383e+002  2.7119058700437040e+002  2.7119058700437040e+002  2.7119058700437040e+002  2.7117797999993309e+002
  3.5337291800832383e+007  9.4868476399015244e+006  2.2225218981459843e+003  2.2005937103464030e+003  6.8698733598850231e+002  6.5784852471997328e+002  2.5492159077295833e+002  2.5258384999324676e+002  2.5223709852128059e+002  2.5204135270748748e+002  2.5203225893212175e+002  2.5202169804108871e+002  2.5202078491953580e+002  2.5201830131298766e+002
  2.8341793947210357e+007  9.2993507226361688e+006  1.2643048356406307e+003  6.5531010210772320e+002  6.5292636712431886e+002  4.2456986996340538e+002  4.2400982857858571e+002  4.2389031873389945e+002  4.2384602722753061e+002  4.2382728452486276e+002  4.2380975438492146e+002  4.2380217943683397e+002  4.2379201033829804e+002  4.2377986094725452e+002
  4.5443275491073020e+007  1.1430246525981447e+007  1.4232610613866796e+003  1.4157804401633448e+003  1.4127799823496416e+003  1.4125377099487969e+003  4.6434612637585360e+002  4.6387863863902294e+002  4.6379780263413068e+002  4.1465818230171158e+002  4.1465818230171158e+002  4.1384196418820238e+002  4.1230801068539313e+002  4.1221323276073258e+002
  2.4588505813573014e+007  8.0686071839092439e+006  9.7666420667143529e+002  9.4467612270447353e+002  9.4206410865786211e+002  2.1064545296499637e+002  2.0993795454160454e+002  2.0967127983636465e+002  2.0960467429877053e+002  2.0936650773776660e+002  2.0915194203181795e+002  2.0915194203181795e+002  1.8322740459786746e+002  1.8265671747470424e+002
  4.2447670881289303e+007  9.6810825643667839e+006  1.5198445174105909e+004  4.3029956594966347e+002  3.3746578128953502e+002  3.3601423312484690e+002  3.3507078251034545e+002  3.3482686428780016e+002  3.3040826228683841e+002  3.3040826228683841e+002  2.1491627126355434e+002  2.1451789360747080e+002  2.1445377675080181e+002  2.1437022223175836e+002
  3.7892509932099894e+007  7.1522180958193019e+006  1.3400551255925693e+003  5.3112054700277031e+002  3.7524665688401069e+002  3.7524665688401069e+002  2.7342267822760618e+002  2.7110967704746827e+002  2.7100928667425183e+002  2.7091634269637689e+002  2.7090585307023503e+002  2.2302664256447747e+002  2.2259727615917700e+002  2.2226747716862133e+002
  4.4128117796191260e+007  6.1904380367121864e+006  9.5979745877789082e+002  8.3440813812105534e+002  8.2847001534526134e+002  3.3437793963408240e+002  2.9916406926143486e+002  2.4045292131869815e+002  2.4007830662490892e+002  2.4007830662490892e+002  2.3817287872368524e+002  2.3672384188832234e+002  2.3663499812438681e+002  2.3662308931961343e+002
  4.2288471791802444e+007  9.9861606780076083e+006  1.8163317760579689e+003  3.4489380066719696e+002  3.4489380066719696e+002  3.3984131195367286e+002  3.3411468998895634e+002  3.3374853937265334e+002  3.3363423395167024e+002  3.3363423395167024e+002  3.3360311038091982e+002  3.3359780774474075e+002  3.3358531342799461e+002  3.3358504828960577e+002
  5.2632091846885957e+007  1.3587733153905448e+007  1.5182897290328701e+003  1.3846315724133779e+003  7.8989154480382740e+002  7.8989154480382740e+002  2.7381432524070578e+002  2.7200465325126788e+002  2.7136608789053207e+002  2.7096479906752029e+002  2.7004201411739086e+002  2.6985024782954088e+002  2.6961250429769893e+002  2.6955207757405674e+002
  5.4278362676639087e+007  5.8915757013370655e+006  7.6586270126141790e+002  5.3363671497085670e+002  5.3120053117544262e+002  5.3090375011134392e+002  5.3067523263177509e+002  4.4806808399104511e+002  1.5957386980100887e+002  1.5849147666715044e+002  1.5833935297978883e+002  1.5828590980040826e+002  1.5824707543872728e+002  1.5824627305651006e+002
  3.4135517980377950e+007  9.8273742574949525e+006  5.0678183901829379e+002  4.5188391745209515e+002  2.9747365864645644e+002  2.9060904183154344e+002  2.9038647579320946e+002  2.9031057549889192e+002  2.9029365527313212e+002  2.9027482682001482e+002  2.9026887409654864e+002  2.9018978224945363e+002  2.9016910875851408e+002  2.9008149716687012e+002
  2.8264586855638325e+007  9.1030578035211302e+006  8.5572195337391759e+002  4.9857948974234569e+002  4.9857948974234569e+002  4.9857948974234569e+002  4.9857948974234569e+002  3.8562821577160594e+002  3.8529990799459711e+002  3.6181706809050752e+002  2.0743448434958577e+002  2.0169454248873308e+002  2.0126730428873748e+002  2.0087913381413068e+002
  4.0892248448032722e+007  1.4055240940946003e+007  1.0146610829279725e+003  5.0976645298662152e+002  5.0278972378647131e+002  2.4914342207321283e+002  2.4914342207321283e+002  2.4877657299499469e+002  2.4834150116666069e+002  2.4826261927765836e+002  2.4816480278866379e+002  2.4815780023288244e+002  2.4812909843454440e+002  2.4811695968844424e+002
  4.3958690589153185e+007  4.5998361278786445e+006  7.5590144123484788e+002  6.4553200392917825e+002  6.4352657235199331e+002  6.4320407436235428e+002  5.7304045755193829e+002  4.7872474085235558e+002  4.7867767691438212e+002  4.7867767691438212e+002  4.7865257714443896e+002  4.2616458685628550e+002  4.2615234195120865e+002  4.0539260367242946e+002
  2.3407762320028037e+007  1.4067147908299271e+007  1.3429337619942703e+003  3.9315949364499238e+002  2.3008627762465585e+002  2.3008627762465585e+002  2.3008627762465585e+002  2.3008627762465585e+002  2.3008627762465585e+002  2.3008627762465585e+002  2.2837317652212505e+002  2.2837317652212505e+002  2.2837317652212505e+002  2.2827804025241835e+002
  3.5026981389235839e+007  8.1534292172243185e+006  1.4032942184462549e+003  7.0905749990115146e+002  7.0653438926161607e+002  7.0615423608370929e+002  4.7264578803895733e+002  4.7264578803895733e+002  4.6963071471106468e+002  4.6963071471106468e+002  4.6889989403037157e+002  2.7728771768247861e+002  2.7404557924702794e+002  2.7401410434054310e+002
  2.0567576375954483e+007  6.6048789372473042e+006  8.6608629822974535e+002  5.1422976464409317e+002  5.0996440300584868e+002  2.0779299678283724e+002  2.0779299678283724e+002  2.0779299678283724e+002  2.0779299678283724e+002  1.7062915887444342e+002  1.7039425472041012e+002  1.7034667494268842e+002  1.7029127009114700e+002  1.7028056222592772e+002
  3.0741511312938664e+007  9.3913677632184625e+006  1.4313932444800575e+003  7.5206922999311473e+002  5.1117840826464226e+002  4.9267508355524683e+002  4.9207595904116715e+002  3.9250115877746498e+002  1.8969156686853239e+002  1.8793755474019986e+002  1.8770025745559133e+002  1.8756557636310231e+002  1.8756557636310231e+002  1.8753588314736385e+002
  2.3243932384349726e+007  8.1362591327986503e+006  4.5250228375119514e+002  4.2480452502510184e+002  4.2143439662024275e+002  4.1958824024000478e+002  4.1890514045665145e+002  3.3345150143660999e+002  3.3301878354684050e+002  3.3263659439377352e+002  3.3263659439377352e+002  3.3258184074988981e+002  3.3243918319207478e+002  3.3242994535061780e+002
  2.8054060852135718e+007  9.9946482751915008e+006  2.1078376933957561e+003  5.6774912010278467e+002  5.6774912010278467e+002  5.6593886240525626e+002  5.6505811645473113e+002  3.6747491726371481e+002  3.1673710702611424e+002  3.1673710702611424e+002  3.0188779030137721e+002  2.9905377159075147e+002  2.9863668865478485e+002  2.9842710419286846e+002
  3.8481578862469986e+007  9.6313499121258575e+006  1.7259343311033153e+003  7.1408514501187665e+002  7.1086287532578353e+002  7.1058349974010025e+002  4.4221592905463581e+002  3.8505185088524854e+002  3.0007598820047906e+002  2.3822782565108309e+002  2.3419657342150094e+002  2.3363764439654960e+002  2.3349011342636936e+002  2.3342033799605269e+002
  3.8892636202163555e+007  7.3546122382161440e+006  4.7139694864592775e+002  4.5238756139314569e+002  4.5173746260152484e+002  4.4861352662603099e+002  4.4795362206585969e+002  4.4780126248890247e+002  4.4771643716103199e+002  4.4760180038847602e+002  2.4317501586430581e+002  2.4118091073980645e+002  2.4115404119663071e+002  2.4112842279859274e+002
  2.6346535700291935e+007  8.9574926617858354e+006  2.4404883293616826e+003  4.9243195892376343e+002  4.9243195892376343e+002  4.9243195892376343e+002  4.1096130574754056e+002  4.1035737778118482e+002  3.7164026628610236e+002  3.6884702236142653e+002  3.6866640033376984e+002  3.6782368550456999e+002  3.1483279246180018e+002  3.0621409483043089e+002
  3.4855452553417839e+007  1.0365380935170712e+007  9.1719378001300765e+002  8.9034992462351011e+002  8.8959855971179786e+002  8.8835390857775747e+002  4.8478967359979242e+002  1.8162216995134895e+002  1.7779555020028647e+002  1.7770443650409106e+002  1.7768787729880751e+002  1.7768092892363484e+002  1.7767797478119223e+002  1.7765883789194936e+002
  3.1049164656932343e+007  7.4702059667922854e+006  2.1559222764765373e+003  4.8950023704756995e+002  4.5357905695159866e+002  4.2778577232073053e+002  3.2961751313633931e+002  3.0062898899956963e+002  2.9845804125495533e+002  2.9834527388917923e+002  2.9826729761795514e+002  2.9823355680414238e+002  2.9820565508866139e+002  2.9820351392100338e+002
  2.4369229375292476e+007  7.3907959868911160e+006  1.1678052218244811e+003  6.5137068810038181e+002  6.4241446364910644e+002  4.7999101095581091e+002  4.7999101095581091e+002  2.5829127086331778e+002  2.5827053211176599e+002  2.5825705343376626e+002  2.5825705343376626e+002  2.5823561945829806e+002  2.5822642087523263e+002  2.5822134565345823e+002
  3.7524445836548574e+007  8.2521072065296555e+006  7.7340721090206080e+002  4.0628450830316160e+002  4.0532540483825051e+002  4.0375766897886433e+002  3.7340221846374266e+002  2.1757006668643862e+002  2.1753995691879732e+002  2.1753310940772485e+002  2.1752880817792925e+002  2.1750921718442942e+002  2.1750361188402144e+002  2.1736230147000038e+002
  3.5360298058322482e+007  8.9132191014265753e+006  1.0690209065544504e+003  8.9033509227070863e+002  8.8858226853218139e+002  8.8746031500278696e+002  5.9071045731678123e+002  4.3798700312855090e+002  4.3707332249911155e+002  4.3668045339898072e+002  4.3649138375851771e+002  4.3644374591703945e+002  4.3640181284309483e+002  4.3181423584803042e+002
  2.8264586855638325e+007  9.1030578035211302e+006  8.5572195337391759e+002  4.9857948974234569e+002  4.9857948974234569e+002  4.9857948974234569e+002  4.9857948974234569e+002  3.8562821577160594e+002  3.8529990799459711e+002  3.6181706809050752e+002  2.0743448434958577e+002  2.0169454248873308e+002  2.0126730428873748e+002  2.0087913381413068e+002
  2.0993315079558019e+007  7.7217186337308418e+006  1.2429198748917179e+003  5.2344311021490194e+002  5.2137825363981142e+002  3.4202917342762862e+002  3.4006636948264759e+002  3.3904140396545881e+002  3.3719965550497182e+002  3.3709459520004725e+002  3.3701990387669321e+002  3.3694415944491311e+002  3.3690977473000157e+002  3.3688993530440234e+002
  4.2319910535604246e+007  7.0359323180690920e+006  7.7773946663847619e+002  4.1206325138712305e+002  4.0810518647572917e+002  1.7057718607202082e+002  1.6991431742834493e+002  1.6981682727630118e+002  1.6981682727630118e+002  1.6976653151740402e+002  1.6975029432547808e+002  1.6974835762204884e+002  1.6974140532162755e+002  1.6973263451057801e+002
  3.4058819347714186e+007  8.3617688202665364e+006  8.0841528341224093e+003  5.8037554628248108e+002  5.7087767248023874e+002  5.7075229509541668e+002  5.7074787330321669e+002  4.9588059424536095e+002  4.9514826681437421e+002  1.6583312872985380e+002  1.5851987676629801e+002  1.5832607910554930e+002  1.5827233027140323e+002  1.5819582152554790e+002
  3.9976763248522826e+007  8.1348089572405070e+006  1.1203606790511599e+003  6.2875975147985537e+002  6.2875975147985537e+002  3.6416824231233682e+002  3.6024587334261605e+002  3.5762968334623338e+002  3.5755997537545181e+002  3.5755997321571976e+002  1.9464772896309273e+002  1.9392308462805681e+002  1.9392308462805681e+002  1.9386201089027236e+002
  3.3519028011481155e+007  1.0981011438444756e+007  1.3856561357716637e+003  5.8920405624663636e+002  5.8423327674141547e+002  3.1453443077394536e+002  3.1408124978615751e+002  3.1404454647060629e+002  2.5628214116485947e+002  2.5120184443885296e+002  2.5047481414497975e+002  2.5010680514974797e+002  1.6274640276262858e+002  1.6220094173318580e+002
  1.8764568482267570e+007  7.0900995387688521e+006  1.2220558238427348e+003  1.0550840803665446e+003  1.0526944009657072e+003  1.0522653985677739e+003  4.0897398300398277e+002  4.0795268207730533e+002  4.0751123441900472e+002  3.4175877718637048e+002  3.2142808246770369e+002  3.0888595636818809e+002  3.0491726467414810e+002  3.0434261027399475e+002
  3.1859419963655423e+007  3.9168171785449404e+006  1.3747024709396906e+003  1.1952330233171842e+003  1.1908133711945520e+003  1.0313114758990400e+003  3.2432617553372347e+002  3.2421525247662748e+002  3.2419103949066357e+002  3.2419103949066357e+002  3.2418195291566508e+002  3.2417577455968831e+002  3.2417577455968831e+002  3.2416404200083116e+002
  2.7032455750128485e+007  7.4320484933561441e+006  1.4147087528808643e+003  9.6301222565993066e+002  9.6126386206601774e+002  4.2111800350924204e+002  3.6285126556652972e+002  2.7215139696275946e+002  2.5119871988955060e+002  2.4868134514248891e+002  2.4868134514248891e+002  2.4837707491953233e+002  2.4830698777183716e+002  2.4816108778916168e+002
  3.4606565479822516e+007  9.4965645757140797e+006  1.2460018966084044e+003  7.4742159054601734e+002  7.3698693090901907e+002  4.7251746972481033e+002  3.0219639410229684e+002  3.0209296160133044e+002  1.3905269192975834e+002  1.3841943601077719e+002  1.3841943601077719e+002  1.3833834941229225e+002  1.3830995824619845e+002  1.3828139003677757e+002
  3.6602395608335108e+007  3.8344462301063295e+006  6.0160661014265816e+003  8.1541728893378240e+002  3.2267948730211037e+002  3.2267948730211037e+002  3.2014424233141517e+002  3.1962079764072337e+002  3.1954243675632074e+002  3.1950983743073243e+002  3.1950983743073243e+002  3.1948567308361658e+002  2.2909779754367696e+002  2.2874971382897024e+002
  3.3101331805140853e+007  1.2428742973576132e+007  4.0139908741406734e+003  4.0139908741406734e+003  5.7876450132095033e+002  5.7804912039377541e+002  5.7782754673363161e+002  5.7777031471264445e+002  5.7775254886190896e+002  5.7774616125461853e+002  3.7666849222380597e+002  3.7171309624040668e+002  3.7141325073283201e+002  3.7114731690468034e+002
  3.3908908879177101e+007  6.7314768182459008e+006  1.2767130396639563e+004  5.7116957655546639e+002  5.2133939996058461e+002  5.1883180208330259e+002  5.1834946372616878e+002  3.5962429043457587e+002  3.5724547171426093e+002  2.6733164918909506e+002  2.6733164918909506e+002  2.6733164918909506e+002  2.4612439605777945e+002  2.4496429807772438e+002
