  4.2857257444327297e+003  4.0434425939441262e+003  4.0434425939441262e+003  3.9067084654342725e+003  3.8062944332481384e+003  3.6546065887306559e+003  3.5758511161941560e+003  3.5493277173191345e+003  3.5493277173191345e+003  3.4300901885311978e+003  3.3224957929024104e+003  3.3167156958882051e+003  3.2303941185044150e+003  3.1896886762314425e+003
  4.3548096484565885e+003  3.9751878022250312e+003  3.9689034806353575e+003  3.7974505309266497e+003  3.5947983436275626e+003  3.5453083223811227e+003  3.4380006786110098e+003  3.3995179312675373e+003  3.3944149399089201e+003  3.3693021522469535e+003  3.3693021522469535e+003  3.3693021522469535e+003  3.3693021522469535e+003  3.3693021522469535e+003
  4.2536861807213318e+003  4.0749334113096520e+003  4.0683333579900536e+003  3.9288552231819403e+003  3.6824997152497235e+003  3.5508770577682553e+003  3.4808055506894561e+003  3.3210978589741972e+003  3.3041540861863041e+003  3.3041540861863041e+003  3.3041540861863041e+003  3.3041540861863041e+003  3.2638260768156979e+003  3.2586058128982004e+003
  4.4603955493438689e+003  3.9851228123944047e+003  3.9851228123944047e+003  3.8362113393691498e+003  3.6883747076748487e+003  3.6300323819100959e+003  3.6288105402430720e+003  3.4771096340072618e+003  3.3448515389513213e+003  3.3189650395166318e+003  3.3189650395166318e+003  3.1939605596167885e+003  3.1881259567578400e+003  3.1881259567578400e+003
  4.3387588975861936e+003  4.0223974698108896e+003  4.0082689402671367e+003  3.8837864266186098e+003  3.7854800952019959e+003  3.5683221635342461e+003  3.5683221635342461e+003  3.4366775941061969e+003  3.4366775941061969e+003  3.4366775941061969e+003  3.3538838102324717e+003  3.2608918669745735e+003  3.2608918669745735e+003  3.2268670023143695e+003
  4.3936171051908987e+003  4.0075494224150752e+003  3.9954810707476590e+003  3.8825043878932083e+003  3.8627047223262216e+003  3.5394777762481062e+003  3.4423222883096041e+003  3.3886942794380811e+003  3.1861759517184410e+003  3.1158602581042414e+003  3.0589025592128237e+003  3.0589025592128237e+003  3.0589025592128237e+003  3.0491332826277194e+003
  4.4342507343976904e+003  4.0205489476408102e+003  4.0205489476408102e+003  3.7728331030984245e+003  3.7092124040491562e+003  3.6258305792971532e+003  3.5304716646129800e+003  3.4365949184626861e+003  3.4365949184626861e+003  3.2920738647784619e+003  3.2876109202846646e+003  3.2876109202846646e+003  3.1854633023189872e+003  3.1795115589250900e+003
  4.2421251463132194e+003  4.0275847600840771e+003  4.0275847600840771e+003  3.8378342064304106e+003  3.6824400538064037e+003  3.5496227504402177e+003  3.5057482225847452e+003  3.5057482225847452e+003  3.3726395293510532e+003  3.3564551701213422e+003  3.2411457995094670e+003  3.2354460397024413e+003  3.2354460397024413e+003  3.2354460397024413e+003
  4.3318988480815879e+003  4.0183728545118174e+003  4.0183728545118174e+003  3.9499106336770683e+003  3.7897258924722992e+003  3.4974252447451863e+003  3.4797219995179657e+003  3.4788957474301887e+003  3.4411106313315713e+003  3.4411106313315713e+003  3.3948531158593287e+003  3.3948531158593287e+003  3.3948531158593287e+003  3.3948531158593287e+003
  4.3784703799430181e+003  4.0350377781423049e+003  4.0265811640180827e+003  3.8770332631438150e+003  3.7724716490906740e+003  3.5840617119795115e+003  3.5840617119795115e+003  3.5725552320690358e+003  3.4445435539196678e+003  3.4445435539196678e+003  3.4338298202828719e+003  3.3654784556305531e+003  3.3654784556305531e+003  3.3654784556305531e+003
  4.2304761719197140e+003  4.0567604310889910e+003  4.0567604310889910e+003  3.8796473511502809e+003  3.7420142938160752e+003  3.6874855846599148e+003  3.5286177793169427e+003  3.5116506103936899e+003  3.4897953504012930e+003  3.4897953504012930e+003  3.4727788522352357e+003  3.4384752512836776e+003  3.3982512008758677e+003  3.3738765799095208e+003
  4.3987608992155201e+003  4.0578026228001054e+003  4.0578026228001054e+003  3.9085289487271530e+003  3.6770848284262956e+003  3.6386133809331295e+003  3.5109559443832241e+003  3.4645773182651101e+003  3.4645773182651101e+003  3.4315905247622695e+003  3.4021898973450179e+003  3.3833161062752424e+003  3.3704299300873718e+003  3.3704299300873718e+003
  4.1256434618904077e+003  4.0594515435206304e+003  4.0362927132800933e+003  3.9074890673609007e+003  3.8163969973552412e+003  3.6762170415657192e+003  3.5854287757718503e+003  3.5187733213364727e+003  3.4568229014732378e+003  3.3427483264335160e+003  3.2777549398719184e+003  3.2777549398719184e+003  3.2612462381555133e+003  3.2612462381555133e+003
  4.2009481354320515e+003  3.9325051678114551e+003  3.8969296805208414e+003  3.8210555862012916e+003  3.7737658861455384e+003  3.5491542939871188e+003  3.5291049272325436e+003  3.5080752614777266e+003  3.4616555745757523e+003  3.4616555745757523e+003  3.4450241508561103e+003  3.4350178731031965e+003  3.4350178731031965e+003  3.4121259980340983e+003
  4.3277474441410077e+003  4.0799362146198364e+003  4.0486995426419362e+003  3.9140352176908282e+003  3.7665294771513127e+003  3.6576752439733027e+003  3.4722589161802425e+003  3.4481330634820351e+003  3.3133102492768985e+003  3.2851319830035227e+003  3.2768715260100307e+003  3.2760718750219967e+003  3.2700128683854236e+003  3.1710292059682342e+003
  4.3712559796860132e+003  4.0361726759138819e+003  4.0361726759138819e+003  3.9170348113166301e+003  3.8150040716180802e+003  3.6557283620092767e+003  3.5460369644051179e+003  3.5319967259185196e+003  3.5288889919174162e+003  3.4714344277828977e+003  3.4714344277828977e+003  3.4714344277828977e+003  3.4583061605650719e+003  3.4482782717950631e+003
  4.3327677810677751e+003  4.1017768477546633e+003  4.1017768477546633e+003  3.8128360886022419e+003  3.7314049973115743e+003  3.5134548229356114e+003  3.4348731705403561e+003  3.4348731705403561e+003  3.4061185340163884e+003  3.2667840070078564e+003  3.2522746194963574e+003  3.2512587582496180e+003  3.2512587582496180e+003  3.2512587582496180e+003
  4.3470362152871639e+003  4.0210273967793864e+003  4.0085553703325149e+003  3.8866192593058495e+003  3.7597815937390433e+003  3.6692749649518446e+003  3.6231656901926908e+003  3.5573005501548878e+003  3.5167792924343466e+003  3.4637133025832300e+003  3.4637133025832300e+003  3.4302112497283888e+003  3.3488164086763072e+003  3.3488164086763072e+003
  4.3126660930749740e+003  4.0943772608140762e+003  4.0815766079800833e+003  3.9345438549777309e+003  3.7652042677328045e+003  3.5181559394042179e+003  3.5044389642357764e+003  3.5044389642357764e+003  3.4814855500461281e+003  3.4437911343057749e+003  3.4317112441136796e+003  3.4317112441136796e+003  3.4317112441136796e+003  3.3606948335244597e+003
  4.3123014121919641e+003  4.0703848352338191e+003  4.0703848352338191e+003  3.9169376559607244e+003  3.7886107551871810e+003  3.6994470375381206e+003  3.4916981421300043e+003  3.4124601858368869e+003  3.4124601858368869e+003  3.4124601858368869e+003  3.3131831138074995e+003  3.3131831138074995e+003  3.3131831138074995e+003  3.3131831138074995e+003
  4.3886717740437389e+003  4.0189321332842328e+003  3.9810874345931634e+003  3.9573181996284839e+003  3.7352952477981198e+003  3.6209462620987515e+003  3.4546967783121781e+003  3.4443394581875473e+003  3.4397295118861584e+003  3.4397295118861584e+003  3.4397295118861584e+003  3.4397295118861584e+003  3.3575932474849915e+003  3.3575932474849915e+003
  4.3081126742079023e+003  4.0435764664853759e+003  4.0216173564833589e+003  3.8759984010741609e+003  3.6153634020367117e+003  3.4835102251911358e+003  3.3595159194376847e+003  3.2950331455430151e+003  3.2431780414798068e+003  3.2243939952456594e+003  3.2243939952456594e+003  3.1235257123110450e+003  3.1048734871216366e+003  3.1017066437465855e+003
  4.1322112888438051e+003  4.0139374919060920e+003  4.0139374919060920e+003  3.9001816523314174e+003  3.7135808078777536e+003  3.5371457530498010e+003  3.4737764700827538e+003  3.4737764700827538e+003  3.3871440999878268e+003  3.3808570911652696e+003  3.3808570911652696e+003  3.2790712541720386e+003  3.2329610013221327e+003  3.2329610013221327e+003
  4.4050293939340754e+003  4.0254543056999082e+003  3.9654034831846911e+003  3.9023424195642210e+003  3.7407363297244337e+003  3.5138943924403102e+003  3.4696939423717567e+003  3.4061084515521588e+003  3.3242465507806028e+003  3.3092980702423683e+003  3.3092980702423683e+003  3.3092980702423683e+003  3.2701460971648594e+003  3.2701460971648594e+003
  4.1648726033209587e+003  4.0432702802669246e+003  4.0432702802669246e+003  3.8720930453277269e+003  3.7233752298179952e+003  3.6065264114631846e+003  3.3978311202924715e+003  3.3586605119863343e+003  3.2568837686709248e+003  3.2568837686709248e+003  3.2568837686709248e+003  3.2568837686709248e+003  3.2568837686709248e+003  3.2269403957239465e+003
  4.4379650565027905e+003  4.1148474930006041e+003  4.0336180982900496e+003  3.9296778993941525e+003  3.4884243494188959e+003  3.3565240670684743e+003  3.3565240670684743e+003  3.3169007660237094e+003  3.2988359070063307e+003  3.2988359070063307e+003  3.2988359070063307e+003  3.2988359070063307e+003  3.2757447839678280e+003  3.2757447839678280e+003
  4.2360403728831379e+003  3.9194765998683179e+003  3.9017775016803253e+003  3.8396250214664797e+003  3.6401139590285966e+003  3.6143198695841238e+003  3.5961368732112915e+003  3.5549195573762609e+003  3.5260355559722166e+003  3.4950039061925900e+003  3.4950039061925900e+003  3.4950039061925900e+003  3.4950039061925900e+003  3.4950039061925900e+003
  4.1987988973290303e+003  3.9725002180912625e+003  3.9725002180912625e+003  3.8801341641922554e+003  3.7062646241344410e+003  3.5660191811215009e+003  3.5356936086569258e+003  3.5330611198620390e+003  3.3539149487885697e+003  3.3439037121880028e+003  3.1951424212230531e+003  3.1951424212230531e+003  3.1951424212230531e+003  3.1951424212230531e+003
  4.3729532045350197e+003  4.0500117192469907e+003  4.0244703253103971e+003  3.9403969308028263e+003  3.7794892256367530e+003  3.6674071279946411e+003  3.5117396218283402e+003  3.5117396218283402e+003  3.5106048395562375e+003  3.4998887954973325e+003  3.4998887954973325e+003  3.4242339220223885e+003  3.3803313800788601e+003  3.3803313800788601e+003
  4.2257944798970602e+003  3.9009947910582196e+003  3.8960626299244532e+003  3.8797709063872353e+003  3.7138211832448997e+003  3.6169285216149456e+003  3.6017968445572842e+003  3.5175498490738401e+003  3.5175498490738401e+003  3.4268727054115679e+003  3.3634121210959911e+003  3.3368113040690532e+003  3.3368113040690532e+003  3.3368113040690532e+003
  4.1431909184537217e+003  4.0737683860451289e+003  4.0641369118931852e+003  3.7361757042249501e+003  3.6964730192647603e+003  3.5270824628523987e+003  3.4796376953501813e+003  3.4796376953501813e+003  3.3842327403622294e+003  3.3684738152228747e+003  3.3684738152228747e+003  3.3684738152228747e+003  3.3646752591613931e+003  3.3520865646037864e+003
  4.3383964950810041e+003  3.9887851099844393e+003  3.7750335636699565e+003  3.7750335636699565e+003  3.7257079804558252e+003  3.4173948049812980e+003  3.2597199339376239e+003  3.2397907051282236e+003  3.2236224572743704e+003  3.2236224572743704e+003  3.2084984153469104e+003  3.2084984153469104e+003  3.2084984153469104e+003  3.1720434464616019e+003
  4.3063002029127056e+003  4.0966123363005145e+003  4.0954367757679465e+003  3.8088646500013565e+003  3.6730909587658198e+003  3.5077177233395105e+003  3.3684096730491856e+003  3.3629489214006007e+003  3.3455454918979431e+003  3.3455454918979431e+003  3.2869409002137609e+003  3.2869409002137609e+003  3.2869409002137609e+003  3.2051587200989779e+003
  4.2117973735897704e+003  3.8428853431008765e+003  3.8428853431008765e+003  3.8428853431008765e+003  3.7041571662542528e+003  3.6685010588274417e+003  3.5467966099986988e+003  3.3208265869990146e+003  3.2134473841685885e+003  3.1969597267191675e+003  3.1969597267191675e+003  3.1969597267191675e+003  3.1969597267191675e+003  3.1969597267191675e+003
  4.2864281098589781e+003  4.0729837508649907e+003  3.8779728200436584e+003  3.7722853994572870e+003  3.6441783890736551e+003  3.5092668805261083e+003  3.5014889718372469e+003  3.2955847183180776e+003  3.2955847183180776e+003  3.2702080782574922e+003  3.1328061541283978e+003  3.1328061541283978e+003  3.1328061541283978e+003  3.1328061541283978e+003
  4.3351661928886724e+003  4.0449034792044749e+003  4.0423668024319632e+003  3.8477238197895495e+003  3.7881706048584638e+003  3.6819701309521106e+003  3.4904376143040427e+003  3.4622061811598014e+003  3.3728770779699935e+003  3.3728770779699935e+003  3.3728770779699935e+003  3.3183311594327133e+003  3.2864452224885626e+003  3.2864452224885626e+003
  4.2956453399667889e+003  4.1346190236415741e+003  4.1175767560530994e+003  3.8698856007286522e+003  3.7807104279803134e+003  3.5426705700770872e+003  3.4803695693294012e+003  3.4730212827969626e+003  3.4411057490141011e+003  3.4357959235730114e+003  3.3577463345895376e+003  3.3577463345895376e+003  3.3577463345895376e+003  3.3577463345895376e+003
  4.2466924956063785e+003  4.0416726983386252e+003  4.0300059184380534e+003  3.8763059914634468e+003  3.7887742003849089e+003  3.6195708780220848e+003  3.6013685726314470e+003  3.4041919440221809e+003  3.2955657664447863e+003  3.2092688320115622e+003  3.1992426770712318e+003  3.1992426770712318e+003  3.1992426770712318e+003  3.1992426770712318e+003
  4.1693471728692857e+003  4.0204506591176887e+003  4.0150321779520509e+003  3.9181323088712616e+003  3.6685345162073299e+003  3.5324939181891887e+003  3.4739384472371767e+003  3.4632910767876410e+003  3.4632910767876410e+003  3.4348935595791518e+003  3.4224231759770892e+003  3.3862009145132988e+003  3.3831376647932393e+003  3.3831376647932393e+003
  4.3849151686447776e+003  4.0583699205656567e+003  4.0583699205656567e+003  3.9311361403294150e+003  3.7049925809492124e+003  3.4900893336790305e+003  3.3672010419680209e+003  3.2694420742211933e+003  3.2098598457467651e+003  3.2008845248031303e+003  3.1878398176990067e+003  3.1878398176990067e+003  3.1373347234355042e+003  3.1034106748838340e+003
  4.2557934869806977e+003  3.9643512429537532e+003  3.9162581134108932e+003  3.7223271403906310e+003  3.6656234283601989e+003  3.5985804992959675e+003  3.5445967475904672e+003  3.4537346932747996e+003  3.3955725243148736e+003  3.3955725243148736e+003  3.3955725243148736e+003  3.3955725243148736e+003  3.3505584115789716e+003  3.3335536844990856e+003
  4.3301701132480785e+003  4.0535872904530352e+003  4.0535872904530352e+003  3.8677737900757547e+003  3.7551340377353245e+003  3.6682869527873136e+003  3.5016706897175463e+003  3.4670410699606837e+003  3.3761561775212913e+003  3.2604890594651970e+003  3.2604890594651970e+003  3.2604890594651970e+003  3.2071449953117935e+003  3.2071449953117935e+003
  4.2578685601487614e+003  4.1341905111874685e+003  4.0480845962495996e+003  3.7903619255988742e+003  3.7298366184444394e+003  3.7025283912181430e+003  3.3995893352157154e+003  3.3992350704361897e+003  3.2917502630593735e+003  3.2690381154062488e+003  3.2690381154062488e+003  3.2186986235128152e+003  3.2186986235128152e+003  3.2186986235128152e+003
  4.2879668421526394e+003  4.0817695420183099e+003  4.0562950226445173e+003  3.8340617660301741e+003  3.6142334061466790e+003  3.5233376489707498e+003  3.3679345362701370e+003  3.3372133204476577e+003  3.3168144888688548e+003  3.2505593720512916e+003  3.2406176168840084e+003  3.2014981682076359e+003  3.2014981682076359e+003  3.1488104084081097e+003
  4.2816926118878755e+003  4.0632708081172514e+003  4.0050446425676528e+003  3.8010151405210745e+003  3.7727694034931428e+003  3.5157501485040139e+003  3.5093045537660864e+003  3.5093045537660864e+003  3.4396819467842888e+003  3.3699969036990396e+003  3.3581285776414243e+003  3.3581285776414243e+003  3.3581285776414243e+003  3.3581285776414243e+003
  4.1977281249855960e+003  4.1268819872971317e+003  4.1268819872971317e+003  3.9839996364600192e+003  3.7883021141283989e+003  3.6949732199724276e+003  3.5713049270144502e+003  3.5161791777858389e+003  3.3389546384253044e+003  3.3004077655519495e+003  3.2562505155566796e+003  3.2562505155566796e+003  3.2562505155566796e+003  3.2562505155566796e+003
  4.3240030393919142e+003  3.9913458028876667e+003  3.9859377989560526e+003  3.9245930006501421e+003  3.7056803193464366e+003  3.4730521954692031e+003  3.4118353101241592e+003  3.3739276201892189e+003  3.3309932918744080e+003  3.2165800972083198e+003  3.1016779261055217e+003  3.1016779261055217e+003  3.1016779261055217e+003  3.1016779261055217e+003
  4.2256703421448510e+003  4.0150762473449950e+003  3.9525259059243472e+003  3.8869806487201377e+003  3.8140877340690458e+003  3.5357195278158870e+003  3.5039097516110596e+003  3.5039097516110596e+003  3.4835977249087809e+003  3.3902093861949852e+003  3.3902093861949852e+003  3.2542647469984586e+003  3.2542647469984586e+003  3.2542647469984586e+003
  4.3696825121163311e+003  3.9621736358444314e+003  3.9621736358444314e+003  3.8853011602172228e+003  3.8679853671459114e+003  3.6858267368601628e+003  3.6411627840076371e+003  3.6411627840076371e+003  3.6240761324443083e+003  3.5658164632207281e+003  3.3998288294066615e+003  3.3998288294066615e+003  3.3935965235093608e+003  3.3935965235093608e+003
  4.2973753128665549e+003  3.9963122888076759e+003  3.9963122888076759e+003  3.8119224789776035e+003  3.6480740446734844e+003  3.5569599011015889e+003  3.5490966519398517e+003  3.4265379199253084e+003  3.4100979247166242e+003  3.4100979247166242e+003  3.4100979247166242e+003  3.4100979247166242e+003  3.3323989240083520e+003  3.3298222180428702e+003
  4.2217165928632066e+003  3.9793605557799056e+003  3.9793605557799056e+003  3.8499821144458801e+003  3.7112143461442183e+003  3.5412873493373882e+003  3.5356626721635666e+003  3.5002044658107352e+003  3.4832209367869436e+003  3.4811551548092084e+003  3.4742322622319080e+003  3.4736886616896563e+003  3.4073020022062219e+003  3.3866699855147735e+003
