  1.1172493329236865e+009  2.4088385201608926e+008  5.1853093017315132e+003  5.0033862595020992e+003  4.5493514815045583e+003  4.5493514815045583e+003  3.7341666365724286e+003  3.3236084984953595e+003  3.3236084984953595e+003  3.3236084984953595e+003  3.3236084984953595e+003  3.3236084984953595e+003  3.3236084984953595e+003  3.2400377479069339e+003
  1.0996769724408975e+009  1.3464555313206241e+008  9.9201603708133352e+003  5.0440706421928962e+003  3.2821926008288992e+003  3.2821926008288992e+003  3.2821926008288992e+003  3.2821926008288992e+003  3.2821926008288992e+003  3.2821926008288992e+003  3.2821926008288992e+003  3.2821926008288992e+003  3.2821926008288992e+003  3.2072772157394220e+003
  9.8799969308102667e+008  2.3904784369685373e+008  5.1704042929426978e+003  4.7066352426872554e+003  3.6034401224548856e+003  3.6034401224548856e+003  3.6034401224548856e+003  3.6034401224548856e+003  3.6034401224548856e+003  3.6034401224548856e+003  3.6034401224548856e+003  3.6018697341245061e+003  3.6018697341245061e+003  3.5685421332401656e+003
  1.0096895470324298e+009  2.0554585451943490e+008  6.0784656369764525e+003  3.4247714204910299e+003  3.4247714204910299e+003  3.4247451471791983e+003  3.4247451471791983e+003  3.4247451471791983e+003  3.4247451471791983e+003  3.4247451471791983e+003  3.4247451471791983e+003  3.4247451471791983e+003  3.4247451471791983e+003  3.4246912536183499e+003
  1.0987521577087190e+009  2.3553587768681970e+008  4.0300646073500038e+003  3.9278327773678429e+003  3.9278327773678429e+003  3.8854308216112313e+003  3.8854308216112313e+003  3.8854308216112313e+003  3.8694825441278599e+003  3.8663425322478088e+003  3.7954628074582834e+003  3.7876167978977319e+003  3.7876167978977319e+003  3.7834435251824580e+003
  1.2703741386721780e+009  2.6289828585095310e+008  5.4720041407496574e+003  5.2750594751346180e+003  5.2750594751346180e+003  5.2750594751346180e+003  4.0134191750189348e+003  3.6361180106858865e+003  3.6361013842499760e+003  3.3417434856726431e+003  3.3417434856726431e+003  3.1896112749017957e+003  3.1896112749017957e+003  3.1539406108234598e+003
  1.0331892020855863e+009  2.0002528230349943e+008  4.0100116662913733e+003  4.0095534345327460e+003  3.3836908103592177e+003  3.3647008476611836e+003  3.3647008476611836e+003  3.3281951542987072e+003  3.2110167937580454e+003  3.2110167937580454e+003  3.2110167937580454e+003  3.2110167937580454e+003  3.2110167937580454e+003  3.2038215168909219e+003
  1.0527184213420453e+009  2.1097010685453856e+008  7.4826662649334612e+003  3.9654648831458262e+003  3.9654648831458262e+003  3.9654648831458262e+003  3.9654648831458262e+003  3.9654648831458262e+003  3.7273856057570429e+003  3.7273856057570429e+003  3.7273856057570429e+003  3.7273856057570429e+003  3.7273856057570429e+003  3.5067657796916155e+003
  1.0773977372544734e+009  1.8584774140462476e+008  4.9397604327005192e+003  4.9209117627703654e+003  3.0045078329082062e+003  3.0045078329082062e+003  3.0045078329082062e+003  3.0045078329082062e+003  3.0045078329082062e+003  3.0045078329082062e+003  3.0045078329082062e+003  2.9478054821786955e+003  2.9478054821786955e+003  2.9477028770026573e+003
  1.1202363180201173e+009  2.4387104765288705e+008  6.1838437110505438e+003  4.5364612764025005e+003  4.5364612764025005e+003  4.5364612764025005e+003  4.5364612764025005e+003  4.5364612764025005e+003  4.3417329532000622e+003  3.5704016551398990e+003  3.2837819588697739e+003  3.2837819588697739e+003  3.2837819588697739e+003  3.2668964581523396e+003
  1.2903956570258296e+009  2.2766158489610243e+008  3.9048795258995160e+003  3.8890225597266144e+003  3.8890225597266144e+003  3.8890225597266144e+003  3.8890225597266144e+003  3.8890225597266144e+003  3.8890225597266144e+003  3.8890225597266144e+003  3.8890225597266144e+003  3.8890225597266144e+003  3.8890225597266144e+003  3.6103288303064001e+003
  1.1190106614162273e+009  2.2617401178192529e+008  5.0939156416177384e+003  3.9338734008121955e+003  3.9338734008121955e+003  3.9338734008121955e+003  3.9338734008121955e+003  3.9335288700078036e+003  3.9335288700078036e+003  3.9335288700078036e+003  3.9335288700078036e+003  3.9335288700078036e+003  3.9082581788698826e+003  3.9082245245968361e+003
  1.2924811865370708e+009  2.6906805580311507e+008  4.5634353062177570e+003  4.4896850722357503e+003  3.2916178185477056e+003  3.2916178185477056e+003  3.2916178185477056e+003  3.2916178185477056e+003  3.2916178185477056e+003  3.2916000880719266e+003  3.2916000880719266e+003  3.2916000880719266e+003  3.2916000880719266e+003  3.2915686285683205e+003
  1.1146400936746578e+009  2.1660691141582966e+008  8.1847082995167548e+003  3.9042950986773567e+003  3.9042950986773567e+003  3.7950589869617161e+003  3.6151146817353929e+003  3.6151146817353929e+003  3.0128191538608035e+003  3.0128191538608035e+003  3.0128191538608035e+003  3.0128191538608035e+003  3.0128191538608035e+003  3.0127874952048178e+003
  1.2602883875336123e+009  2.3044416583077404e+008  1.0178352575970657e+004  4.2442401621904037e+003  4.0838305040221594e+003  3.5041056768842791e+003  3.4647961979942693e+003  3.4647961979942693e+003  3.1453609066562167e+003  3.1432283317019492e+003  3.1432283317019492e+003  3.1432283317019492e+003  3.1432283317019492e+003  3.0966872983831454e+003
  8.9731899109705591e+008  1.6287357120581651e+008  5.6137441664058024e+003  5.5615032190641396e+003  4.9507209582588976e+003  4.0549639880424038e+003  4.0549639880424038e+003  4.0549639880424038e+003  4.0549639880424038e+003  3.7494859044210807e+003  3.7449353873446889e+003  3.7449353873446889e+003  3.7115106122967836e+003  3.6363883154273753e+003
  1.2280345297068498e+009  2.2165121023296577e+008  5.7077219425444346e+003  4.7594526494812690e+003  4.6446835125352254e+003  4.3511089239398425e+003  4.3511089239398425e+003  4.2866447293029678e+003  4.2304495050011537e+003  4.2304495050011537e+003  3.5076433874663871e+003  3.5076433874663871e+003  3.5076433874663871e+003  3.5076100850394132e+003
  1.1551700921841338e+009  1.9940859970896885e+008  6.0673223138955072e+003  4.6467354934479790e+003  4.5618825384859865e+003  4.5618825384859865e+003  4.5618825384859865e+003  4.5618403710378698e+003  4.5618403710378698e+003  4.5618403710378698e+003  3.5976163871054741e+003  3.4177008886897274e+003  3.4177008886897274e+003  3.4176465604195073e+003
  1.0776470113949125e+009  2.2019786210046375e+008  7.6086113725738978e+003  4.5196781709739325e+003  4.5196781709739325e+003  3.9166632550369486e+003  3.8060435183874397e+003  2.9643667619570779e+003  2.9643667619570779e+003  2.9643667619570779e+003  2.9274176200105976e+003  2.9274170858286579e+003  2.9274170858286579e+003  2.9274170858286579e+003
  8.5385998479962862e+008  1.5948658239092141e+008  5.8710119498067779e+003  4.5892685204659856e+003  3.9054844943579938e+003  3.7601232897535938e+003  3.7601232897535938e+003  3.7601232897535938e+003  3.7600506866580836e+003  3.7600506866580836e+003  3.7600506866580836e+003  3.7600506866580836e+003  3.7593746735491732e+003  3.7593746735491732e+003
  1.2445275070274992e+009  2.2222551070334023e+008  5.4587443417983141e+003  4.8545459427323340e+003  3.4260818656624651e+003  3.4260818656624651e+003  3.4260818656624651e+003  3.4260818656624651e+003  3.4260818656624651e+003  3.3490170975296569e+003  3.3490170975296569e+003  3.3490170975296569e+003  3.3490170975296569e+003  3.3490170975296569e+003
  8.9182861360159135e+008  2.3710484105259094e+008  1.2587260700906509e+004  5.1945624811102607e+003  3.4794183113874933e+003  3.4794183113874933e+003  3.4794183113874933e+003  3.4794183113874933e+003  3.4794183113874933e+003  3.4794183113874933e+003  3.4794183113874933e+003  3.4794183113874933e+003  3.4794183113874933e+003  3.4793561474194030e+003
  1.0278158226554778e+009  2.4267224776757208e+008  6.7572944434829042e+003  4.1851129228851933e+003  4.1699621417613816e+003  4.1699621417613816e+003  4.1699621417613816e+003  4.1699621417613816e+003  4.1699621417613816e+003  4.0695816718348278e+003  4.0695816718348278e+003  3.8976697998059681e+003  3.6605070250624494e+003  3.6605070250624494e+003
  1.2153182895284173e+009  2.1518339399675998e+008  6.6653933780428706e+003  5.0887069899842400e+003  4.5309543010752714e+003  4.5302454245038707e+003  4.5302454245038707e+003  4.5302454245038707e+003  4.5302454245038707e+003  4.5302454245038707e+003  4.5302454245038707e+003  4.4999068812369787e+003  4.4999068812369787e+003  4.4997944129999050e+003
  1.2728228482875900e+009  2.5884302206176999e+008  5.8219760361153330e+003  4.5967039773783754e+003  4.0514099593388783e+003  4.0514099593388783e+003  4.0514099593388783e+003  4.0514099593388783e+003  4.0514099593388783e+003  3.4333212758391401e+003  3.4333212758391401e+003  3.4333212758391401e+003  3.4333212758391401e+003  3.4307704717232500e+003
  1.2259639029279377e+009  2.3342124035645655e+008  1.1200837405946471e+004  4.1005088057658195e+003  4.1005088057658195e+003  3.9066884754695384e+003  3.9066884754695384e+003  3.9066884754695384e+003  3.9066884754695384e+003  3.9066884754695384e+003  3.9066884754695384e+003  3.6953157202555112e+003  3.6953157202555112e+003  3.6953157202555112e+003
  1.1063754982771482e+009  2.1764297700908846e+008  5.1448673025351982e+003  5.0346532935761206e+003  4.5980107383940758e+003  4.2434863829218757e+003  4.2434863829218757e+003  4.2434863829218757e+003  3.5232534315814300e+003  3.5232534315814300e+003  3.5232534315814300e+003  3.5232534315814300e+003  3.4802850871802984e+003  3.4785195109067899e+003
  1.0465204475545454e+009  1.6829514876899114e+008  4.1659376606548940e+003  4.1525388036078484e+003  4.0835307596853572e+003  4.0835307596853572e+003  3.7410602480050566e+003  3.7410602480050566e+003  3.7410602480050566e+003  3.7410390214241088e+003  3.7410390214241088e+003  3.4683059863167873e+003  3.4473447771356041e+003  3.4472896079420525e+003
  9.0721796246231306e+008  2.4329948770168057e+008  6.0728031121540625e+003  5.9494960853987050e+003  4.5031587113453888e+003  4.5031587113453888e+003  4.5031587113453888e+003  3.7935869511281944e+003  3.6889325214092187e+003  3.6889325214092187e+003  3.6889325214092187e+003  3.3918906743424450e+003  3.3918906743424450e+003  3.3917042726351974e+003
  1.0822049402103128e+009  2.2164443891962978e+008  4.5149842669214640e+003  4.5063025299495766e+003  4.5063025299495766e+003  3.5611747561615330e+003  3.5611747561615330e+003  3.5611747561615330e+003  3.5611747561615330e+003  3.5611747561615330e+003  3.5502915286752377e+003  3.5502915286752377e+003  3.5502915286752377e+003  3.5502915286752377e+003
  1.1079351856341317e+009  2.2494052397455478e+008  6.6049886952351080e+003  6.0793479504103143e+003  4.5037010078228259e+003  3.3023674198036133e+003  3.3023674198036133e+003  3.3023674198036133e+003  3.3023674198036133e+003  3.3023674198036133e+003  3.3023674198036133e+003  3.3023674198036133e+003  3.3023674198036133e+003  3.3021994721433248e+003
  1.0192079774974363e+009  2.3285624682396075e+008  1.4100681976839325e+004  6.7114976427579059e+003  3.7022628239629466e+003  3.7022628239629466e+003  3.7022628239629466e+003  3.7022628239629466e+003  3.7022628239629466e+003  3.7022628239629466e+003  3.6694786174931305e+003  3.6694786174931305e+003  3.6694786174931305e+003  3.5504548013256235e+003
  1.0335200137452037e+009  2.0680344904877958e+008  5.4248841541488728e+003  4.2384359072001253e+003  4.2384359072001253e+003  4.2384359072001253e+003  3.1277447474562559e+003  3.1277447474562559e+003  3.1277447474562559e+003  3.1277447474562559e+003  3.1277447474562559e+003  3.1277447474562559e+003  3.1277447474562559e+003  3.1275264535285914e+003
  1.2275618919322360e+009  2.0385224939785308e+008  4.7449627030770553e+003  4.4232476078611662e+003  4.2468953895531213e+003  4.1908771858829596e+003  4.1908771858829596e+003  4.1908771858829596e+003  4.1908771858829596e+003  4.1694454170261361e+003  4.1126421404443854e+003  4.0630941120831994e+003  4.0619739748192360e+003  4.0619739748192360e+003
  8.8568758356152380e+008  1.6981123298398182e+008  3.9776960197384924e+003  3.9754510964244400e+003  3.9754510964244400e+003  3.9754510964244400e+003  3.9754510964244400e+003  3.9754510964244400e+003  3.9754510964244400e+003  3.9754510964244400e+003  3.9754510964244400e+003  3.2264834099556556e+003  3.2264834099556556e+003  3.2264834099556556e+003
  1.1303995654105418e+009  2.1723095770901224e+008  6.5616416029168686e+003  5.1879038416297299e+003  3.9544912599368154e+003  3.9544912599368154e+003  3.9544912599368154e+003  3.9544912599368154e+003  3.9544912599368154e+003  3.9544912599368154e+003  3.9544912599368154e+003  3.9544912599368154e+003  3.9544912599368154e+003  3.9544912599368154e+003
  1.3538273454273734e+009  2.6426620799448705e+008  4.4208203640683323e+003  4.2311627830767638e+003  3.7494001347390549e+003  3.7494001347390549e+003  3.7494001347390549e+003  3.7494001347390549e+003  3.5983878053470125e+003  3.5983878053470125e+003  3.5983878053470125e+003  3.5983878053470125e+003  3.5898970702639053e+003  3.5896287537896742e+003
  1.1025360329051547e+009  2.5841548221185020e+008  4.6302353000007879e+003  4.3352951349632485e+003  4.3352951349632485e+003  3.7213218088957456e+003  3.7213218088957456e+003  3.7213218088957456e+003  3.7213218088957456e+003  3.7213218088957456e+003  3.7213218088957456e+003  3.7213218088957456e+003  3.7213218088957456e+003  3.7205093802465080e+003
  1.1190682284007444e+009  2.3705141430116197e+008  5.3549498897548947e+003  5.3498441785447667e+003  3.2483454126383313e+003  3.2483454126383313e+003  3.2483454126383313e+003  3.2483454126383313e+003  3.2483454126383313e+003  3.2483454126383313e+003  3.2483454126383313e+003  3.2483454126383313e+003  3.2483454126383313e+003  3.2482923399743249e+003
  1.2762052133558993e+009  1.8357033621758071e+008  6.3799067952054938e+003  5.4636329236017118e+003  4.0753535565561833e+003  3.7163362391092360e+003  3.7163362391092360e+003  3.7163362391092360e+003  3.7092562578335119e+003  3.7092562578335119e+003  3.7092562578335119e+003  3.7092562578335119e+003  3.7092562578335119e+003  3.7092562578335119e+003
  1.2478528174884584e+009  2.2856907679584351e+008  5.9439203904001515e+003  3.4884818215541800e+003  3.4884818215541800e+003  3.4884818215541800e+003  3.4884818215541800e+003  3.4884818215541800e+003  3.4884818215541800e+003  3.4818105638828101e+003  3.4818105638828101e+003  3.4818105638828101e+003  3.4818105638828101e+003  3.4814848416743871e+003
  1.2137579190994678e+009  2.3744503439023277e+008  1.4088321797628287e+004  4.8574785914232552e+003  4.2618594749510794e+003  4.2618594749510794e+003  4.2618594749510794e+003  4.2618594749510794e+003  4.2618594749510794e+003  4.2618594749510794e+003  4.2618594749510794e+003  4.2618594749510794e+003  3.5463510585378190e+003  3.4696844641797779e+003
  1.0950928704095993e+009  2.1787600288705263e+008  4.3633125293382136e+003  4.3474762612413642e+003  4.3439003475484014e+003  4.2244936615104971e+003  4.0307575018009411e+003  4.0307575018009411e+003  4.0307575018009411e+003  4.0307575018009411e+003  3.8900534792139042e+003  3.8900534792139042e+003  3.8900534792139042e+003  3.8900534792139042e+003
  1.2264481695294418e+009  2.2315411261787349e+008  4.8555249926095785e+003  4.1775233456103351e+003  4.1775233456103351e+003  3.7224757333542093e+003  3.7224757333542093e+003  3.7224757333542093e+003  3.7224757333542093e+003  3.7224757333542093e+003  3.7224757333542093e+003  3.7224757333542093e+003  3.7224757333542093e+003  3.7224757333542093e+003
  1.0903384262437606e+009  2.4226505590101859e+008  4.6571630585410767e+003  3.5989773053148328e+003  3.5989773053148328e+003  3.2405017842754605e+003  3.2405017842754605e+003  3.2405017842754605e+003  3.2405017842754605e+003  3.2405017842754605e+003  3.2405017842754605e+003  3.2405017842754605e+003  3.2405017842754605e+003  3.2403701104238826e+003
  8.5892339757747710e+008  2.2018792885903260e+008  6.1233990458684020e+003  4.3765916030545632e+003  4.3765916030545632e+003  4.3765916030545632e+003  4.3502805071366492e+003  4.3502805071366492e+003  4.0867455228888939e+003  3.5859270525294633e+003  3.3072339991164117e+003  3.3072339991164117e+003  3.3067647395653821e+003  3.3066000113590353e+003
  1.1384446293329041e+009  2.5266989585049087e+008  5.2179849992071549e+003  4.0175044280986967e+003  3.4537799746678975e+003  3.4537799746678975e+003  3.4537799746678975e+003  3.4494444519192675e+003  3.4494444519192675e+003  3.3571855576961880e+003  3.3571855576961880e+003  3.3571855576961880e+003  3.3571855576961880e+003  3.1894451206155563e+003
  1.1273193265473192e+009  2.1393799390695912e+008  4.9107105734767438e+003  4.3230283120328895e+003  4.3230283120328895e+003  3.9376943312100284e+003  3.9376943312100284e+003  3.9376943312100284e+003  3.9376943312100284e+003  3.9376122391091203e+003  3.9375342694802348e+003  3.9375342694802348e+003  3.9375215719228217e+003  3.9373501988528569e+003
  1.0072999763262569e+009  1.8970780427222350e+008  7.7074478595658584e+003  5.4110297265360714e+003  4.1561056696507712e+003  4.1561056696507712e+003  4.1561056696507712e+003  4.1561056696507712e+003  3.4547228737677851e+003  3.4344783023082655e+003  3.4344783023082655e+003  3.4344783023082655e+003  3.3121933042610272e+003  3.3121632693613637e+003
  1.0020307412487462e+009  2.1468877458128434e+008  4.9713603923534238e+003  4.6254671504171502e+003  4.6252920142491157e+003  4.5329905742799365e+003  4.5329905742799365e+003  4.5329905742799365e+003  4.5329905742799365e+003  3.7986051433130024e+003  3.7983336568303903e+003  3.1069099037317301e+003  3.0894515877608701e+003  3.0664677424328584e+003
  8.7909955412017393e+008  1.7337672550649861e+008  1.3936053549311131e+004  7.3626783600191375e+003  6.8213852509941389e+003  4.7461706892436268e+003  4.7461706892436268e+003  3.4587348452467013e+003  3.4587348452467013e+003  3.4337386514006921e+003  3.3436874152621676e+003  3.3319501550769201e+003  3.3319501550769201e+003  3.3319107125710107e+003
