  7.9304803438458293e+000  5.2507342497942773e+000  3.9456086137761304e-001  3.9456086137761304e-001  3.9456086137761304e-001  3.9456086137761304e-001  3.9456086137761304e-001  3.9456086137761304e-001  3.9456086137761304e-001  3.9456086137761304e-001  3.9456086137761304e-001  3.9456086137761304e-001  3.9456086137761304e-001  3.9456086137761304e-001
  7.1560653149133486e+000  4.8678432912731751e+000  4.6914037077749526e-001  4.6914037077749526e-001  4.6914037077749526e-001  4.6914037077749526e-001  4.6914037077749526e-001  4.6914037077749526e-001  4.6914037077749526e-001  4.6914037077749526e-001  4.6914037077749526e-001  4.6914037077749526e-001  4.6914037077749526e-001  4.6914037077749526e-001
  7.4404066353329199e+000  5.0054032053644733e+000  3.7041973483610491e-001  3.7041973483610491e-001  3.7041973483610491e-001  3.7041973483610491e-001  3.7041973483610491e-001  3.7041973483610491e-001  3.7041973483610491e-001  3.7041973483610491e-001  3.7041973483610491e-001  3.7041973483610491e-001  3.7041973483610491e-001  3.7041973483610491e-001
  7.2854589522983133e+000  5.3417035264071728e+000  4.8453194375906605e-001  4.8453194375906605e-001  4.6730120515053386e-001  4.4865390081304213e-001  4.4865390081304213e-001  4.4865390081304213e-001  4.4865390081304213e-001  4.4865390081304213e-001  4.4865390081304213e-001  4.4865390081304213e-001  4.4865390081304213e-001  4.4865390081304213e-001
  7.5355032094566923e+000  5.0478043304501625e+000  4.4656426379856384e-001  4.4656426379856384e-001  4.4656426379856384e-001  4.4656426379856384e-001  4.4656426379856384e-001  3.9937303023384629e-001  3.9937303023384629e-001  3.9937303023384629e-001  3.9937303023384629e-001  3.9937303023384629e-001  3.9937303023384629e-001  3.9937303023384629e-001
  7.4838200648532620e+000  5.2730436906140312e+000  4.6923403376740680e-001  4.6725380051657339e-001  4.6725380051657339e-001  4.6725380051657339e-001  4.6725380051657339e-001  4.6725380051657339e-001  4.6725380051657339e-001  4.6725380051657339e-001  4.6725380051657339e-001  4.6725380051657339e-001  4.6725380051657339e-001  4.6725380051657339e-001
  7.2611710751323244e+000  4.8631991310894591e+000  4.5233572743245531e-001  4.5233572743245531e-001  4.5233572743245531e-001  4.5233572743245531e-001  4.3183005549622067e-001  4.3183005549622067e-001  4.3183005549622067e-001  4.3183005549622067e-001  4.3183005549622067e-001  4.3183005549622067e-001  4.3183005549622067e-001  4.3183005549622067e-001
  7.5867248824999933e+000  5.0910190359052194e+000  4.8502081733090563e-001  4.8502081733090563e-001  4.8502081733090563e-001  4.8502081733090563e-001  4.8502081733090563e-001  4.8502081733090563e-001  4.8502081733090563e-001  4.8502081733090563e-001  4.8502081733090563e-001  4.8502081733090563e-001  4.8502081733090563e-001  4.8502081733090563e-001
  7.0383434620523531e+000  5.1050746525313571e+000  3.4322889149029834e-001  3.4322889149029834e-001  3.4207857197247904e-001  3.4207857197247904e-001  3.4207857197247904e-001  3.4207857197247904e-001  3.4207857197247904e-001  3.4207857197247904e-001  3.4207857197247904e-001  3.4207857197247904e-001  3.4207857197247904e-001  3.4207857197247904e-001
  7.9663830202855479e+000  5.0732911461827825e+000  4.4031632321593861e-001  4.4031632321593861e-001  4.4031632321593861e-001  4.4031632321593861e-001  4.4031632321593861e-001  4.4031632321593861e-001  4.4031632321593861e-001  4.4031632321593861e-001  4.4031632321593861e-001  4.4031632321593861e-001  4.4031632321593861e-001  4.4031632321593861e-001
  7.4464098659141200e+000  5.1059170303933570e+000  4.7981872532204761e-001  4.7981872532204761e-001  4.7981872532204761e-001  4.7841275960195162e-001  4.7841275960195162e-001  4.7841275960195162e-001  4.7841275960195162e-001  4.7841275960195162e-001  4.7841275960195162e-001  4.7841275960195162e-001  4.7841275960195162e-001  4.7841275960195162e-001
  7.4634434919548767e+000  5.0919348625886869e+000  4.4957216086845619e-001  4.4957216086845619e-001  4.4957216086845619e-001  4.4957216086845619e-001  4.4957216086845619e-001  4.4957216086845619e-001  4.4957216086845619e-001  4.4957216086845619e-001  4.4957216086845619e-001  4.4957216086845619e-001  4.4957216086845619e-001  4.4957216086845619e-001
  7.5169081012943479e+000  4.9694502293502865e+000  4.3292201140866382e-001  4.3292201140866382e-001  4.3292201140866382e-001  4.3292201140866382e-001  4.3292201140866382e-001  4.3292201140866382e-001  4.3292201140866382e-001  4.3292201140866382e-001  4.3292201140866382e-001  4.3292201140866382e-001  4.3292201140866382e-001  4.3292201140866382e-001
  7.4981491501027904e+000  5.0102284038237030e+000  5.8439211774361866e-001  5.8439211774361866e-001  5.8439211774361866e-001  5.8439211774361866e-001  5.8439211774361866e-001  5.8439211774361866e-001  5.8439211774361866e-001  5.8439211774361866e-001  5.8439211774361866e-001  5.8439211774361866e-001  5.8439211774361866e-001  5.7575771856750180e-001
  7.3222399559103906e+000  4.9842919362413340e+000  4.1364914664950447e-001  4.1364914664950447e-001  4.1364914664950447e-001  4.1364914664950447e-001  4.1364914664950447e-001  4.1364914664950447e-001  4.1364914664950447e-001  4.1364914664950447e-001  4.1364914664950447e-001  4.1364914664950447e-001  4.1364914664950447e-001  4.1364914664950447e-001
  7.6442232165418318e+000  4.9625767247337080e+000  3.6096568914581439e-001  3.6096568914581439e-001  3.6073380925995480e-001  3.6073380925995480e-001  3.6073380925995480e-001  3.6073380925995480e-001  3.6073380925995480e-001  3.6073380925995480e-001  3.6073380925995480e-001  3.6073380925995480e-001  3.6073380925995480e-001  3.6073380925995480e-001
  7.5326775623493631e+000  5.0411224192287136e+000  4.7906461425714042e-001  4.7906461425714042e-001  4.7906461425714042e-001  4.7906461425714042e-001  4.7906461425714042e-001  4.7906461425714042e-001  4.7906461425714042e-001  4.7906461425714042e-001  4.7906461425714042e-001  4.7906461425714042e-001  4.0349170693093583e-001  4.0349170693093583e-001
  6.7236770291240191e+000  5.0698540866112580e+000  4.1466422333587616e-001  4.1466422333587616e-001  4.1466422333587616e-001  4.1466422333587616e-001  4.1466422333587616e-001  4.1466422333587616e-001  4.1466422333587616e-001  4.1466422333587616e-001  4.1466422333587616e-001  4.1466422333587616e-001  4.1466422333587616e-001  4.1466422333587616e-001
  7.7292632295468593e+000  5.1218618184691422e+000  4.5438710059511322e-001  4.5438710059511322e-001  4.5438710059511322e-001  4.5438710059511322e-001  4.5438710059511322e-001  4.5438710059511322e-001  4.5438710059511322e-001  4.5438710059511322e-001  4.5438710059511322e-001  4.5438710059511322e-001  4.5438710059511322e-001  4.5438710059511322e-001
  7.7069266286171114e+000  5.0059041913891633e+000  4.8275314624879684e-001  4.8275314624879684e-001  4.8275314624879684e-001  4.8275314624879684e-001  4.8275314624879684e-001  4.8275314624879684e-001  4.8275314624879684e-001  4.8275314624879684e-001  4.8275314624879684e-001  4.8275314624879684e-001  4.8275314624879684e-001  4.8275314624879684e-001
  6.9362024236656907e+000  5.2733222105130153e+000  4.5253143567560983e-001  4.5253143567560983e-001  4.5253143567560983e-001  4.5253143567560983e-001  4.5253143567560983e-001  4.5253143567560983e-001  4.5253143567560983e-001  4.5253143567560983e-001  4.5253143567560983e-001  4.5253143567560983e-001  4.5253143567560983e-001  4.5253143567560983e-001
  7.4219754108526104e+000  5.3239628682870261e+000  3.9438327601510537e-001  3.9438327601510537e-001  3.9438327601510537e-001  3.9438327601510537e-001  3.9438327601510537e-001  3.9438327601510537e-001  3.9438327601510537e-001  3.9438327601510537e-001  3.9438327601510537e-001  3.9438327601510537e-001  3.9438327601510537e-001  3.9438327601510537e-001
  7.7252660234787527e+000  4.8986505506952653e+000  5.3960043994720763e-001  5.3960043994720763e-001  5.3960043994720763e-001  5.3960043994720763e-001  5.3960043994720763e-001  5.3960043994720763e-001  5.3960043994720763e-001  5.3960043994720763e-001  5.3960043994720763e-001  5.3960043994720763e-001  5.3960043994720763e-001  5.3960043994720763e-001
  6.8018810917094470e+000  5.1444655014356613e+000  4.2558414847781023e-001  4.2558414847781023e-001  4.2558414847781023e-001  4.2558414847781023e-001  4.2558414847781023e-001  4.2558414847781023e-001  4.2558414847781023e-001  4.2558414847781023e-001  4.2558414847781023e-001  4.2558414847781023e-001  4.2558414847781023e-001  4.2558414847781023e-001
  7.8079966656962370e+000  5.2068728988056137e+000  3.6594699030251832e-001  3.6594699030251832e-001  3.6594699030251832e-001  3.6594699030251832e-001  3.6594699030251832e-001  3.6594699030251832e-001  3.6594699030251832e-001  3.6594699030251832e-001  3.6594699030251832e-001  3.6594699030251832e-001  3.6594699030251832e-001  3.6594699030251832e-001
  7.9297122126472459e+000  5.1464904293036398e+000  3.3399931443955211e-001  3.3399931443955211e-001  3.3399931443955211e-001  3.3399931443955211e-001  3.3399931443955211e-001  3.3399931443955211e-001  3.3399931443955211e-001  3.3399931443955211e-001  3.3399931443955211e-001  3.3399931443955211e-001  3.3399931443955211e-001  3.3399931443955211e-001
  7.7394414785853769e+000  4.9707508710589536e+000  4.8906016178989375e-001  4.8906016178989375e-001  4.8906016178989375e-001  4.8906016178989375e-001  4.8906016178989375e-001  4.8906016178989375e-001  4.8906016178989375e-001  4.8347995157587320e-001  4.8347995157587320e-001  4.8347995157587320e-001  4.8347995157587320e-001  4.8347995157587320e-001
  7.4492725117320333e+000  5.0810204822103060e+000  4.5333426112028974e-001  4.5333426112028974e-001  4.5333426112028974e-001  4.5333426112028974e-001  4.5333426112028974e-001  4.5333426112028974e-001  4.5333426112028974e-001  4.5333426112028974e-001  4.5333426112028974e-001  4.5333426112028974e-001  4.5333426112028974e-001  4.5333426112028974e-001
  7.3436266743051419e+000  4.8747995686385366e+000  4.6236280975699628e-001  4.6236280975699628e-001  4.6236280975699628e-001  4.6236280975699628e-001  4.6236280975699628e-001  4.6236280975699628e-001  4.6236280975699628e-001  4.6236280975699628e-001  4.6236280975699628e-001  4.6236280975699628e-001  4.6236280975699628e-001  4.6236280975699628e-001
  7.7140104785330550e+000  5.3089365141991038e+000  5.4186630157551008e-001  5.4186630157551008e-001  5.4186630157551008e-001  5.4186630157551008e-001  5.4186630157551008e-001  5.4186630157551008e-001  5.4186630157551008e-001  5.4186630157551008e-001  5.4186630157551008e-001  5.4186630157551008e-001  5.4186630157551008e-001  5.4186630157551008e-001
  7.3908493511676170e+000  4.8311511988549682e+000  3.8819134251093601e-001  3.8819134251093601e-001  3.8819134251093601e-001  3.8819134251093601e-001  3.8819134251093601e-001  3.8819134251093601e-001  3.8819134251093601e-001  3.8819134251093601e-001  3.8819134251093601e-001  3.8819134251093601e-001  3.8819134251093601e-001  3.8819134251093601e-001
  7.7107593406456090e+000  5.0009821181388361e+000  4.4475414079556685e-001  4.4475414079556685e-001  4.4475414079556685e-001  4.4475414079556685e-001  4.4475414079556685e-001  4.4475414079556685e-001  4.4475414079556685e-001  4.4475414079556685e-001  4.4475414079556685e-001  4.4475414079556685e-001  4.4475414079556685e-001  4.4475414079556685e-001
  7.7169601205757772e+000  5.0913248496751748e+000  3.7753377895410267e-001  3.7753377895410267e-001  3.7753377895410267e-001  3.7753377895410267e-001  3.7753377895410267e-001  3.7753377895410267e-001  3.7753377895410267e-001  3.7753377895410267e-001  3.7753377895410267e-001  3.7753377895410267e-001  3.7753377895410267e-001  3.7753377895410267e-001
  7.5201439322561328e+000  5.1434965563446440e+000  4.6914763643235347e-001  4.6914763643235347e-001  4.6914763643235347e-001  4.6914763643235347e-001  4.6914763643235347e-001  4.6914763643235347e-001  4.6914763643235347e-001  4.6914763643235347e-001  4.6914763643235347e-001  4.6914763643235347e-001  4.6914763643235347e-001  4.6914763643235347e-001
  7.7254474663111523e+000  4.9201723381577267e+000  4.9395247430265954e-001  4.9395247430265954e-001  4.9395247430265954e-001  4.9395247430265954e-001  4.9395247430265954e-001  4.9395247430265954e-001  4.9395247430265954e-001  4.9395247430265954e-001  4.9395247430265954e-001  4.9395247430265954e-001  4.9395247430265954e-001  4.9395247430265954e-001
  6.9096949966988177e+000  4.9576479233712689e+000  4.3424851232362016e-001  4.3424851232362016e-001  4.3424851232362016e-001  4.3424851232362016e-001  4.3424851232362016e-001  4.3424851232362016e-001  4.3424851232362016e-001  4.3424851232362016e-001  4.3424851232362016e-001  4.3424851232362016e-001  4.3424851232362016e-001  4.3424851232362016e-001
  7.3286797142363866e+000  5.0048007631460223e+000  3.5928345092997915e-001  3.5928345092997915e-001  3.5928345092997915e-001  3.5928345092997915e-001  3.5928345092997915e-001  3.5928345092997915e-001  3.5928345092997915e-001  3.5928345092997915e-001  3.5928345092997915e-001  3.5928345092997915e-001  3.5928345092997915e-001  3.5928345092997915e-001
  7.1381049467438515e+000  5.0358089294863930e+000  4.8611630190339383e-001  4.8611630190339383e-001  4.8611630190339383e-001  4.8611630190339383e-001  4.8611630190339383e-001  4.8611630190339383e-001  4.8611630190339383e-001  4.8611630190339383e-001  4.8611630190339383e-001  4.8611630190339383e-001  4.8611630190339383e-001  4.8611630190339383e-001
  7.1247174064537830e+000  4.9389660254992123e+000  4.3796065549577179e-001  4.3591048322582537e-001  4.3591048322582537e-001  4.3591048322582537e-001  4.3591048322582537e-001  4.3591048322582537e-001  4.3591048322582537e-001  4.3591048322582537e-001  4.3591048322582537e-001  4.3591048322582537e-001  4.3591048322582537e-001  4.3591048322582537e-001
  7.5634542814696033e+000  5.0171831002255658e+000  3.9782431250660011e-001  3.9632721986731667e-001  3.9632721986731667e-001  3.9632721986731667e-001  3.9632721986731667e-001  3.9632721986731667e-001  3.9632721986731667e-001  3.9632721986731667e-001  3.9632721986731667e-001  3.9632721986731667e-001  3.9632721986731667e-001  3.9632721986731667e-001
  7.4847761726357476e+000  5.1012318299772232e+000  3.7093754598322448e-001  3.7093754598322448e-001  3.7093754598322448e-001  3.7093754598322448e-001  3.7093754598322448e-001  3.7093754598322448e-001  3.7093754598322448e-001  3.7093754598322448e-001  3.7093754598322448e-001  3.7093754598322448e-001  3.7093754598322448e-001  3.7093754598322448e-001
  7.5493395251025959e+000  4.5891829522067837e+000  3.4865729464263495e-001  3.4865729464263495e-001  3.4865729464263495e-001  3.4865729464263495e-001  3.4865729464263495e-001  3.4865729464263495e-001  3.4865729464263495e-001  3.4865729464263495e-001  3.4865729464263495e-001  3.4865729464263495e-001  3.4865729464263495e-001  3.4865729464263495e-001
  7.7460113151478254e+000  5.0682292988433346e+000  4.4515427780947903e-001  4.4515427780947903e-001  4.4515427780947903e-001  4.4515427780947903e-001  4.4515427780947903e-001  4.4515427780947903e-001  4.4515427780947903e-001  4.4515427780947903e-001  4.4515427780947903e-001  4.4515427780947903e-001  4.4515427780947903e-001  4.4515427780947903e-001
  7.6316206200012857e+000  5.1716992653671241e+000  4.2368863783349298e-001  4.2368863783349298e-001  4.2312518940047994e-001  4.2312518940047994e-001  4.2312518940047994e-001  4.2312518940047994e-001  4.2312518940047994e-001  4.2312518940047994e-001  4.2312518940047994e-001  4.2312518940047994e-001  4.2312518940047994e-001  4.2312518940047994e-001
  7.5391583359723882e+000  5.0985576399668844e+000  5.0715665955544864e-001  5.0715665955544864e-001  5.0715665955544864e-001  5.0715665955544864e-001  5.0715665955544864e-001  5.0715665955544864e-001  5.0715665955544864e-001  5.0715665955544864e-001  5.0715665955544864e-001  5.0715665955544864e-001  5.0715665955544864e-001  5.0715665955544864e-001
  7.5136510439901940e+000  4.9432233226227709e+000  4.4722752103075436e-001  4.4722752103075436e-001  4.4722752103075436e-001  4.4722752103075436e-001  4.4722752103075436e-001  4.4722752103075436e-001  4.4722752103075436e-001  4.4722752103075436e-001  4.4722752103075436e-001  4.4722752103075436e-001  4.4722752103075436e-001  4.4722752103075436e-001
  7.2275743643190253e+000  4.7345697737823684e+000  4.0465610811656916e-001  3.3415312742386050e-001  3.3415312742386050e-001  3.3415312742386050e-001  3.3415312742386050e-001  3.3415312742386050e-001  3.3415312742386050e-001  3.3415312742386050e-001  3.3415312742386050e-001  3.3415312742386050e-001  3.3415312742386050e-001  3.3415312742386050e-001
  7.9900550397203460e+000  5.1951991722858111e+000  3.4080349803139143e-001  3.4080349803139143e-001  3.4080349803139143e-001  3.4080349803139143e-001  3.4080349803139143e-001  3.4080349803139143e-001  3.4080349803139143e-001  3.4080349803139143e-001  3.4080349803139143e-001  3.4080349803139143e-001  3.4080349803139143e-001  3.4080349803139143e-001
  7.6829650572803985e+000  4.7336847687079171e+000  4.3555763328436115e-001  4.3555763328436115e-001  4.3555763328436115e-001  4.3555763328436115e-001  4.3555763328436115e-001  4.3555763328436115e-001  4.3555763328436115e-001  4.3555763328436115e-001  4.3555763328436115e-001  4.3555763328436115e-001  4.3555763328436115e-001  4.3555763328436115e-001
  7.5036019559809120e+000  5.0902934339428612e+000  4.1979029160256687e-001  4.1979029160256687e-001  4.1979029160256687e-001  4.1979029160256687e-001  4.1979029160256687e-001  4.1979029160256687e-001  4.1979029160256687e-001  4.1979029160256687e-001  4.1979029160256687e-001  4.1979029160256687e-001  4.1979029160256687e-001  4.1979029160256687e-001
  7.4123680976786090e+000  4.9740229456326688e+000  4.1398463802374863e-001  4.1398463802374863e-001  4.1398463802374863e-001  4.1398463802374863e-001  4.1398463802374863e-001  4.1398463802374863e-001  4.1398463802374863e-001  4.1398463802374863e-001  4.1398463802374863e-001  4.1398463802374863e-001  4.1398463802374863e-001  4.1398463802374863e-001
