  5.1683456904165134e+004  1.9464609939716509e+004  1.4158180428792446e+002  4.4232530308266746e+001  2.1038855807653079e+001  2.1038855807653079e+001  2.1038855807653079e+001  2.1038855807653079e+001  2.1038855807653079e+001  2.1038855807653079e+001  2.1038855807653079e+001  2.1038855807653079e+001  2.1038855807653079e+001  2.0643869629444680e+001
  5.8109127091313676e+004  1.9970523815332548e+004  1.3328278125487202e+002  9.5046644845160529e+001  8.8499993872250627e+001  5.4461818214066113e+001  5.4461818214066113e+001  5.4461818214066113e+001  5.4461818214066113e+001  5.4461818214066113e+001  5.4461818214066113e+001  5.4461818214066113e+001  5.4461818214066113e+001  5.4036470610509184e+001
  6.0820085168662925e+004  1.8093127769091810e+004  9.2863940621101392e+001  7.2141865582853939e+001  4.1537999732196454e+001  4.1537999732196454e+001  4.1537999732196454e+001  4.1537999732196454e+001  4.1537999732196454e+001  4.1537999732196454e+001  3.6383747550490341e+001  3.6383747550490341e+001  3.6383747550490341e+001  3.5967318266629377e+001
  4.0708802064685762e+004  1.8986460706458845e+004  9.1897130892257167e+001  7.0145964187946504e+001  4.0473059207718109e+001  4.0473059207718109e+001  4.0473059207718109e+001  4.0473059207718109e+001  4.0473059207718109e+001  4.0473059207718109e+001  3.5512349487957863e+001  3.5512349487957863e+001  3.5512349487957863e+001  3.5042780418907569e+001
  4.7794935281597747e+004  1.9201684298582397e+004  1.7248098169183731e+002  1.5031212603914310e+002  1.0091279104851708e+002  6.7740683315535534e+001  4.9093564383744592e+001  4.9093564383744592e+001  4.9093564383744592e+001  4.9093564383744592e+001  4.9093564383744592e+001  4.9093564383744592e+001  4.9093564383744592e+001  4.8776484318655719e+001
  3.9666487314758160e+004  1.8140293572827115e+004  9.8287911776603551e+001  7.7969162545578683e+001  7.2631772325716895e+001  4.1613096872660208e+001  4.1613096872660208e+001  4.1613096872660208e+001  4.1613096872660208e+001  4.1613096872660208e+001  4.1613096872660208e+001  4.1613096872660208e+001  4.1613096872660208e+001  4.1286497006146362e+001
  4.9574280259182662e+004  1.4219229528721027e+004  1.4057096729061630e+002  1.1177864612636768e+002  7.7824855723033352e+001  7.1123272252640106e+001  7.1123272252640106e+001  6.4169765703448604e+001  6.4169765703448604e+001  6.4169765703448604e+001  6.4169765703448604e+001  6.4169765703448604e+001  6.4169765703448604e+001  6.3628080358298064e+001
  5.4431592721054927e+004  2.2277266615164448e+004  1.4136106744292022e+002  1.2042694737136742e+002  1.0593438117501239e+002  7.6415507773926493e+001  7.6415507773926493e+001  7.6387244394548873e+001  5.0912993296860293e+001  4.5233089721976171e+001  4.5233089721976171e+001  4.5233089721976171e+001  4.5233089721976171e+001  4.4859804837595789e+001
  4.7782236784991233e+004  1.7581696460123188e+004  1.2519889928898397e+002  1.2157965264557163e+002  1.1876830956765673e+002  5.5527490618653076e+001  4.8678658939950310e+001  4.8678658939950310e+001  4.8678658939950310e+001  4.8678658939950310e+001  4.8678658939950310e+001  4.8678658939950310e+001  4.3450640746302042e+001  4.3115767967207717e+001
  5.3356803545364659e+004  1.7935568089329747e+004  9.0588755900264687e+001  7.1075279051870666e+001  4.0249545938369636e+001  2.8962643080962039e+001  2.8962643080962039e+001  2.8962643080962039e+001  2.8962643080962039e+001  2.8962643080962039e+001  2.8962643080962039e+001  2.8962643080962039e+001  2.8962643080962039e+001  2.8540869724760114e+001
  5.4243494950139073e+004  2.3349549622430339e+004  9.0653422567729308e+001  7.2086206962445601e+001  4.1630854535824938e+001  3.6363705256306218e+001  3.0107778322791603e+001  3.0107778322791603e+001  3.0107778322791603e+001  3.0107778322791603e+001  3.0107778322791603e+001  3.0107778322791603e+001  3.0107778322791603e+001  2.9514724461903256e+001
  5.1502399964354612e+004  1.8922196042401905e+004  1.3812730939182882e+002  1.0311380623929739e+002  1.0346612888510947e+001  0.0000000000000000e+000  0.0000000000000000e+000  0.0000000000000000e+000  0.0000000000000000e+000  0.0000000000000000e+000  0.0000000000000000e+000  0.0000000000000000e+000  0.0000000000000000e+000  0.0000000000000000e+000
  5.1357894367970599e+004  2.2504555794483411e+004  1.4938099056263263e+002  7.8124359958737500e+001  4.6804033918486084e+001  4.0878927208373113e+001  4.0878927208373113e+001  4.0878927208373113e+001  4.0878927208373113e+001  4.0878927208373113e+001  4.0878927208373113e+001  3.5697240318523313e+001  3.5697240318523313e+001  3.5371520928081338e+001
  6.8541334330077458e+004  2.0924742323889532e+004  9.3192408827726354e+001  7.2743334752971123e+001  4.1779001478216799e+001  4.1779001478216799e+001  4.1779001478216799e+001  4.1779001478216799e+001  4.1779001478216799e+001  4.1779001478216799e+001  4.1779001478216799e+001  4.1779001478216799e+001  4.1779001478216799e+001  4.1295003670078756e+001
  5.6302128921009542e+004  2.0338139923601189e+004  1.9137442348336606e+002  1.2566768114880642e+002  3.9866238547455168e+000  3.9866238547455168e+000  3.9866238547455168e+000  3.9866238547455168e+000  3.9866238547455168e+000  3.9866238547455168e+000  3.9866238547455168e+000  3.9866238547455168e+000  3.9866238547455168e+000  3.9866238547455168e+000
  5.7319659419265343e+004  1.9663787727368566e+004  9.6849090574605725e+001  7.3554961517569609e+001  6.7672534312880998e+001  6.1294779694602539e+001  3.6496585641825561e+001  3.6496585641825561e+001  3.6496585641825561e+001  3.6496585641825561e+001  3.6496585641825561e+001  3.6496585641825561e+001  3.6496585641825561e+001  3.6156973033980535e+001
  5.1434234002306359e+004  1.7695968004852122e+004  9.7566140660829888e+001  7.4913741316272308e+001  4.2271422866520084e+001  4.2271422866520084e+001  4.2271422866520084e+001  4.2271422866520084e+001  4.2271422866520084e+001  4.2271422866520084e+001  4.2271422866520084e+001  4.2271422866520084e+001  4.0699530334975861e+001  3.6225597117086238e+001
  5.4144709402294218e+004  2.0732388080736975e+004  1.4407291124433129e+002  5.1475853057508743e+001  2.3124143921876055e+001  2.3124143921876055e+001  2.3124143921876055e+001  2.3124143921876055e+001  2.3124143921876055e+001  2.3124143921876055e+001  2.3124143921876055e+001  2.3124143921876055e+001  2.3124143921876055e+001  1.6417901077112901e+001
  4.6919670696293892e+004  2.2331336872946857e+004  7.7878112997153380e+001  5.9094831793761045e+001  2.9672029733027500e+001  4.5451702795473352e+000  4.5451702795473352e+000  4.5451702795473352e+000  4.5451702795473352e+000  4.5451702795473352e+000  4.5451702795473352e+000  4.5451702795473352e+000  4.5451702795473352e+000  4.3846613769718488e+000
  5.3016114522568816e+004  1.5318576006879892e+004  1.4155591995520138e+002  1.1645936446137659e+002  7.9354916861256299e+001  4.3293320181270758e+001  3.8389703759892711e+001  3.8389703759892711e+001  3.8389703759892711e+001  3.8389703759892711e+001  3.8389703759892711e+001  3.8389703759892711e+001  3.8389703759892711e+001  3.7914459351167181e+001
  5.8267183569926026e+004  1.7188817812400448e+004  9.7450399908963675e+001  7.5957534184060478e+001  4.4199291352507657e+001  4.4199291352507657e+001  4.4199291352507657e+001  4.4199291352507657e+001  4.4199291352507657e+001  4.4199291352507657e+001  4.4199291352507657e+001  3.7959436118265103e+001  3.7959436118265103e+001  3.7622537016478361e+001
  5.2270743630443067e+004  1.8692661084864671e+004  9.5036873644964373e+001  7.3654909833323302e+001  4.2351266823727656e+001  4.2351266823727656e+001  4.2351266823727656e+001  4.2351266823727656e+001  4.2351266823727656e+001  4.2351266823727656e+001  4.2351266823727656e+001  4.2351266823727656e+001  4.2351266823727656e+001  4.1935742099321146e+001
  5.8686909754200366e+004  1.9388910114676069e+004  1.5012947167993798e+002  6.2541097274473827e+001  3.0787367609724470e+001  3.6251296688723755e+000  3.6251296688723755e+000  3.6251296688723755e+000  3.6251296688723755e+000  3.6251296688723755e+000  3.6251296688723755e+000  3.6251296688723755e+000  3.6725773110958926e-002  2.3779912846009665e-002
  5.0135206251591764e+004  2.0565449121237300e+004  1.2136464855018107e+002  1.2136464855018107e+002  6.5884302677387552e+001  6.0600142220934003e+001  6.0600142220934003e+001  6.0600142220934003e+001  6.0600142220934003e+001  6.0600142220934003e+001  6.0600142220934003e+001  6.0600142220934003e+001  6.0600142220934003e+001  5.9974618237571235e+001
  5.6540276132495375e+004  1.8561661871237295e+004  1.7630925717205980e+002  1.7630925717205980e+002  6.3783754574772615e+001  2.9016133880042105e+001  2.9016133880042105e+001  2.9016133880042105e+001  2.9016133880042105e+001  2.3757171057732137e+001  2.3757171057732137e+001  2.3757171057732137e+001  1.7658090496927400e+001  1.7223522539379303e+001
  4.9626287417648637e+004  1.5949563923744992e+004  1.9775411532812632e+002  1.5950191416437406e+002  6.8725766833615580e+001  6.8725766833615580e+001  3.8698379101921375e+001  3.8698379101921375e+001  3.3053174072596335e+001  3.3053174072596335e+001  3.3053174072596335e+001  3.3053174072596335e+001  3.3053174072596335e+001  3.2692309859084162e+001
  4.7117192735462522e+004  1.8482246248507996e+004  9.3659014387349714e+001  7.2110367279230843e+001  7.2110367279230843e+001  4.0610066505748762e+001  3.4076267906065709e+001  3.4076267906065709e+001  3.4076267906065709e+001  3.4076267906065709e+001  3.4076267906065709e+001  2.8490661183251291e+001  2.8490661183251291e+001  2.8036968831080912e+001
  6.4072654537875649e+004  2.0671905494560902e+004  9.6074166892000960e+001  9.5908851369811089e+001  7.2093792986054325e+001  6.0059017636313172e+001  6.0059017636313172e+001  6.0059017636313172e+001  6.0059017636313172e+001  6.0059017636313172e+001  6.0059017636313172e+001  6.0059017636313172e+001  6.0059017636313172e+001  5.9556535050419086e+001
  5.5702990505719623e+004  2.0619104792982358e+004  2.0557460921697441e+002  1.2958827435423791e+002  1.2389679091675976e+002  7.0301963632539014e+001  5.9403499452162180e+001  5.9403499452162180e+001  5.9403499452162180e+001  5.9403499452162180e+001  5.9403499452162180e+001  5.9403499452162180e+001  5.9403499452162180e+001  5.9031259480723349e+001
  5.0851047486462434e+004  1.6432792767639432e+004  1.1857572602083860e+002  9.5323154306849005e+001  8.3910010551223763e+001  5.0600938026869642e+001  3.9140463780145410e+001  3.9140463780145410e+001  3.9140463780145410e+001  3.9140463780145410e+001  3.9140463780145410e+001  3.9140463780145410e+001  3.9140463780145410e+001  3.8723077685851308e+001
  5.3203168215638922e+004  1.8845753408380286e+004  2.2634219788043902e+002  1.0637790720932395e+002  6.4232889771182386e+001  6.4232889771182386e+001  6.4232889771182386e+001  6.4232889771182386e+001  6.4232889771182386e+001  6.4232889771182386e+001  6.4232889771182386e+001  6.4232889771182386e+001  6.4232889771182386e+001  6.3681483723192002e+001
  5.1694351484347135e+004  2.1239709864400578e+004  9.1863990850362939e+001  6.8166657239613528e+001  3.8424137304644432e+001  3.8424137304644432e+001  3.8424137304644432e+001  3.8424137304644432e+001  3.8424137304644432e+001  3.1492380678283837e+001  3.1492380678283837e+001  3.1492380678283837e+001  3.1492380678283837e+001  3.1007152407067224e+001
  5.3533577305260289e+004  1.9657133509323179e+004  1.4386346164013946e+002  1.0387157132570951e+002  5.8876100702059944e+000  5.8876100702059944e+000  5.8876100702059944e+000  5.8876100702059944e+000  5.8876100702059944e+000  7.1596845892736383e-001  7.1596845892736383e-001  0.0000000000000000e+000  0.0000000000000000e+000  0.0000000000000000e+000
  5.4726536538596309e+004  2.1275320626893350e+004  1.3896808425137374e+002  4.7395141521735127e+001  1.8518472337931428e+001  1.8518472337931428e+001  1.2930697309282948e+001  1.2930697309282948e+001  1.2930697309282948e+001  1.2930697309282948e+001  1.2930697309282948e+001  1.2930697309282948e+001  1.2930697309282948e+001  1.2603372850131393e+001
  6.2057833670237553e+004  2.1810339550806981e+004  9.5902781481424427e+001  7.2811411216800082e+001  4.3299405023844997e+001  2.5621904947867677e+001  2.5621904947867677e+001  2.5621904947867677e+001  2.5621904947867677e+001  2.5621904947867677e+001  2.5621904947867677e+001  2.5621904947867677e+001  2.5621904947867677e+001  9.2306153738093712e+000
  5.6109057643575099e+004  2.1018721079085666e+004  9.5371197092536249e+001  7.4358384026339593e+001  7.4358384026339593e+001  3.7059555687615841e+001  3.7059555687615841e+001  3.7059555687615841e+001  3.7059555687615841e+001  3.7059555687615841e+001  3.7059555687615841e+001  3.7059555687615841e+001  3.7059555687615841e+001  3.6328546802912342e+001
  5.4410120407421404e+004  2.1016525685858942e+004  9.3831890867867912e+001  7.1928471355644547e+001  7.1928471355644547e+001  7.0846680751933150e+001  7.0846680751933150e+001  7.0846680751933150e+001  7.0846680751933150e+001  7.0846680751933150e+001  7.0846680751933150e+001  7.0846680751933150e+001  7.0846680751933150e+001  7.0556340151788675e+001
  4.7942125614843040e+004  2.1478628320811378e+004  1.4860092764882404e+002  1.4860092764882404e+002  6.6505939463094933e+001  3.6521902513410339e+001  3.6521902513410339e+001  3.6521902513410339e+001  3.6521902513410339e+001  3.6521902513410339e+001  3.6521902513410339e+001  3.6521902513410339e+001  3.1230591591539451e+001  3.0808512809843876e+001
  4.8252603688345451e+004  1.8856939466759526e+004  1.7470291374965825e+002  9.7459519550941195e+001  9.1399959506846187e+001  5.3632938465809048e+001  5.3632938465809048e+001  5.3632938465809048e+001  5.3632938465809048e+001  5.3632938465809048e+001  5.3632938465809048e+001  5.3632938465809048e+001  5.3632938465809048e+001  5.3263847446038653e+001
  5.5042800257197778e+004  2.0494210789712848e+004  7.8919086637595001e+001  5.9079203861820815e+001  5.9079203861820815e+001  5.9079203861820815e+001  4.7867471567374650e+001  4.7867471567374650e+001  4.2041243308542732e+001  4.2041243308542732e+001  4.2041243308542732e+001  4.2041243308542732e+001  4.2041243308542732e+001  4.1729671319240992e+001
  5.7166418308824657e+004  1.9658389658631779e+004  8.0475037473819384e+001  5.8885053872919684e+001  2.9393861255224294e+001  2.9393861255224294e+001  2.9393861255224294e+001  2.9393861255224294e+001  2.9393861255224294e+001  2.9393861255224294e+001  2.9393861255224294e+001  2.9393861255224294e+001  2.9393861255224294e+001  2.3494604507452550e+001
  5.4596946415995117e+004  2.0148707470886089e+004  1.4434188563598059e+002  1.0718103402142566e+002  1.2052278943218596e+001  1.2052278943218596e+001  1.2052278943218596e+001  1.2052278943218596e+001  1.2052278943218596e+001  1.2052278943218596e+001  1.2052278943218596e+001  1.2052278943218596e+001  1.2052278943218596e+001  1.1602984647310791e+001
  4.9870462963502294e+004  1.7222215418938547e+004  1.3617637413723344e+002  9.6624926341443938e+001  0.0000000000000000e+000  0.0000000000000000e+000  0.0000000000000000e+000  0.0000000000000000e+000  0.0000000000000000e+000  0.0000000000000000e+000  0.0000000000000000e+000  0.0000000000000000e+000  0.0000000000000000e+000  0.0000000000000000e+000
  3.6077166023952173e+004  2.0541437369483821e+004  9.1267762140883349e+001  6.9356704881242536e+001  6.8867374022295166e+001  4.5669363170500617e+001  4.5669363170500617e+001  4.5669363170500617e+001  4.5669363170500617e+001  4.5669363170500617e+001  4.5669363170500617e+001  4.5669363170500617e+001  4.5669363170500617e+001  4.5279397582486752e+001
  5.8463933812202769e+004  2.1213376875066708e+004  1.4119204628658224e+002  1.1233109891885124e+002  7.6886134189453401e+001  6.6595033952438484e+001  6.6595033952438484e+001  6.6595033952438484e+001  6.4816790339770591e+001  6.4816790339770591e+001  6.4816790339770591e+001  5.8007161952585648e+001  5.8007161952585648e+001  5.7594652120417891e+001
  5.4852263469812497e+004  1.9843526922938701e+004  2.0019840359436921e+002  9.7787643735331812e+001  4.2304745216483752e-003  4.2304745216483752e-003  4.2304745216483752e-003  4.2304745216483752e-003  4.2304745216483752e-003  4.2304745216483752e-003  4.2304745216483752e-003  4.2304745216483752e-003  4.2304745216483752e-003  3.6322180646948254e-003
  5.2805474526418264e+004  1.8375937580778045e+004  1.4100515901015149e+002  1.1668617213074276e+002  8.0909423676141500e+001  7.6030853815011824e+001  4.3962996264757351e+001  4.3962996264757351e+001  4.3962996264757351e+001  4.3962996264757351e+001  4.3962996264757351e+001  4.3962996264757351e+001  4.3962996264757351e+001  4.3473904893202814e+001
  5.1474763558369705e+004  1.7318599774867256e+004  9.6164890534584288e+001  7.3148715911538375e+001  4.1073290743565792e+001  3.5176385740712078e+001  3.5176385740712078e+001  3.5176385740712078e+001  3.5176385740712078e+001  3.5176385740712078e+001  3.5176385740712078e+001  3.5176385740712078e+001  3.5176385740712078e+001  2.8379872203695527e+001
  4.6230529595847984e+004  1.9019453233073218e+004  2.0205469868083992e+002  1.4699707765606240e+002  6.6246797029926881e+001  4.2197737304307111e+001  4.2197737304307111e+001  4.2197737304307111e+001  4.2197737304307111e+001  4.2197737304307111e+001  4.2197737304307111e+001  4.2197737304307111e+001  4.2197737304307111e+001  4.1874598403862763e+001
  5.2029522774257930e+004  2.1156279729557471e+004  1.4732375006827840e+002  1.0658080841666219e+002  3.9870098264314038e+000  3.9870098264314038e+000  3.9870098264314038e+000  3.9870098264314038e+000  3.9870098264314038e+000  3.9870098264314038e+000  3.9870098264314038e+000  3.9870098264314038e+000  3.9870098264314038e+000  3.9869379176365669e+000
  5.7566124621283576e+004  1.7872662053183489e+004  1.8696852556769397e+002  1.5333648966492490e+001  1.5333648966492490e+001  0.0000000000000000e+000  0.0000000000000000e+000  0.0000000000000000e+000  0.0000000000000000e+000  0.0000000000000000e+000  0.0000000000000000e+000  0.0000000000000000e+000  0.0000000000000000e+000  0.0000000000000000e+000
