  7.6950851835258520e+008  4.6121819101228839e+008  1.5596318020476043e+008  2.2936839803198422e+006  3.3780547194881714e+005  1.3818954739819316e+005  1.3780283921602549e+005  1.2868263715441663e+005  5.8972077077102025e+004  4.3239560177416963e+004  6.8229759946692984e+003  6.4935513775874279e+003  3.7182414127552720e+003  3.7182414127552720e+003
  6.5027593936410725e+008  3.6406816387220663e+008  3.1631514907598710e+008  7.3726334593572805e+005  3.0670455195908173e+005  1.5725076731627807e+005  1.5725076731627807e+005  1.5725076731627807e+005  1.5725076731627807e+005  1.3272202686680324e+005  6.8959613886496387e+004  6.0673784049107999e+004  6.0673784049107999e+004  1.1155247667550246e+004
  4.5067645489904314e+008  3.8325109789627010e+008  3.4759834255101764e+008  3.2586766840673966e+005  2.4740789985463364e+005  2.4740789985463364e+005  2.4740789985463364e+005  2.4740789985463364e+005  1.7985830839411126e+005  1.6187055572072126e+005  4.1489793953252512e+004  4.0185564507626987e+004  8.6902647752164412e+003  6.2375691012354355e+003
  4.0539485286379713e+008  3.4065275972056276e+008  1.7355321957471129e+008  2.0051124256753495e+006  8.9485512929261557e+005  4.6560204072280671e+005  4.6560204072280671e+005  2.8764715125176701e+005  1.5283944560406322e+005  1.5283944560406322e+005  1.3544404766350999e+005  1.3475042681973544e+005  1.3475042681973544e+005  1.3472560701442725e+005
  9.6082233296515417e+008  4.7131045104897141e+008  2.4646364822646832e+008  2.3453993780269735e+006  7.5696006876372581e+005  4.6697332001040137e+005  1.5715368952656956e+005  1.5715368952656956e+005  9.9752774768886055e+004  3.6610201919137638e+004  3.1244456595542968e+004  2.9287501019620649e+004  2.6258007714165473e+004  2.5474184745839753e+004
  7.8167058854000139e+008  5.4650056840766394e+008  2.9436248285081893e+008  8.4566656175328593e+005  4.9109491545928724e+005  4.9109491545928724e+005  4.9109491545928724e+005  3.9665711054437171e+005  3.9665711054437171e+005  2.6925289479006646e+005  2.6925289479006646e+005  2.6925289479006646e+005  9.0307918665641686e+004  3.0767687166601772e+004
  8.6286706548698854e+008  3.1834144693679160e+008  3.0111235243676084e+008  4.1711877949235649e+006  1.1519428542065569e+006  1.7544878984098742e+005  6.5863276551245843e+004  6.5863276551245843e+004  6.5863276551245843e+004  6.0646324830273472e+004  4.6101995988183400e+004  4.6101995988183400e+004  4.6101995988183400e+004  4.6101995988183400e+004
  4.4111781974244618e+008  3.4446447570927107e+008  2.7448322469378096e+008  1.5344791975652077e+006  9.1479252354441665e+005  2.9003363726719737e+005  2.9003363726719737e+005  2.9003363726719737e+005  1.2488671851089654e+005  2.6072927541181722e+004  2.6072927541181722e+004  2.5962252870639040e+004  7.4981622924834801e+003  4.0832947842904287e+003
  9.7509298065282547e+008  4.3003664821377993e+008  3.7579002595582354e+008  6.6849087382171657e+006  1.1527284055275470e+006  8.4003084553903798e+004  8.3878970368114111e+004  8.3878970368114111e+004  1.3584727988231956e+004  1.3584727988231956e+004  1.3584727988231956e+004  1.3584727988231956e+004  1.2749819655179306e+004  1.2749819655179306e+004
  5.5263680952445495e+008  3.1890179210619354e+008  2.2190165167825782e+008  7.4132414376250748e+005  7.4132414376250748e+005  7.4132414376250748e+005  3.2713195405276632e+005  1.7672941193430938e+005  1.7672941193430938e+005  1.7672941193430938e+005  1.3699255312610732e+005  1.2254207452021455e+005  1.2254207452021455e+005  1.2254207452021455e+005
  5.6994046049570394e+008  2.3780023743493241e+008  2.1589489919772977e+008  5.7085949749742746e+006  2.0713077839825584e+006  4.4758398383100535e+005  4.4758398383100535e+005  4.4758398383100535e+005  4.4758398383100535e+005  1.6739733051531098e+005  7.2322916749731521e+004  3.1058159089825265e+004  2.9456806659006892e+004  1.4608440955711019e+004
  4.2227739891031748e+008  4.1586632062270355e+008  3.9791740737243176e+008  1.6023384428114470e+006  1.6023384428114470e+006  3.3095666497743805e+005  1.6955814724171307e+005  9.1583320558540727e+004  9.1583320558540727e+004  8.4316178926836277e+004  7.8492708249942210e+004  7.8492708249942210e+004  5.1682915941951862e+004  5.1682915941951862e+004
  8.4438424375405717e+008  5.3868485382819474e+008  3.6661345405647582e+008  9.4421296421221201e+005  4.7225357315040240e+005  1.4532469939993919e+005  1.4532469939993919e+005  1.1792901201976223e+005  1.0282066943347997e+005  1.0282066943347997e+005  1.0282066943347997e+005  1.0282066943347997e+005  1.0282066943347997e+005  1.0282066943347997e+005
  9.0412568582278502e+008  4.2578204562242067e+008  4.1440202564679193e+008  2.4708340218733200e+006  7.7108039308507624e+005  7.7108039308507624e+005  6.5712187566763279e+005  2.8188122883901134e+005  2.8188122883901134e+005  2.0620212494194525e+005  1.4932800511767538e+005  1.4932800511767538e+005  1.4857381709736722e+005  1.4839034096144463e+005
  8.1546211681093061e+008  4.8117916622783327e+008  2.5301165940259042e+008  3.8534580312914820e+006  8.2516579909701808e+005  2.5593783565567210e+005  2.5593783565567210e+005  2.5593783565567210e+005  2.1417003963584977e+005  2.1417003963584977e+005  2.1417003963584977e+005  2.1417003963584977e+005  1.4820893247850522e+005  6.3683440806647022e+003
  1.1062319894893277e+009  3.7734890716675389e+008  3.3959512529709834e+008  6.0765615684296540e+005  1.7787589166379452e+005  1.7639790537853632e+005  1.7639790537853632e+005  1.7603337836344494e+005  1.7603337836344494e+005  1.7603337836344494e+005  1.7603337836344494e+005  1.7556933185968193e+005  8.0245051115514609e+004  6.0352580587030978e+004
  6.8632126339709961e+008  2.9742215895239413e+008  2.6384391381330603e+008  2.0996336951270793e+006  1.0936826561084322e+006  1.4783824506775074e+004  1.4783824506775074e+004  1.4783824506775074e+004  1.4663848368357048e+004  8.0797454066031196e+003  8.0797454066031196e+003  8.0797454066031196e+003  8.0797454066031196e+003  8.0797454066031196e+003
  8.3163047291997910e+008  4.9024648369174820e+008  3.0600785863752741e+008  1.9770403323049764e+006  2.0222481160662547e+005  1.6111955139423910e+004  1.3624106630786418e+004  1.3599335928237912e+004  1.3599335928237912e+004  1.3599335928237912e+004  5.0829172494040486e+003  3.2953433958242599e+003  2.0145350261833337e+003  1.7167053032145063e+003
  5.1629945307776362e+008  3.4410387589811093e+008  1.5476827917142659e+008  5.2775432711484400e+005  1.6704337357006123e+005  1.6661759958935427e+005  1.6661759958935427e+005  6.2844088213142801e+004  5.3273987975437340e+004  5.3239158985842616e+004  5.3239158985842616e+004  5.3239158985842616e+004  5.3239158985842616e+004  1.4980903786488660e+004
  9.1123911949052060e+008  4.0978990403544021e+008  3.0636390257066101e+008  1.5648100844021630e+006  5.5017399726971739e+005  3.0630728238373896e+005  3.0630728238373896e+005  3.0630728238373896e+005  2.0400428159440379e+005  8.2263158939522880e+004  3.9139065670466698e+004  2.0249166227432375e+004  2.0222141909443857e+004  2.0222141909443857e+004
  7.4806561440177464e+008  3.7318377796747023e+008  2.2818170115447849e+008  2.0146676858569949e+006  5.5234441219481919e+005  5.4656348513464305e+004  5.4656348513464305e+004  5.3905283132008284e+004  5.3288937857537858e+004  5.1338706738428518e+004  4.8113678263251968e+004  4.4862975079661395e+004  4.4745890887498725e+004  4.4745890887498725e+004
  7.3655318235260367e+008  4.1213847436516881e+008  2.8195224719743961e+008  1.2311120969454907e+007  1.1322967520515753e+006  4.3355978296563769e+005  4.3355978296563769e+005  1.6006536935804045e+005  1.6006536935804045e+005  1.6001391533726899e+005  7.6212362507963015e+004  7.5203348897870237e+004  7.5203348897870237e+004  7.5196386094136295e+004
  7.8850978591224575e+008  2.3393833088557753e+008  1.8855853789553624e+008  4.7428217576737225e+005  3.7927007357603830e+005  3.7927007357603830e+005  1.0379686978307525e+005  1.0379686978307525e+005  1.0379686978307525e+005  1.0379686978307525e+005  4.4937317377494495e+004  3.9611873139578027e+004  3.9611873139578027e+004  3.6392224718884114e+004
  7.1106419843290138e+008  4.2690350214649290e+008  2.9565127374310732e+008  1.1146472175890852e+006  5.5065683484138700e+005  6.3392177456805337e+004  1.0108087065511676e+004  1.0108087065511676e+004  1.0108087065511676e+004  9.5244454421132978e+003  9.5244454421132978e+003  9.5244454421132978e+003  9.2252309216208760e+003  8.8519528557089598e+003
  4.9437355404991543e+008  4.9437355404991543e+008  3.3939655552940005e+008  3.0348006406456586e+006  1.6529325031780736e+006  9.3032549416501017e+005  3.6278434536607360e+005  1.9458983729379834e+005  1.9256851069235458e+005  1.9256851069235458e+005  1.4567239715585540e+005  1.3461864564222778e+005  8.2407410338853238e+004  8.1916194534661176e+004
  6.8505253098429227e+008  4.6773793478639704e+008  2.5009068471629900e+008  4.1202922602734533e+006  1.3894266731650496e+006  1.3894266731650496e+006  4.4849055455721292e+005  3.1073739834315999e+005  5.0265407577750579e+004  5.0265407577750579e+004  4.4514112835879634e+004  4.4514112835879634e+004  4.4514112835879634e+004  4.4514112835879634e+004
  6.9519510621977651e+008  2.6927246060519725e+008  2.3086085840569767e+008  2.8360126680879099e+006  2.8360126680879099e+006  2.8360126680879099e+006  2.5633873095318835e+005  2.5633873095318835e+005  2.5633873095318835e+005  3.3127363171873971e+004  6.2818889810838136e+003  4.1449015149079960e+003  4.1449015149079960e+003  4.1449015149079960e+003
  6.9045981306920004e+008  4.4393987056019574e+008  2.7684770286932898e+008  3.8614921734405886e+006  2.1278616183864921e+006  1.0877093849878163e+005  1.0877093849878163e+005  1.0877093849878163e+005  1.0877093849878163e+005  1.0877093849878163e+005  5.9343403973252884e+004  5.9343403973252884e+004  2.6977724409237071e+004  2.6977724409237071e+004
  6.2996076399077141e+008  3.7153266530018586e+008  3.5893136129136956e+008  5.4777890652788095e+006  5.1462422123943856e+006  1.0075645905105749e+006  6.2343776319027389e+005  3.4855626400003588e+005  3.0908397786001512e+005  2.9598583985772694e+005  9.4597148094428514e+004  8.4602631425497661e+004  8.4602631425497661e+004  3.5756461741784893e+004
  6.7235403516780615e+008  4.6286840000772661e+008  3.5998101528692871e+008  6.0629016780464095e+005  4.2738238478305790e+005  1.8182266221312099e+005  1.6126998696984010e+005  1.5045490384221182e+005  9.0442203862966620e+004  9.0442203862966620e+004  9.0239903507840267e+004  9.0239903507840267e+004  9.0239903507840267e+004  8.9636728934570972e+004
  5.5876764889752543e+008  3.8697873197684193e+008  3.8038705588421184e+008  2.5706389477695473e+006  2.5706389477695473e+006  2.2312376258091308e+005  2.2312376258091308e+005  2.2299906218092723e+005  2.1933800801122130e+005  2.1933800801122130e+005  1.1536412468807415e+005  1.1536412468807415e+005  1.1536412468807415e+005  1.1536343661514096e+005
  5.4627545740058839e+008  3.8340475737677795e+008  3.6097494600811893e+008  3.4872339634703677e+006  1.2574500113848136e+006  6.7787968553655350e+005  6.7723926920139114e+005  4.5998147873868328e+005  4.5998147873868328e+005  4.5360296675775037e+005  2.2059379535234571e+005  2.2052821836521651e+005  2.2052821836521651e+005  2.2052821836521651e+005
  6.9835837722831643e+008  2.5483173130622452e+008  2.5449375513913292e+008  1.6900745560976078e+006  7.9604971487103205e+005  3.8854349252471304e+005  1.0787147359338972e+005  1.0787147359338972e+005  1.0787147359338972e+005  8.0687703822651310e+004  7.8342497929087811e+004  7.8028005116659304e+004  2.7082298065077674e+004  2.5174740676062826e+004
  5.7770734667129159e+008  2.3979157026400426e+008  2.3707040837063292e+008  4.8839007541183028e+006  1.0726128959101122e+006  3.1516580007631099e+005  1.9182776948369734e+005  1.9182776948369734e+005  9.2661066958721305e+004  9.2465405711113635e+004  9.2465405711113635e+004  9.2465405711113635e+004  6.6521195694398935e+004  6.6521195694398935e+004
  7.3045460450880897e+008  4.7837320061382180e+008  3.2151289772499055e+008  3.4974030756107327e+006  6.9592344287799892e+005  6.6584369253931000e+004  6.6584369253931000e+004  2.1721142710045482e+004  1.7483032892998574e+004  8.7342973253798718e+003  3.9646994559133423e+003  3.7688441154341390e+003  3.7688441154341390e+003  3.7688441154341390e+003
  8.2223339448727214e+008  3.4701153147744042e+008  3.4701153147744042e+008  1.2356664714644919e+006  4.9870653695931874e+005  4.9870653695931874e+005  3.1279879614717769e+005  3.1270638272006274e+005  2.2359884032567783e+005  2.2359884032567783e+005  2.2359884032567783e+005  8.2509737664756161e+004  4.8794849428545655e+004  4.1846392135078131e+004
  4.6134379440538669e+008  4.6134379440538669e+008  3.6100477328681767e+008  3.2547749886847236e+006  9.6702487512728607e+005  9.6702487512728607e+005  7.3525300504299905e+005  4.3989322915686539e+005  4.3251212864720968e+004  4.3251212864720968e+004  4.3251212864720968e+004  4.3251212864720968e+004  4.3251212864720968e+004  3.8125999757071848e+004
  5.0250330783424723e+008  3.4720154632040948e+008  2.5444484747148594e+008  2.1163975796484561e+006  1.4616138422761369e+006  2.8987364731345675e+005  2.0822958174124215e+005  2.0822958174124215e+005  1.0754425992778082e+005  6.2711388441768970e+004  3.4754464825680450e+004  3.4661995461320068e+004  2.0036309130716683e+004  2.0036309130716683e+004
  6.7830046409993970e+008  5.6836663651312828e+008  3.4599840479716182e+008  1.0285181378513810e+006  7.3073581705940561e+005  7.3073581705940561e+005  7.3073581705940561e+005  2.8068779164883320e+005  2.2003402580809579e+005  2.2003402580809579e+005  2.2003402580809579e+005  2.2003402580809579e+005  2.2003402580809579e+005  2.0183334083019858e+005
  7.5760699849148381e+008  3.5887849129857767e+008  2.9233665702740449e+008  1.5425272059792697e+006  5.3869149477159698e+005  4.5387342321735981e+005  4.5387342321735981e+005  1.8128328514623811e+005  1.8128328514623811e+005  4.1056255587909756e+004  4.1056255587909756e+004  4.0396139959365908e+004  4.0396139959365908e+004  4.0396139959365908e+004
  7.1118569497494841e+008  3.2284651811358392e+008  1.9143971106073195e+008  1.9068220965636200e+006  8.2627048228873766e+005  3.6786455764659570e+005  1.7752201138105473e+005  6.2014955578113841e+004  6.0697126184907589e+004  2.2925846396927984e+004  2.2683515419762021e+004  2.2683515419762021e+004  2.2683515419762021e+004  1.3524410354675361e+004
  5.0083836103323478e+008  3.1351831409280926e+008  3.0956114723610079e+008  7.8229787230041099e+005  7.8229787230041099e+005  6.5106730916184315e+005  5.3379804207359976e+005  5.3379804207359976e+005  1.3103358997987321e+005  1.3103358997987321e+005  9.3937068304889210e+004  4.7486279172681978e+004  2.9916145228455538e+004  2.2707576702836213e+004
  8.2345358382412708e+008  4.8125631271077430e+008  3.8407338408441764e+008  1.9474733067799313e+006  3.5925787786846311e+005  8.8288709517303621e+004  8.8288709517303621e+004  8.8288709517303621e+004  4.3743838103765025e+004  2.5462853281006737e+004  2.5382906172237908e+004  2.5379645975506435e+004  2.5379645975506435e+004  2.5379645975506435e+004
  5.9557680675600111e+008  4.1276461318384922e+008  2.2335547134549040e+008  5.4319739057508186e+006  8.2775530844472826e+005  4.1228265327270102e+005  4.1083207860547741e+005  6.0072696200747574e+004  4.3051715031629159e+004  4.3051715031629159e+004  4.3051715031629159e+004  4.3037393257947100e+004  4.3037393257947100e+004  4.3037393257947100e+004
  3.6262644902605069e+008  2.9421083197882122e+008  2.3559025180842596e+008  6.3843786499041668e+005  1.9092017357227343e+005  1.9092017357227343e+005  1.9092017357227343e+005  1.9092017357227343e+005  1.9092017357227343e+005  1.9092017357227343e+005  1.4641317152197135e+005  8.5447963860171221e+004  4.2830574144994003e+004  4.2830574144994003e+004
  7.9297045038401198e+008  4.2567277554628700e+008  2.9307872076189357e+008  1.8102882036709792e+006  4.6392204770221520e+005  2.0313764160995113e+005  2.0313764160995113e+005  1.5639958858966845e+005  1.0922772406530290e+005  1.0922772406530290e+005  1.0895538321331442e+005  1.0895538321331442e+005  1.0895538321331442e+005  1.0879176520903017e+005
  8.8901669386937773e+008  3.6369193632694560e+008  2.5418211747269174e+008  1.8292648037088613e+006  1.0769394872805465e+006  1.1408200439388676e+005  1.1408200439388676e+005  1.1408200439388676e+005  1.1408200439388676e+005  1.1408200439388676e+005  1.1408200439388676e+005  1.1408200439388676e+005  1.1408200439388676e+005  1.1408200439388676e+005
  5.6008120014417851e+008  3.9145130194625372e+008  2.8463380700236410e+008  7.6113282547497777e+006  5.0201015540147899e+006  3.7440285960755771e+005  9.7259245006166922e+004  9.7259245006166922e+004  6.5834150814002554e+004  6.5834150814002554e+004  6.5834150814002554e+004  6.5834150814002554e+004  1.5023602227465455e+004  1.1002109959441397e+004
  5.4718997033181489e+008  4.0545693364560980e+008  1.7751641045594752e+008  6.2332551448350074e+005  3.8619267165266484e+005  2.1013225594446468e+005  1.2311697144648319e+005  1.2311697144648319e+005  1.2311697144648319e+005  8.9933495615051754e+004  8.7855768221896156e+004  8.6884030599403326e+004  8.6884030599403326e+004  8.6884030599403326e+004
  8.4461895772194028e+008  6.6054201986847603e+008  3.0911240585076904e+008  1.5163173633523493e+006  9.7800840469454322e+005  4.6268528760854468e+004  4.3993527174363400e+004  4.2887156245158221e+004  4.2874398124660489e+004  2.7517615654624762e+004  2.0627032908494890e+004  1.6682509327975360e+004  1.6682509327975360e+004  1.1925588642981185e+004
  3.7668832867923921e+008  3.7170683733913487e+008  2.8770484306621313e+008  1.4115635100284207e+006  5.5556318814347940e+005  3.2687521574298479e+005  1.7776104185614592e+005  1.7752905828191093e+005  1.7752905828191093e+005  1.7730390398543281e+005  1.4349789778795614e+005  1.4349789778795614e+005  4.9881576593450023e+004  3.0466418962176656e+004
