  2.3904475305533446e+007  2.3904475305533446e+007  1.2821937863629466e+007  9.8141677504342239e+004  7.8138196267643711e+004  1.3100329320024983e+004  1.2480580594989089e+004  8.1248681537807570e+003  4.2873442186505408e+003  4.1738878579893662e+003  4.1041116704101651e+003  4.0624095979279327e+003  4.0419129182218003e+003  4.0419129182218003e+003
  2.6347779431396395e+007  1.5858553831793493e+007  1.5854314664210480e+007  4.6445976073291647e+004  2.1668784099638797e+004  1.0183881273293067e+004  9.0331620815916813e+003  6.7790397339600368e+003  6.2954231101230744e+003  6.2800435765805832e+003  6.2727062391891559e+003  6.2663824116780543e+003  6.1002431664855703e+003  6.0411379967189141e+003
  3.9205261710600972e+007  2.0254856116717704e+007  2.0254770941804480e+007  7.5164396515048371e+004  3.6834432576241976e+004  1.0976178776016510e+004  1.0703565375861037e+004  1.0699765479817494e+004  1.0696515018189992e+004  1.0574053581316417e+004  1.0457368248560619e+004  2.5237379523726222e+003  2.3400442297689697e+003  2.3063963072947536e+003
  2.5716458524062481e+007  1.8551357176832691e+007  1.8550488499584228e+007  1.1668369124496228e+005  4.3329533894827669e+004  2.3948013914922365e+004  2.3830511537791746e+004  2.3069279032825169e+004  9.9653294806015510e+003  7.3511813027037679e+003  6.0954792586719632e+003  6.0090834225904091e+003  5.9614291411504510e+003  4.1147786293276231e+003
  3.7284855610569946e+007  2.3506496146477763e+007  1.4127961558571238e+007  6.3016987211207110e+004  5.7477911340685685e+004  1.0829099739490708e+004  1.0649194070955997e+004  6.7229803522751190e+003  6.7229803522751190e+003  4.3899780220636576e+003  4.3208490877766681e+003  4.0757745802512836e+003  3.9596228369303653e+003  3.9596228369303653e+003
  4.4975793696936272e+007  1.4128040737336570e+007  1.0211234938559892e+007  1.4128473948402894e+004  1.1078680260533256e+004  1.0849050886732854e+004  1.0266847579321395e+004  1.0205246402911942e+004  9.9166441781262656e+003  9.5415803865455655e+003  9.5415803865455655e+003  2.6231566463678173e+003  2.6183012465809970e+003  2.6183012465809970e+003
  4.0889443079254553e+007  2.8217012921610005e+007  2.0532382540330410e+007  3.3018783230520063e+005  1.2594010960704355e+005  1.0325511182982150e+005  2.6135831749739758e+004  2.5781958163619493e+004  2.5735145195165576e+004  2.2799751335867692e+004  2.2665833550835458e+004  7.0188526350282791e+003  6.8674693962526799e+003  5.5746289410980662e+003
  7.4199608856374443e+007  2.2127775680989772e+007  1.8321690812431406e+007  3.6091178125774406e+005  2.3316015759317001e+005  4.4867546745546948e+004  4.4673992491197692e+004  4.4636324043557594e+004  4.4099650007273842e+004  4.1547767164006473e+004  1.7184424524116475e+004  1.0249778166066488e+004  9.9491994105732429e+003  9.2101742699912884e+003
  3.4447481490788661e+007  2.9421175930116281e+007  2.1178508019744091e+007  5.9962276273367822e+005  1.5890361829342507e+005  6.5560004082896208e+004  3.2751894516760833e+004  2.4263045719492067e+004  2.3556668566902750e+004  2.3556668566902750e+004  2.3556668566902750e+004  2.3556668566902750e+004  2.3556668566902750e+004  2.3556668566902750e+004
  5.9769492341432869e+007  3.5800933100763403e+007  2.2793907328354020e+007  6.8708835070691348e+004  5.9337317760679551e+004  4.2226990666573169e+004  4.1235744218455788e+004  3.3108660129964846e+004  1.8765016235744904e+004  1.7723256248635389e+004  1.7314861353640779e+004  1.1391107007860577e+004  1.1127090471443791e+004  1.1127090471443791e+004
  7.8143258437099621e+007  3.4023567838129520e+007  2.0991961574653234e+007  8.1056006029672222e+004  6.9049334561507698e+004  1.7048293623713325e+004  1.5601840012564757e+004  9.8676923639443648e+003  9.1959649128275050e+003  8.9490204915480081e+003  8.8565271182961733e+003  8.8384059585225077e+003  5.9727734684124043e+003  5.8241624974314354e+003
  1.5620029913727483e+007  1.5587662152070312e+007  1.5587568753268236e+007  5.3546257634733272e+004  4.6542839923496009e+004  1.0429232637737554e+004  3.7904578510491683e+003  3.3911671439804904e+003  3.3809759348312382e+003  3.0485457249053179e+003  3.0168343658460717e+003  2.9883636926312938e+003  2.9807614571363029e+003  2.9796591037711314e+003
  1.4186968105479969e+007  1.3536173163943671e+007  1.3534535050759954e+007  1.2446709583697261e+005  7.4801907634821822e+004  2.3515595111645183e+004  2.3515595111645183e+004  5.4864892531941096e+003  5.3819175784511554e+003  5.3370803221973565e+003  5.3370803221973565e+003  2.7305409949371033e+003  2.7088182150655521e+003  2.7088065379415584e+003
  1.3370945783671025e+007  1.3341698051693175e+007  1.3331975222458640e+007  2.3449485238664135e+005  8.8450154893575236e+004  4.8145307875904327e+004  1.8158844064677032e+004  1.8122550328726669e+004  1.7849628703407965e+004  1.7715891267404440e+004  7.8419469014853821e+003  7.8419469014853821e+003  6.9699077033347094e+003  6.9699077033347094e+003
  6.6227645658204891e+007  3.0514424908753898e+007  1.6732259671147987e+007  5.0466941660935467e+004  3.1821936111409901e+004  2.8687084475814925e+004  2.7884051127021652e+004  1.6023494749885387e+004  1.5493345079720028e+004  1.5330872065150244e+004  1.5080363557483390e+004  1.5015700736234590e+004  1.4993373150432853e+004  1.4926614192780264e+004
  4.2641407261610210e+007  3.1563659619691256e+007  2.1690758291412253e+007  5.5432846223009648e+004  2.8632010262942706e+004  2.3302885604606941e+004  1.9844045677836668e+004  3.0679360799577671e+003  2.8134722686384821e+003  2.6526428110839388e+003  2.6359133535457804e+003  2.6222092623245298e+003  2.5289541073204546e+003  2.5252382800833893e+003
  5.7413331509473369e+007  2.2747770083119825e+007  2.0150160917300485e+007  8.9603357907928978e+004  8.9327246502939597e+004  8.9327246502939597e+004  8.9327246502939597e+004  8.9327246502939597e+004  2.6180020021091881e+004  2.4559712374253824e+004  1.7855100193898114e+004  1.7794394807846224e+004  1.7726073189789986e+004  1.7608850205768576e+004
  5.1130358817912988e+007  2.2298191131117031e+007  2.2294845782056920e+007  1.7098153384500439e+005  8.3381771537106586e+004  1.7100341806266781e+004  7.2354278017580673e+003  4.6599335559071114e+003  4.6599335559071114e+003  4.6599335559071114e+003  4.6599335559071114e+003  4.6599335559071114e+003  4.6599335559071114e+003  4.6251454038035281e+003
  1.5430196612236593e+007  8.6425064095998742e+006  7.7502555800012760e+006  1.2509241181435622e+005  9.0909650751868990e+004  5.6930834947670512e+004  1.8598793323361053e+004  1.8598793323361053e+004  1.5230481482209845e+004  1.5054821041832802e+004  1.5032464488551119e+004  5.5941727302897552e+003  5.4511746974514081e+003  5.0519726277751852e+003
  5.3276949282854304e+007  3.4783378729137652e+007  3.0218243452780146e+007  1.4310114217373417e+005  4.5401639671185723e+004  3.4107771535932457e+004  3.4004904535894704e+004  3.3768654172844297e+004  1.8071622005386820e+004  1.7661641754926506e+004  1.7267431624266435e+004  3.9140783149668450e+003  3.9059883134227921e+003  3.4400302636574397e+003
  4.6905240902458139e+007  4.2208184429646172e+007  1.3574210409973072e+007  1.3172766706630806e+005  4.3817534362263323e+004  2.5164051745786917e+004  7.3406556110822166e+003  5.0611422139034239e+003  4.8318070039121058e+003  4.6295612762570017e+003  4.6220323582053734e+003  4.0863546292043657e+003  4.0863546292043657e+003  4.0863546292043657e+003
  3.3676465585217617e+007  3.1934596302058633e+007  3.1901293736230716e+007  2.2191141613281288e+005  1.1275611289056453e+005  4.4225618299566064e+004  3.8673423086655166e+004  3.8463676825375536e+004  3.8033452280571211e+004  2.3350095852662715e+004  1.6362210818951306e+004  1.6280292208278704e+004  1.4580594072588312e+004  8.6479199421800513e+003
  4.9863504379347719e+007  1.8135458519011509e+007  1.8132589004945878e+007  1.1809949067126938e+005  5.8583580383782508e+004  2.1366955233237211e+004  2.1366955233237211e+004  2.1366955233237211e+004  1.1588452802521351e+004  5.3165529018643374e+003  2.5592064225351996e+003  2.5592064225351996e+003  2.5347672465546384e+003  2.5030449499760598e+003
  5.1262768227959029e+007  1.6419011478837080e+007  1.6419011478837080e+007  2.5187539536494270e+005  2.6086226171711121e+004  2.2461173680171312e+004  1.0203849682567074e+004  1.0190988967134610e+004  5.4925551935190915e+003  5.2288272173245823e+003  4.9310043828434373e+003  4.8743986367563630e+003  4.8473295408342565e+003  4.7951355083524732e+003
  1.8969389185245112e+007  1.5842124465725295e+007  1.5842124465725295e+007  5.8528991410892486e+004  2.6839772045655394e+004  2.2846253717634867e+004  6.8716062942640510e+003  6.7897071050090635e+003  6.7545712175224453e+003  6.5892407844963491e+003  4.4093515235740078e+003  3.9749558187565026e+003  3.9749558187565026e+003  3.9480299560739177e+003
  5.9200785207471222e+007  3.5620649062558532e+007  2.4689170367898654e+007  2.5444861816826434e+005  2.3843522974558067e+005  6.3769772755324520e+004  1.9645474114621746e+004  1.6706959464772415e+004  3.5160196322348447e+003  3.4472433911913740e+003  3.4101202491262047e+003  3.4031059159230308e+003  3.3868236245109983e+003  3.3750536527764070e+003
  3.1458593789953571e+007  1.7889033015931502e+007  1.5551196189739540e+007  3.2401713118573074e+005  1.0971406825064006e+005  5.2395478002805548e+003  5.1564368281852803e+003  5.1261045695503271e+003  5.1217084731409595e+003  4.9735005617129355e+003  4.9548531095949947e+003  4.9436792458364034e+003  4.9408081814812695e+003  4.9402445394001406e+003
  5.0902223930264816e+007  3.8213929867626093e+007  2.0810987384519823e+007  4.7211066109384614e+004  2.7076046551274681e+004  2.7076046551274681e+004  2.7076046551274681e+004  2.7076046551274681e+004  2.7076046551274681e+004  2.7076046551274681e+004  2.7076046551274681e+004  2.7076046551274681e+004  2.7076046551274681e+004  2.0864113741019410e+003
  4.4246837097308651e+007  3.8590882695881628e+007  2.3794143793190148e+007  6.9097789626083511e+004  5.5743287630640705e+004  2.0987751257765303e+004  1.8289154667631734e+004  1.8273201567605156e+004  1.8223619805492413e+004  1.8065289503105731e+004  1.7991089261536665e+004  8.2623114002286748e+003  3.7926660537666558e+003  3.7926660537666558e+003
  2.8971292128444355e+007  1.4016931920759501e+007  1.3756093979891391e+007  2.4721345166270185e+005  8.4033671460233600e+004  7.4852411464722478e+004  5.7646784120870452e+003  5.0766184316904009e+003  4.9977096502667791e+003  4.8189410637744004e+003  4.8119157778243316e+003  4.8118869042255519e+003  4.8118869042255519e+003  4.7931771998547856e+003
  4.6810605204693563e+007  3.5234430453639440e+007  2.0101220482398696e+007  1.0350930825553312e+005  6.3200661745670412e+004  6.3052119303852873e+004  3.1617029644810187e+004  1.2780645900744363e+004  1.2780645900744363e+004  9.9629381308023367e+003  8.9070977256284532e+003  8.8545613349819432e+003  8.3053068895422548e+003  1.7042455153899418e+003
  5.3840388035077401e+007  3.0794386771809299e+007  1.5267322333793234e+007  1.0149592461033286e+005  7.3031008949064388e+004  5.8436685830355855e+004  5.5479689236881721e+004  2.6790406196140466e+004  2.6790406196140466e+004  1.6763305341503816e+004  3.5315253163862508e+003  3.5315253163862508e+003  3.5315253163862508e+003  2.8132358052915188e+003
  3.9933923995207377e+007  1.8874286409607619e+007  1.4505519208111592e+007  2.4993824804601361e+005  2.4151469040156083e+005  1.1415685020699759e+004  4.5277839185087350e+003  4.5076774443221657e+003  4.3753238168120424e+003  4.3749502584055608e+003  4.3115096875069967e+003  4.2600971901872572e+003  3.8765694070034660e+003  3.8765523604555283e+003
  5.6581968498329066e+007  4.8384387815349616e+007  2.4218022706650786e+007  3.8461986241769756e+005  1.6783892745993705e+005  7.6575202359453862e+004  7.0708976849915620e+004  5.5942734381521863e+004  5.5499100015826836e+004  2.0612724776897299e+004  2.0202493599120633e+004  1.9939185594325780e+004  1.9932749181096908e+004  1.9786159848342806e+004
  5.8352874956176564e+007  4.1785191408740513e+007  1.8065373804255128e+007  4.8720166951856407e+005  4.8274267391612777e+005  5.1761349183532293e+004  4.6962161519831816e+003  3.5308469683477615e+003  3.4065245892471994e+003  3.4065245892471994e+003  3.4065245892471994e+003  3.3700588078257861e+003  3.3672200924408644e+003  3.3652880268318140e+003
  6.6490727691975333e+007  3.6390451568322077e+007  3.6389699399661332e+007  6.1802169765508523e+004  6.1545004493802153e+004  1.1252610660264916e+004  1.1252610660264916e+004  1.1252610660264916e+004  7.3792948154657879e+003  6.7490492428024027e+003  6.6818901472152429e+003  6.6818901472152429e+003  6.6806651640231958e+003  6.6801969556993117e+003
  5.7609239414649315e+007  1.8361047242504969e+007  1.8358526158621624e+007  9.7138015925487067e+004  5.7202408924074851e+004  3.0833795670984648e+004  3.0833795670984648e+004  3.0833795670984648e+004  1.4261567791630354e+004  1.4199093356126201e+004  1.3925015486494349e+004  4.6300532336499246e+003  4.6177434836302327e+003  2.1867302248297856e+003
  1.9793392814870916e+007  1.9779068818514694e+007  1.9777006915602878e+007  5.5944423216195253e+004  2.3798118267326518e+004  2.2544191833156696e+004  2.2015463106537671e+004  1.2122611518448728e+004  5.8714220876896743e+003  5.7029600605956039e+003  5.7029600605956039e+003  5.7029600605956039e+003  5.7029600605956039e+003  5.7029600605956039e+003
  3.5344934221785419e+007  2.1299150635778680e+007  1.9341551851030685e+007  5.2729010080237594e+005  1.4220010228590950e+005  3.2811405251299613e+004  2.1036596498240047e+004  1.9146596061152926e+004  1.9045866623421305e+004  1.8776833120727475e+004  1.7638709409822910e+004  1.7638709409822910e+004  1.7372661472873009e+004  1.7372661472873009e+004
  4.7224831040312864e+007  3.9833428986667380e+007  2.7550870265075684e+007  1.0709721622124893e+005  8.2337637466157437e+004  6.7989799696456612e+004  3.1950799850140822e+004  1.2379357870677926e+004  1.1877879419807699e+004  1.1471534735389372e+004  1.1455816664504429e+004  1.1373329647824688e+004  1.1367641152432794e+004  1.1278656915573780e+004
  4.8049950186280884e+007  3.2327125598058004e+007  2.7461764047086690e+007  1.1812554273137108e+005  1.0182727636316216e+005  1.0182727636316216e+005  2.9619518441417335e+004  2.9619518441417335e+004  2.9541662111618418e+004  2.9312171399800158e+004  2.9125887334013707e+004  2.9125887334013707e+004  2.9085989933366724e+004  2.9079926918554793e+004
  4.7810220560035743e+007  2.9951087372913186e+007  1.9960367769490503e+007  6.7817688163242958e+004  6.1988223209543023e+004  5.0243835051026188e+004  3.5325594833868963e+004  1.0694491079028076e+004  1.0508777526613017e+004  1.0452458114635550e+004  1.0286705683119664e+004  1.0271112222607844e+004  1.0270668406303505e+004  1.0257232996551171e+004
  5.0533433928162955e+007  2.7610887224731453e+007  2.0147602930356368e+007  3.7966302193869255e+004  1.6124387793806702e+004  1.1887158183011525e+004  1.1362339714756776e+004  1.1302645859072394e+004  1.0993667682109084e+004  1.0385617999779000e+004  1.0385617999779000e+004  1.0385617999779000e+004  1.0385617999779000e+004  5.8875702340977505e+003
  7.6337411172639370e+007  3.8667013599253692e+007  2.1574401179613788e+007  3.1984357495967223e+005  1.2149168705230055e+005  5.8370932576299187e+004  3.7134293612388632e+004  2.7902127822737020e+004  2.6258921865417426e+004  2.5465708105008231e+004  2.5459483498382291e+004  2.5436819018934948e+004  1.7194578706205375e+004  1.6975524316474024e+004
  5.6972268550057195e+007  2.3679304857183363e+007  1.9968262395902045e+007  1.8338748046397261e+005  1.6819563405609739e+005  8.6937356200832466e+004  1.8526197651479510e+004  1.6330707358600444e+004  1.2416229366517502e+004  1.2416229366517502e+004  1.2416229366517502e+004  1.2416229366517502e+004  9.9872076781118431e+003  3.1206972827930267e+003
  5.4623625704901122e+007  4.2499166103424266e+007  1.2685805474714732e+007  1.2433791778366864e+005  9.7159748359897931e+004  8.7184374339180140e+004  1.1153511491326382e+004  1.1153511491326382e+004  8.6321271581047495e+003  8.6321271581047495e+003  8.6321271581047495e+003  8.6321271581047495e+003  8.6321271581047495e+003  8.4245683642190215e+003
  6.4655723435995594e+007  2.9239424430870209e+007  2.9238684127588522e+007  2.9929235921526433e+005  1.1482901861264583e+005  1.6102281753351956e+004  8.9084117275445242e+003  8.5603470801005296e+003  8.4193824078773450e+003  8.2381441020848961e+003  8.2381441020848961e+003  7.8505817987413029e+003  6.1560204332998364e+003  6.1328606200929244e+003
  3.5563193644666724e+007  3.5563106207115889e+007  2.5775101238803759e+007  1.8322169836575424e+005  1.0102063444183582e+005  9.0252035230795937e+003  6.4819633411846826e+003  6.2600509494844591e+003  6.2308075836000717e+003  6.2307597624771151e+003  6.2092303549575117e+003  6.0689028374367754e+003  6.0689028374367754e+003  6.0177233993466016e+003
  1.9331346981250778e+007  1.9329131414989300e+007  1.9322776073046442e+007  1.7656580083471679e+004  1.5441574386524266e+004  1.0251751015382337e+004  1.0072930046407109e+004  1.0057809706376989e+004  9.9932530158287864e+003  9.9712313484175720e+003  9.2749158002668701e+003  9.2066004546521690e+003  9.1684243758809316e+003  9.0937305595297694e+003
  5.4519483440495454e+007  3.3170672821449608e+007  1.9285011458472703e+007  1.6187545447830917e+005  9.1690042433476177e+004  3.4471446395930281e+004  2.0215231352482268e+004  2.0215231352482268e+004  2.0215231352482268e+004  2.0215231352482268e+004  2.0215231352482268e+004  2.0215231352482268e+004  5.3774211048517445e+003  5.3341997659630842e+003
  9.7861380880474687e+007  3.1401818225551609e+007  2.7593477497421954e+007  2.4750200764051231e+004  2.1089359414068473e+004  1.7785390572672964e+004  1.6649426538565138e+004  1.6649260369172644e+004  1.6618775263375883e+004  7.4207495360050343e+003  7.3778552468195776e+003  7.3613842307133691e+003  5.8555806997219888e+003  5.8554572242551531e+003
