  1.0787177907715386e+002  1.0357199994636449e+002  1.0307798628047112e+002  1.0043636048833832e+002  1.0018405923333239e+002  1.0018405923333239e+002  1.0018405923333239e+002  1.0018089112546431e+002  1.0018089112546431e+002  1.0018089112546431e+002  1.0018089112546431e+002  1.0018089112546431e+002  1.0018089112546431e+002  1.0018089112546431e+002
  1.0607079700639406e+002  1.0456819168841821e+002  1.0381455934083442e+002  1.0036267512145332e+002  1.0036267512145332e+002  1.0036267512145332e+002  1.0036267512145332e+002  1.0035566215207791e+002  1.0035566215207791e+002  1.0035566215207791e+002  1.0035566215207791e+002  1.0035566215207791e+002  1.0035566215207791e+002  1.0035566215207791e+002
  1.0619432274904102e+002  1.0428687166455529e+002  1.0287730774018428e+002  1.0007740963083279e+002  1.0007740963083279e+002  1.0007483516580578e+002  1.0007483516580578e+002  1.0007483516580578e+002  1.0007483516580578e+002  1.0007483516580578e+002  1.0007483516580578e+002  1.0007483516580578e+002  1.0007483516580578e+002  1.0007483516580578e+002
  1.0505743747541192e+002  1.0399631213299836e+002  1.0243960805840470e+002  1.0014054265770210e+002  1.0014054265770210e+002  1.0014054265770210e+002  1.0014054265770210e+002  1.0014054265770210e+002  1.0014054265770210e+002  1.0014054265770210e+002  1.0014054265770210e+002  1.0014054265770210e+002  1.0014054265770210e+002  1.0014054265770210e+002
  1.0668894739982716e+002  1.0429814790093951e+002  1.0365365893681928e+002  1.0035417949369912e+002  1.0035417949369912e+002  1.0035417949369912e+002  1.0035417949369912e+002  1.0035417949369912e+002  1.0032762397416400e+002  1.0032733219202419e+002  1.0032733219202419e+002  1.0032733219202419e+002  1.0032733219202419e+002  1.0032733219202419e+002
  1.0571238788176061e+002  1.0376641958199070e+002  1.0251845099091179e+002  1.0028698510762297e+002  1.0028698510762297e+002  1.0028698510762297e+002  1.0028698510762297e+002  1.0028698510762297e+002  1.0028698510762297e+002  1.0028698510762297e+002  1.0028698510762297e+002  1.0028698510762297e+002  1.0028698510762297e+002  1.0028698510762297e+002
  1.0619340290461423e+002  1.0355746068060853e+002  1.0314661784726286e+002  1.0023203436310087e+002  1.0023203436310087e+002  1.0023203436310087e+002  1.0023203436310087e+002  1.0023203436310087e+002  1.0023203436310087e+002  1.0023203436310087e+002  1.0023203436310087e+002  1.0023203436310087e+002  1.0023203436310087e+002  1.0023203436310087e+002
  1.0454570084677334e+002  1.0381342089392774e+002  1.0230117503139854e+002  1.0091163398249546e+002  1.0024523647925298e+002  1.0024523647925298e+002  1.0024523647925298e+002  1.0024523647925298e+002  1.0024523647925298e+002  1.0024523647925298e+002  1.0024523647925298e+002  1.0024523647925298e+002  1.0024523647925298e+002  1.0024523647925298e+002
  1.0605416513697583e+002  1.0373925697372397e+002  1.0302847594800596e+002  1.0041253401610084e+002  1.0041253401610084e+002  1.0034741037940194e+002  1.0034741037940194e+002  1.0024176994366826e+002  1.0024173935954650e+002  1.0024173935954650e+002  1.0024173935954650e+002  1.0024173935954650e+002  1.0024173935954650e+002  1.0024173935954650e+002
  1.0560470743314727e+002  1.0356976319498472e+002  1.0286940168933506e+002  1.0278041117431076e+002  1.0027658656452832e+002  1.0017947267299814e+002  1.0017947267299814e+002  1.0017947267299814e+002  1.0017947267299814e+002  1.0017947267299814e+002  1.0017947267299814e+002  1.0017947267299814e+002  1.0017947267299814e+002  1.0017947267299814e+002
  1.0631659163532413e+002  1.0436871450579429e+002  1.0260890597683920e+002  1.0013105901859171e+002  1.0013105901859171e+002  1.0013105901859171e+002  1.0013081885084785e+002  1.0013081885084785e+002  1.0013081885084785e+002  1.0013081885084785e+002  1.0013081885084785e+002  1.0013081885084785e+002  1.0013081885084785e+002  1.0013081885084785e+002
  1.0718540855173114e+002  1.0451814755753003e+002  1.0286340397356798e+002  1.0038972118712218e+002  1.0038972118712218e+002  1.0030061354874670e+002  1.0030061354874670e+002  1.0030061354874670e+002  1.0030061354874670e+002  1.0030061354874670e+002  1.0030061354874670e+002  1.0030061354874670e+002  1.0030061354874670e+002  1.0030061354874670e+002
  1.0619211981894932e+002  1.0388966070051538e+002  1.0295883553892463e+002  1.0041858441883960e+002  1.0041858441883960e+002  1.0041858441883960e+002  1.0041858441883960e+002  1.0041858441883960e+002  1.0031492669923773e+002  1.0031492669923773e+002  1.0031492669923773e+002  1.0031492669923773e+002  1.0031492669923773e+002  1.0031492669923773e+002
  1.0521201456694325e+002  1.0436775002490867e+002  1.0392481445300973e+002  1.0014448317394817e+002  1.0014448317394817e+002  1.0014448317394817e+002  1.0014448317394817e+002  1.0014448317394817e+002  1.0014448317394817e+002  1.0014448317394817e+002  1.0014448317394817e+002  1.0014448317394817e+002  1.0014448317394817e+002  1.0014448317394817e+002
  1.0782766180962653e+002  1.0467975301293154e+002  1.0337015408051957e+002  1.0035553289952713e+002  1.0035553289952713e+002  1.0033613983303167e+002  1.0033613983303167e+002  1.0033613983303167e+002  1.0033613983303167e+002  1.0033613983303167e+002  1.0033613983303167e+002  1.0033613983303167e+002  1.0032832604983832e+002  1.0032832604983832e+002
  1.0485661295339651e+002  1.0385723990562656e+002  1.0278404755006841e+002  1.0258912670215886e+002  1.0038432777641219e+002  1.0019784679809845e+002  1.0019775001578319e+002  1.0019775001578319e+002  1.0019775001578319e+002  1.0019775001578319e+002  1.0019775001578319e+002  1.0019775001578319e+002  1.0019775001578319e+002  1.0019775001578319e+002
  1.0679060470123250e+002  1.0465127812065293e+002  1.0332400177283489e+002  1.0018717623079829e+002  1.0018717623079829e+002  1.0018717623079829e+002  1.0018717623079829e+002  1.0018717623079829e+002  1.0018717623079829e+002  1.0018717623079829e+002  1.0018717623079829e+002  1.0018717623079829e+002  1.0018717623079829e+002  1.0018717623079829e+002
  1.0520427075408952e+002  1.0445149946956508e+002  1.0262868158779929e+002  1.0031903771384304e+002  1.0031903771384304e+002  1.0025721954930350e+002  1.0025721954930350e+002  1.0025721954930350e+002  1.0025721954930350e+002  1.0025721954930350e+002  1.0025721954930350e+002  1.0025721954930350e+002  1.0025721954930350e+002  1.0025721954930350e+002
  1.0861448965304089e+002  1.0458257878770564e+002  1.0311065096779703e+002  1.0016802244414748e+002  1.0012934829105416e+002  1.0012934829105416e+002  1.0012793267571169e+002  1.0012793267571169e+002  1.0012793267571169e+002  1.0012793267571169e+002  1.0012793267571169e+002  1.0012793267571169e+002  1.0012793267571169e+002  1.0012793267571169e+002
  1.0521095137864495e+002  1.0361311508637027e+002  1.0281361270846719e+002  1.0039508646164904e+002  1.0028374509828427e+002  1.0028374509828427e+002  1.0028374509828427e+002  1.0028247751885419e+002  1.0028247751885419e+002  1.0028247751885419e+002  1.0028247751885419e+002  1.0028247751885419e+002  1.0028247751885419e+002  1.0028247751885419e+002
  1.0485178474200984e+002  1.0430251847815953e+002  1.0284346294893885e+002  1.0283306836550355e+002  1.0019010059640686e+002  1.0019010059640686e+002  1.0019010059640686e+002  1.0019010059640686e+002  1.0019010059640686e+002  1.0019010059640686e+002  1.0017708975503865e+002  1.0017708975503865e+002  1.0017708975503865e+002  1.0017708975503865e+002
  1.0562640375435194e+002  1.0393228103466345e+002  1.0325252708027438e+002  1.0014414565483776e+002  1.0014414565483776e+002  1.0014414565483776e+002  1.0014227540365619e+002  1.0014227540365619e+002  1.0014227540365619e+002  1.0014227540365619e+002  1.0014227540365619e+002  1.0014227540365619e+002  1.0014227540365619e+002  1.0014227540365619e+002
  1.0641335666337545e+002  1.0457226190136271e+002  1.0347956705955676e+002  1.0044974563972210e+002  1.0041169980821451e+002  1.0041169980821451e+002  1.0036316961349985e+002  1.0036316961349985e+002  1.0036316961349985e+002  1.0028893325732361e+002  1.0028893325732361e+002  1.0028599648997533e+002  1.0028599648997533e+002  1.0028599648997533e+002
  1.0553038395438944e+002  1.0324439540961203e+002  1.0276331047366057e+002  1.0008351538294392e+002  1.0008351538294392e+002  1.0008351538294392e+002  1.0008264551292586e+002  1.0008264551292586e+002  1.0008264551292586e+002  1.0008264551292586e+002  1.0008264551292586e+002  1.0008264551292586e+002  1.0008264551292586e+002  1.0008264551292586e+002
  1.0721779250197324e+002  1.0380672736861061e+002  1.0339075798940758e+002  1.0010092110396454e+002  1.0010092110396454e+002  1.0010092110396454e+002  1.0010092110396454e+002  1.0010092110396454e+002  1.0010092110396454e+002  1.0010092110396454e+002  1.0010092110396454e+002  1.0010092110396454e+002  1.0010092110396454e+002  1.0010092110396454e+002
  1.0558553144512189e+002  1.0371898447685726e+002  1.0249653434247693e+002  1.0082627265063275e+002  1.0041699586961204e+002  1.0041699586961204e+002  1.0041699586961204e+002  1.0016061198637908e+002  1.0016061198637908e+002  1.0016061198637908e+002  1.0016061198637908e+002  1.0016061198637908e+002  1.0016061198637908e+002  1.0016061198637908e+002
  1.0772417847788711e+002  1.0489003820913922e+002  1.0385301738566204e+002  1.0024714484973674e+002  1.0024714484973674e+002  1.0024714484973674e+002  1.0024714484973674e+002  1.0024392514676219e+002  1.0024392514676219e+002  1.0024392514676219e+002  1.0024392514676219e+002  1.0024392514676219e+002  1.0024392514676219e+002  1.0024392514676219e+002
  1.0728234755382209e+002  1.0516497393014288e+002  1.0346447626902864e+002  1.0041175647203954e+002  1.0027084684726424e+002  1.0020954979406270e+002  1.0020954979406270e+002  1.0020954979406270e+002  1.0020954979406270e+002  1.0020954979406270e+002  1.0020954979406270e+002  1.0020954979406270e+002  1.0020954979406270e+002  1.0020954979406270e+002
  1.0574598241415606e+002  1.0389644456517681e+002  1.0315053421871198e+002  1.0014072477169930e+002  1.0014072477169930e+002  1.0014072477169930e+002  1.0014072477169930e+002  1.0014072477169930e+002  1.0014072477169930e+002  1.0014072477169930e+002  1.0014072477169930e+002  1.0014072477169930e+002  1.0014072477169930e+002  1.0014072477169930e+002
  1.0563695470353332e+002  1.0435122328725402e+002  1.0264150085091660e+002  1.0013957050588397e+002  1.0013939525619890e+002  1.0013939525619890e+002  1.0013939525619890e+002  1.0013939525619890e+002  1.0013939525619890e+002  1.0013939525619890e+002  1.0013939525619890e+002  1.0013939525619890e+002  1.0013939525619890e+002  1.0013939525619890e+002
  1.0649083876768327e+002  1.0415264455780607e+002  1.0252790597242392e+002  1.0013260996167264e+002  1.0013260996167264e+002  1.0013260996167264e+002  1.0013260996167264e+002  1.0013260996167264e+002  1.0013260996167264e+002  1.0013260996167264e+002  1.0013260996167264e+002  1.0013260996167264e+002  1.0013260996167264e+002  1.0013260996167264e+002
  1.0597380990696365e+002  1.0404851507904050e+002  1.0329261784823439e+002  1.0017717008519821e+002  1.0017717008519821e+002  1.0017717008519821e+002  1.0017717008519821e+002  1.0017717008519821e+002  1.0017717008519821e+002  1.0017717008519821e+002  1.0017717008519821e+002  1.0017717008519821e+002  1.0017717008519821e+002  1.0017717008519821e+002
  1.0615651003007406e+002  1.0410500740690850e+002  1.0279953267779092e+002  1.0020171670303989e+002  1.0020171670303989e+002  1.0020171670303989e+002  1.0020171670303989e+002  1.0020171670303989e+002  1.0020171670303989e+002  1.0020171670303989e+002  1.0020171670303989e+002  1.0020171670303989e+002  1.0020171670303989e+002  1.0020171670303989e+002
  1.0544409996336890e+002  1.0399989972095364e+002  1.0308589121393425e+002  1.0048401034276367e+002  1.0048401034276367e+002  1.0032260949809233e+002  1.0032260949809233e+002  1.0032260949809233e+002  1.0032260949809233e+002  1.0032260949809233e+002  1.0027539525308612e+002  1.0027539525308612e+002  1.0027539525308612e+002  1.0027539525308612e+002
  1.0407970603058902e+002  1.0394327378708203e+002  1.0257823819966779e+002  1.0040842673308862e+002  1.0018546928892829e+002  1.0018546928892829e+002  1.0018362705532718e+002  1.0018362705532718e+002  1.0018362705532718e+002  1.0018362705532718e+002  1.0018362705532718e+002  1.0018362705532718e+002  1.0018362705532718e+002  1.0018362705532718e+002
  1.0608883106090707e+002  1.0334501466180336e+002  1.0275598263565007e+002  1.0011631727080157e+002  1.0011631727080157e+002  1.0011631727080157e+002  1.0011631727080157e+002  1.0011631727080157e+002  1.0011631727080157e+002  1.0011631727080157e+002  1.0011631727080157e+002  1.0011631727080157e+002  1.0011631727080157e+002  1.0011631727080157e+002
  1.0590308486004324e+002  1.0469016454807661e+002  1.0362755040943557e+002  1.0044997910333950e+002  1.0044997910333950e+002  1.0026663901405800e+002  1.0026663901405800e+002  1.0026573781723255e+002  1.0026573781723255e+002  1.0026573781723255e+002  1.0026573781723255e+002  1.0026573781723255e+002  1.0026573781723255e+002  1.0026573781723255e+002
  1.0622089352055718e+002  1.0454953524225948e+002  1.0309025291050557e+002  1.0015904179487961e+002  1.0015904179487961e+002  1.0015904179487961e+002  1.0015904179487961e+002  1.0015904179487961e+002  1.0015824297533391e+002  1.0015824297533391e+002  1.0015824297533391e+002  1.0015824297533391e+002  1.0015824297533391e+002  1.0015824297533391e+002
  1.0654872000946307e+002  1.0365753159708311e+002  1.0346911493932475e+002  1.0025914231884781e+002  1.0025914231884781e+002  1.0025914231884781e+002  1.0025914231884781e+002  1.0022356566652388e+002  1.0022356566652388e+002  1.0022356566652388e+002  1.0022356566652388e+002  1.0022356566652388e+002  1.0022356566652388e+002  1.0022356566652388e+002
  1.0550709865388944e+002  1.0413086587522503e+002  1.0348265462596828e+002  1.0048093529365997e+002  1.0011084807635461e+002  1.0011084807635461e+002  1.0011084807635461e+002  1.0011084807635461e+002  1.0011084807635461e+002  1.0011084807635461e+002  1.0011084807635461e+002  1.0011084807635461e+002  1.0011084807635461e+002  1.0010976408831175e+002
  1.0794429572077888e+002  1.0435122790825562e+002  1.0354988090143843e+002  1.0008571382886112e+002  1.0008571382886112e+002  1.0008571382886112e+002  1.0008571382886112e+002  1.0008571382886112e+002  1.0008571382886112e+002  1.0008571382886112e+002  1.0008571382886112e+002  1.0008571382886112e+002  1.0008571382886112e+002  1.0008571382886112e+002
  1.0532005026178558e+002  1.0328976837806840e+002  1.0271206256996402e+002  1.0034207753571445e+002  1.0034207753571445e+002  1.0034207753571445e+002  1.0028584307535584e+002  1.0028584307535584e+002  1.0028584307535584e+002  1.0028584307535584e+002  1.0028584307535584e+002  1.0028584307535584e+002  1.0028584307535584e+002  1.0028584307535584e+002
  1.0543674286976966e+002  1.0355359266889263e+002  1.0261411500282293e+002  1.0039792815790270e+002  1.0026922012192836e+002  1.0026922012192836e+002  1.0026922012192836e+002  1.0026922012192836e+002  1.0026922012192836e+002  1.0026922012192836e+002  1.0026922012192836e+002  1.0026922012192836e+002  1.0026922012192836e+002  1.0026922012192836e+002
  1.0683121793886994e+002  1.0445267699523811e+002  1.0358251776908855e+002  1.0019867342113184e+002  1.0019867342113184e+002  1.0019867342113184e+002  1.0019867342113184e+002  1.0019867342113184e+002  1.0019867342113184e+002  1.0019867342113184e+002  1.0019867342113184e+002  1.0019867342113184e+002  1.0019867342113184e+002  1.0019867342113184e+002
  1.0817711042432120e+002  1.0459695198172903e+002  1.0396195691385583e+002  1.0047449034381589e+002  1.0039947902103131e+002  1.0033544411846560e+002  1.0029102944603756e+002  1.0029102944603756e+002  1.0029102944603756e+002  1.0029102944603756e+002  1.0029102944603756e+002  1.0028783902253235e+002  1.0028783902253235e+002  1.0028783902253235e+002
  1.0634509777570247e+002  1.0321737821818442e+002  1.0156153860823633e+002  1.0015669954179884e+002  1.0015669954179884e+002  1.0015652754559824e+002  1.0015652754559824e+002  1.0015375238791103e+002  1.0015375238791103e+002  1.0015375238791103e+002  1.0015375238791103e+002  1.0015375238791103e+002  1.0015375238791103e+002  1.0015375238791103e+002
  1.0661528330677538e+002  1.0459493501032557e+002  1.0387209532193083e+002  1.0045560550441496e+002  1.0045560550441496e+002  1.0026720820916671e+002  1.0026720820916671e+002  1.0026720820916671e+002  1.0026720820916671e+002  1.0026720820916671e+002  1.0026720820916671e+002  1.0026720820916671e+002  1.0026720820916671e+002  1.0026720820916671e+002
  1.0499188370569073e+002  1.0352606929623380e+002  1.0291144480065486e+002  1.0031434292248696e+002  1.0014522168369604e+002  1.0014522168369604e+002  1.0014522168369604e+002  1.0014522168369604e+002  1.0014522168369604e+002  1.0014522168369604e+002  1.0014522168369604e+002  1.0014522168369604e+002  1.0014522168369604e+002  1.0014522168369604e+002
  1.0664686181237948e+002  1.0383800972266408e+002  1.0310265614251739e+002  1.0011702254542161e+002  1.0011702254542161e+002  1.0011702254542161e+002  1.0011702254542161e+002  1.0011702254542161e+002  1.0011702254542161e+002  1.0011702254542161e+002  1.0011702254542161e+002  1.0011702254542161e+002  1.0011702254542161e+002  1.0011702254542161e+002
  1.0635761785690602e+002  1.0416724738079847e+002  1.0257902594280540e+002  1.0054000939340312e+002  1.0054000939340312e+002  1.0037404228847799e+002  1.0037404228847799e+002  1.0035402489212947e+002  1.0034676993473704e+002  1.0034676993473704e+002  1.0034676993473704e+002  1.0034676993473704e+002  1.0034676993473704e+002  1.0034676993473704e+002
  1.0538575625980502e+002  1.0374033750599347e+002  1.0300128869706350e+002  1.0013925147075042e+002  1.0013925147075042e+002  1.0013925147075042e+002  1.0013925147075042e+002  1.0013925147075042e+002  1.0013925147075042e+002  1.0013925147075042e+002  1.0013925147075042e+002  1.0013925147075042e+002  1.0013925147075042e+002  1.0013925147075042e+002
