  1.0165962884732335e+002  1.0105486786973825e+002  1.0071218244478996e+002  1.0059854317837016e+002  1.0041121995304366e+002  1.0024007296876653e+002  1.0016278143247473e+002  1.0016278143247473e+002  1.0016278143247473e+002  1.0014622922546232e+002  1.0008027886125683e+002  1.0008027886125683e+002  1.0008027886125683e+002  1.0008027886125683e+002
  1.0192418483872189e+002  1.0151241173720655e+002  1.0096394239795654e+002  1.0057194953186809e+002  1.0013545067793211e+002  1.0013545067793211e+002  1.0011355968954558e+002  1.0010777600788970e+002  1.0010777600788970e+002  1.0010777600788970e+002  1.0008851936392057e+002  1.0008851936392057e+002  1.0005902366532337e+002  1.0005902366532337e+002
  1.0268648270955373e+002  1.0095813768994412e+002  1.0062527251643587e+002  1.0047059719949993e+002  1.0038744348971477e+002  1.0038744348971477e+002  1.0024886151774717e+002  1.0018180081677110e+002  1.0018180081677110e+002  1.0018180081677110e+002  1.0018180081677110e+002  1.0012672107323215e+002  1.0012672107323215e+002  1.0008039256152369e+002
  1.0178482544492999e+002  1.0123341847205120e+002  1.0075164955513264e+002  1.0053125596602831e+002  1.0027231592197359e+002  1.0015123092153817e+002  1.0015123092153817e+002  1.0006362317814137e+002  1.0006362317814137e+002  1.0006362317814137e+002  1.0006362317814137e+002  1.0006362317814137e+002  1.0006362317814137e+002  1.0006362317814137e+002
  1.0195864266982335e+002  1.0112075846322159e+002  1.0070342014121661e+002  1.0048184637658642e+002  1.0001994597624207e+002  1.0001994597624207e+002  1.0001994597624207e+002  1.0001994597624207e+002  1.0001994597624207e+002  1.0001994597624207e+002  1.0001994597624207e+002  1.0001994597624207e+002  1.0001994597624207e+002  1.0001994597624207e+002
  1.0237704703803774e+002  1.0129100561476207e+002  1.0093271577778432e+002  1.0055809689999842e+002  1.0012124356972345e+002  1.0012124356972345e+002  1.0012124356972345e+002  1.0012124356972345e+002  1.0012124356972345e+002  1.0012124356972345e+002  1.0012124356972345e+002  1.0012124356972345e+002  1.0012124356972345e+002  1.0012106926410706e+002
  1.0191373762054445e+002  1.0128637541299850e+002  1.0051938791109114e+002  1.0051938791109114e+002  1.0024956415234601e+002  1.0024956415234601e+002  1.0021498806354339e+002  1.0021498806354339e+002  1.0016388126409174e+002  1.0010371922018385e+002  1.0010371922018385e+002  1.0010371922018385e+002  1.0010371922018385e+002  1.0010371922018385e+002
  1.0140971440760359e+002  1.0110164329773761e+002  1.0066126838260880e+002  1.0052310221464495e+002  1.0018849383986526e+002  1.0018849383986526e+002  1.0008992414239037e+002  1.0007980842321331e+002  1.0007980842321331e+002  1.0007980842321331e+002  1.0007980842321331e+002  1.0007980842321331e+002  1.0007980842321331e+002  1.0007980842321331e+002
  1.0211890473935955e+002  1.0137609961494991e+002  1.0055495483768800e+002  1.0046766342916862e+002  1.0017562602267935e+002  1.0012208334822935e+002  1.0012208334822935e+002  1.0012208334822935e+002  1.0012208334822935e+002  1.0012208334822935e+002  1.0012208334822935e+002  1.0011260637642681e+002  1.0011260637642681e+002  1.0011181546062198e+002
  1.0214536393906837e+002  1.0101151882032445e+002  1.0086370399680300e+002  1.0065470269401385e+002  1.0031893537342103e+002  1.0010630615324408e+002  1.0010630615324408e+002  1.0010630615324408e+002  1.0010630615324408e+002  1.0010630615324408e+002  1.0010630615324408e+002  1.0010630615324408e+002  1.0010630615324408e+002  1.0010630615324408e+002
  1.0199754441360756e+002  1.0120896159088124e+002  1.0077488532253165e+002  1.0069202516022278e+002  1.0002002125628178e+002  1.0002002125628178e+002  1.0002002125628178e+002  1.0001988484117464e+002  1.0001988484117464e+002  1.0001988484117464e+002  1.0001988484117464e+002  1.0001988484117464e+002  1.0001988484117464e+002  1.0001988484117464e+002
  1.0197007315521205e+002  1.0132668417234208e+002  1.0072002266473146e+002  1.0051810362277092e+002  1.0003533163219072e+002  1.0003533163219072e+002  1.0003533163219072e+002  1.0003533163219072e+002  1.0003533163219072e+002  1.0003533163219072e+002  1.0003533163219072e+002  1.0003533163219072e+002  1.0003533163219072e+002  1.0003533163219072e+002
  1.0222163203897981e+002  1.0158720120049566e+002  1.0102148230424336e+002  1.0045759225845313e+002  1.0033746679202432e+002  1.0030731843577587e+002  1.0004569520760606e+002  1.0004569520760606e+002  1.0004569520760606e+002  1.0004569520760606e+002  1.0004569520760606e+002  1.0004569520760606e+002  1.0004569520760606e+002  1.0004569520760606e+002
  1.0231557879676802e+002  1.0126014455458971e+002  1.0110071730604113e+002  1.0058880513186978e+002  1.0021837534111592e+002  1.0021837534111592e+002  1.0021837534111592e+002  1.0021837534111592e+002  1.0021436858521929e+002  1.0021436858521929e+002  1.0021436858521929e+002  1.0021113862940410e+002  1.0015493044528284e+002  1.0015493044528284e+002
  1.0253783499713472e+002  1.0190970469241211e+002  1.0054088443156934e+002  1.0046292917218989e+002  1.0031933248418727e+002  1.0031933248418727e+002  1.0009752509389500e+002  1.0009752509389500e+002  1.0009752509389500e+002  1.0009752509389500e+002  1.0009752509389500e+002  1.0009752509389500e+002  1.0009752509389500e+002  1.0009752509389500e+002
  1.0210194142067621e+002  1.0140292417697037e+002  1.0099895770526837e+002  1.0041935635110667e+002  1.0020782584035987e+002  1.0020782584035987e+002  1.0020782584035987e+002  1.0020782584035987e+002  1.0020782584035987e+002  1.0020300652394371e+002  1.0014553977367996e+002  1.0014553977367996e+002  1.0014553977367996e+002  1.0014553977367996e+002
  1.0121130816188952e+002  1.0110945715677144e+002  1.0075147372210949e+002  1.0049182937383512e+002  1.0022249087704495e+002  1.0018935397822861e+002  1.0018935397822861e+002  1.0018935397822861e+002  1.0018935397822861e+002  1.0013960010905885e+002  1.0013960010905885e+002  1.0013960010905885e+002  1.0013960010905885e+002  1.0013865447086982e+002
  1.0277721281152708e+002  1.0094944036094012e+002  1.0072601645583609e+002  1.0051635019458445e+002  1.0003084631522324e+002  1.0003084631522324e+002  1.0003084631522324e+002  1.0003064790320013e+002  1.0003064790320013e+002  1.0003064790320013e+002  1.0003064790320013e+002  1.0003064790320013e+002  1.0003064790320013e+002  1.0003064790320013e+002
  1.0114628136878855e+002  1.0089376625104569e+002  1.0078754764398036e+002  1.0042201953534322e+002  1.0022524004839624e+002  1.0013212533168644e+002  1.0013212533168644e+002  1.0013212533168644e+002  1.0011528606691536e+002  1.0007024158857212e+002  1.0007024158857212e+002  1.0007024158857212e+002  1.0006601782151483e+002  1.0006601782151483e+002
  1.0284984210862876e+002  1.0152438271513938e+002  1.0078092933355038e+002  1.0042970906922892e+002  1.0001262605077591e+002  1.0001262605077591e+002  1.0001262605077591e+002  1.0001262605077591e+002  1.0001262605077591e+002  1.0001262605077591e+002  1.0001262605077591e+002  1.0001262605077591e+002  1.0001262605077591e+002  1.0001262605077591e+002
  1.0180567197696428e+002  1.0118402118415815e+002  1.0096319135876547e+002  1.0070609855492285e+002  1.0016628561358630e+002  1.0016628561358630e+002  1.0012867422289537e+002  1.0012867422289537e+002  1.0012867422289537e+002  1.0012756909829022e+002  1.0012756909829022e+002  1.0011181627573387e+002  1.0011181627573387e+002  1.0011181627573387e+002
  1.0149028508977744e+002  1.0116259801883416e+002  1.0079981087915803e+002  1.0037024991268163e+002  1.0037024991268163e+002  1.0026864990433842e+002  1.0022800395825652e+002  1.0022800395825652e+002  1.0022800395825652e+002  1.0022800395825652e+002  1.0019211761914812e+002  1.0019211761914812e+002  1.0019211761914812e+002  1.0012294047678870e+002
  1.0191705420531116e+002  1.0097829985544831e+002  1.0070324309176431e+002  1.0049172216356419e+002  1.0007822164061417e+002  1.0007822164061417e+002  1.0007743783719161e+002  1.0007743783719161e+002  1.0007743783719161e+002  1.0007743783719161e+002  1.0007743783719161e+002  1.0007743783719161e+002  1.0007743783719161e+002  1.0007743783719161e+002
  1.0247248900266277e+002  1.0074732086653466e+002  1.0074732086653466e+002  1.0038689575513536e+002  1.0008764886876679e+002  1.0007790370515795e+002  1.0007790370515795e+002  1.0007790370515795e+002  1.0007790370515795e+002  1.0007790370515795e+002  1.0007790370515795e+002  1.0007790370515795e+002  1.0007790370515795e+002  1.0007790370515795e+002
  1.0220418449716863e+002  1.0114947491436533e+002  1.0066684561800821e+002  1.0046572545387244e+002  1.0021951885128237e+002  1.0019112328494612e+002  1.0017917076831100e+002  1.0017917076831100e+002  1.0012093309866123e+002  1.0006122204587155e+002  1.0006122204587155e+002  1.0006122204587155e+002  1.0006122204587155e+002  1.0006122204587155e+002
  1.0192098056562781e+002  1.0125568269229643e+002  1.0076961647515645e+002  1.0060283167623265e+002  1.0015645515545975e+002  1.0015645515545975e+002  1.0015645515545975e+002  1.0013941463882475e+002  1.0013941463882475e+002  1.0013941463882475e+002  1.0013941463882475e+002  1.0013941463882475e+002  1.0013941463882475e+002  1.0011968849094001e+002
  1.0132645335451343e+002  1.0061892255644761e+002  1.0061892255644761e+002  1.0049663894994228e+002  1.0035269848072267e+002  1.0014154429258633e+002  1.0014154429258633e+002  1.0014154429258633e+002  1.0014154429258633e+002  1.0014154429258633e+002  1.0014154429258633e+002  1.0014154429258633e+002  1.0014154429258633e+002  1.0014154429258633e+002
  1.0235632516638498e+002  1.0137506675153145e+002  1.0048980788413792e+002  1.0048980788413792e+002  1.0018163569561420e+002  1.0018163569561420e+002  1.0014395287551042e+002  1.0014395287551042e+002  1.0014395287551042e+002  1.0007007455165149e+002  1.0007007455165149e+002  1.0007007455165149e+002  1.0007007455165149e+002  1.0007007455165149e+002
  1.0290299497431488e+002  1.0088836080853162e+002  1.0086016313734308e+002  1.0045542578326149e+002  1.0010048254194135e+002  1.0010048254194135e+002  1.0002851030074544e+002  1.0002612666814957e+002  1.0002612666814957e+002  1.0002612666814957e+002  1.0002612666814957e+002  1.0002612666814957e+002  1.0002612666814957e+002  1.0002612666814957e+002
  1.0300809375706194e+002  1.0128269949661490e+002  1.0070624605499643e+002  1.0061565261562282e+002  1.0016603946089890e+002  1.0016603946089890e+002  1.0016603946089890e+002  1.0016603946089890e+002  1.0016603946089890e+002  1.0016603946089890e+002  1.0016603946089890e+002  1.0016603946089890e+002  1.0016603946089890e+002  1.0016603946089890e+002
  1.0352687324483850e+002  1.0098856805956575e+002  1.0070899023633638e+002  1.0051385315625930e+002  1.0024430490913892e+002  1.0016001151795035e+002  1.0016001151795035e+002  1.0011526832674281e+002  1.0011526832674281e+002  1.0011526832674281e+002  1.0011526832674281e+002  1.0011526832674281e+002  1.0011526832674281e+002  1.0011526832674281e+002
  1.0306877091109936e+002  1.0201916946404845e+002  1.0116441200530062e+002  1.0055672258996083e+002  1.0038995686714088e+002  1.0036956445854275e+002  1.0017327259095782e+002  1.0017327259095782e+002  1.0017327259095782e+002  1.0017327259095782e+002  1.0017327259095782e+002  1.0008669482165078e+002  1.0008669482165078e+002  1.0008669482165078e+002
  1.0146214014962425e+002  1.0128703715154643e+002  1.0104336692396009e+002  1.0042824111802702e+002  1.0022625409096190e+002  1.0019600029686899e+002  1.0009620842728555e+002  1.0009620842728555e+002  1.0009620842728555e+002  1.0009620842728555e+002  1.0009620842728555e+002  1.0009620842728555e+002  1.0009620842728555e+002  1.0009375201661533e+002
  1.0277235925411060e+002  1.0072199559551291e+002  1.0059271763716697e+002  1.0037888345239207e+002  1.0012648986357226e+002  1.0012648986357226e+002  1.0012648986357226e+002  1.0012648986357226e+002  1.0012648986357226e+002  1.0012390858058507e+002  1.0012390858058507e+002  1.0012390858058507e+002  1.0012390858058507e+002  1.0011666211637203e+002
  1.0255416211280181e+002  1.0092510414513617e+002  1.0092510414513617e+002  1.0061488088581837e+002  1.0010008763110909e+002  1.0010008763110909e+002  1.0010008763110909e+002  1.0010008763110909e+002  1.0010008763110909e+002  1.0010008763110909e+002  1.0010008763110909e+002  1.0010008763110909e+002  1.0010008763110909e+002  1.0010008763110909e+002
  1.0144887337095633e+002  1.0105342598296966e+002  1.0073151430536700e+002  1.0065626539117147e+002  1.0044679262687714e+002  1.0034006625243910e+002  1.0018456279581187e+002  1.0018456279581187e+002  1.0018456279581187e+002  1.0018456279581187e+002  1.0012735809397918e+002  1.0012735809397918e+002  1.0012735809397918e+002  1.0012735809397918e+002
  1.0294481302309032e+002  1.0106643055421000e+002  1.0059968588653373e+002  1.0050717565807327e+002  1.0023971489022051e+002  1.0023971489022051e+002  1.0020862936502863e+002  1.0016059565677142e+002  1.0016059565677142e+002  1.0011743660250977e+002  1.0011743660250977e+002  1.0011743660250977e+002  1.0011743660250977e+002  1.0011743660250977e+002
  1.0161891871946273e+002  1.0096834507831045e+002  1.0079702585140058e+002  1.0034960794400740e+002  1.0025928560033844e+002  1.0025928560033844e+002  1.0018990428412826e+002  1.0018990428412826e+002  1.0018990428412826e+002  1.0018990428412826e+002  1.0015637026674312e+002  1.0015637026674312e+002  1.0005370571029971e+002  1.0005150482375166e+002
  1.0207852349549012e+002  1.0139641404991016e+002  1.0061682548240151e+002  1.0045247876490748e+002  1.0039140209016205e+002  1.0019929226834392e+002  1.0019929226834392e+002  1.0019929226834392e+002  1.0019929226834392e+002  1.0019929226834392e+002  1.0019498614134136e+002  1.0019498614134136e+002  1.0016561245844241e+002  1.0016414163258105e+002
  1.0189693921296112e+002  1.0052567625016036e+002  1.0052567625016036e+002  1.0048127030633123e+002  1.0033529609184325e+002  1.0015654524590491e+002  1.0015654524590491e+002  1.0015654524590491e+002  1.0015654524590491e+002  1.0015654524590491e+002  1.0015654524590491e+002  1.0015654524590491e+002  1.0015654524590491e+002  1.0015654524590491e+002
  1.0160910943362978e+002  1.0108135932818823e+002  1.0073703081775102e+002  1.0045774605250881e+002  1.0012598289233301e+002  1.0012598289233301e+002  1.0012598289233301e+002  1.0012598289233301e+002  1.0012598289233301e+002  1.0012598289233301e+002  1.0012598289233301e+002  1.0012598289233301e+002  1.0012598289233301e+002  1.0012551732534303e+002
  1.0131981172355972e+002  1.0107866853251562e+002  1.0099929401370446e+002  1.0063687765274335e+002  1.0034561845720691e+002  1.0015189552131278e+002  1.0015189552131278e+002  1.0015189552131278e+002  1.0015189552131278e+002  1.0015189552131278e+002  1.0015189552131278e+002  1.0015189552131278e+002  1.0015189552131278e+002  1.0012821684203755e+002
  1.0264504640643554e+002  1.0148223793204897e+002  1.0061005664772665e+002  1.0061005664772665e+002  1.0005229715777023e+002  1.0005229715777023e+002  1.0005229715777023e+002  1.0005229715777023e+002  1.0005229715777023e+002  1.0005229715777023e+002  1.0005229715777023e+002  1.0005229715777023e+002  1.0005229715777023e+002  1.0005229715777023e+002
  1.0167242629898919e+002  1.0095828475236931e+002  1.0057088718214436e+002  1.0028737135727215e+002  1.0028148090614468e+002  1.0014654657671008e+002  1.0009143802320614e+002  1.0009143802320614e+002  1.0009143802320614e+002  1.0009143802320614e+002  1.0009143802320614e+002  1.0009143802320614e+002  1.0009143802320614e+002  1.0003751476401430e+002
  1.0234567911147724e+002  1.0070273888794190e+002  1.0070273888794190e+002  1.0059586291198229e+002  1.0047993677191926e+002  1.0015595676992916e+002  1.0011201800991512e+002  1.0011201800991512e+002  1.0011201800991512e+002  1.0011201800991512e+002  1.0011201800991512e+002  1.0011201800991512e+002  1.0011201800991512e+002  1.0011201800991512e+002
  1.0205633766046049e+002  1.0090109088943473e+002  1.0066462645228921e+002  1.0044482090872361e+002  1.0010563811968359e+002  1.0010563811968359e+002  1.0010563811968359e+002  1.0010563811968359e+002  1.0010563811968359e+002  1.0010563811968359e+002  1.0010563811968359e+002  1.0010563811968359e+002  1.0010563811968359e+002  1.0010563811968359e+002
  1.0229950538491585e+002  1.0165931196664587e+002  1.0076542812972048e+002  1.0049002296007529e+002  1.0014344261198585e+002  1.0001081919988155e+002  1.0001081919988155e+002  1.0001081919988155e+002  1.0001081919988155e+002  1.0001081919988155e+002  1.0001081919988155e+002  1.0001081919988155e+002  1.0001081919988155e+002  1.0001081919988155e+002
  1.0124844572933171e+002  1.0114609965756381e+002  1.0070337243528138e+002  1.0055179828514156e+002  1.0031737456211749e+002  1.0031737456211749e+002  1.0030852193990813e+002  1.0030852193990813e+002  1.0018064318973984e+002  1.0014414177916751e+002  1.0014230545898317e+002  1.0014230545898317e+002  1.0014230545898317e+002  1.0013582496468371e+002
  1.0193178501409966e+002  1.0145035002688928e+002  1.0108026897099990e+002  1.0073351643316164e+002  1.0018457298001931e+002  1.0014017630752187e+002  1.0006709165696157e+002  1.0005149482006937e+002  1.0005149482006937e+002  1.0004778843251415e+002  1.0004778843251415e+002  1.0004778843251415e+002  1.0004778843251415e+002  1.0004778843251415e+002
  1.0238496635380079e+002  1.0107109461161645e+002  1.0073127367440020e+002  1.0041488314263916e+002  1.0027216808902813e+002  1.0024617207268102e+002  1.0024617207268102e+002  1.0024617207268102e+002  1.0024617207268102e+002  1.0024617207268102e+002  1.0009112514685557e+002  1.0009112514685557e+002  1.0009112514685557e+002  1.0009112514685557e+002
  1.0136042641522499e+002  1.0095603581225532e+002  1.0055407486023933e+002  1.0043470877199252e+002  1.0043470877199252e+002  1.0020357019914991e+002  1.0020357019914991e+002  1.0007120060377429e+002  1.0007120060377429e+002  1.0007120060377429e+002  1.0007120060377429e+002  1.0007120060377429e+002  1.0007120060377429e+002  1.0007120060377429e+002
