  1.7854060408224086e+000  1.2667090372940493e+000  1.2667090372940493e+000  9.7859230099652450e-001  6.7223191577500074e-001  5.5315131323345668e-001  4.9868772586978594e-001  4.9868772586978594e-001  4.7367100550718533e-001  2.9453081107931212e-001  2.9453081107931212e-001  2.9453081107931212e-001  1.9534884468089331e-001  5.7826473495651953e-002
  1.9132083993351898e+000  1.4754049683951962e+000  1.2552522572007092e+000  1.0817856000796837e+000  7.8990132206718044e-001  5.4457715616354108e-001  3.5840820579051069e-001  2.3520239517074515e-001  1.0668003274577131e-001  4.5653085961475881e-002  3.3393542425073974e-002  3.3393542425073974e-002  3.3393542425073974e-002  3.3375633646983260e-002
  1.7354109194493503e+000  1.6241044970349776e+000  1.2335986643806791e+000  1.2034180205453140e+000  6.8624873103135542e-001  6.0388293696928486e-001  6.0388293696928486e-001  6.0388293696928486e-001  6.0388293696928486e-001  6.0388293696928486e-001  2.0111573999770371e-001  1.8252651377906659e-001  1.4814623680308614e-001  7.6387444803231119e-002
  1.7826110809185138e+000  1.3608888554031182e+000  1.0502457189368215e+000  1.0502457189368215e+000  6.2055162784781714e-001  4.5768053629262795e-001  3.6137293499973566e-001  3.6136325715210660e-001  3.1548794358332088e-001  3.1138413721600955e-001  3.1102801784936673e-001  3.1102717298972493e-001  3.1102717298972493e-001  3.1102716511918516e-001
  2.3493138985656969e+000  8.9953408054270767e-001  8.9953408054270767e-001  8.9953408054270767e-001  5.4837551393643480e-001  4.3995655146591162e-001  3.2683567704111738e-001  1.8347972066840157e-001  1.2354701022832160e-001  6.4566153141640825e-002  6.1196970626951952e-002  6.0499787591425047e-002  6.0497590464365203e-002  6.0497450458569801e-002
  1.8545612402353981e+000  1.4815976128797956e+000  1.4815976128797956e+000  1.0721578478899119e+000  3.6854845817424575e-001  2.9590885975289893e-001  2.3413785653997365e-001  1.5188599417979276e-001  1.3302088833916059e-001  1.3290732761493018e-001  1.1958246960466568e-001  1.1958242221658111e-001  9.3396234450437987e-002  8.7858378725059083e-002
  1.4782073295054943e+000  1.3827056047191491e+000  1.0546716974276933e+000  8.3609453585654592e-001  5.8717125210159793e-001  5.5549614966844274e-001  3.0200317920548514e-001  3.0200317920548514e-001  2.9413546744262931e-001  2.6200981512556609e-001  1.7327029410535033e-001  1.6834788861160632e-001  1.6834748896644669e-001  1.4933087919894206e-001
  1.3485461615764507e+000  7.8523333459247624e-001  7.8523333459247624e-001  7.8523333459247624e-001  7.0971182230096019e-001  3.5926852536340448e-001  2.1317689141710616e-001  2.0776066172061292e-001  8.6962423210252382e-002  5.8886481147055747e-002  5.1020570384707753e-002  5.1017100093531553e-002  5.1016683123179973e-002  5.1016097999990961e-002
  1.8542951239608101e+000  1.7165077189886233e+000  1.3481833207868021e+000  1.1197139746600442e+000  8.5266976047523713e-001  5.4110699223338088e-001  5.3287350616392359e-001  5.3242858159478601e-001  3.6230262460253471e-001  3.2097247693832287e-001  3.1430009058954056e-001  3.1430009058954056e-001  2.5314370067781056e-001  1.8921432331489996e-001
  1.9747417392964053e+000  1.1421800670957509e+000  1.1421800670957509e+000  1.0257257192843099e+000  7.0634409664739906e-001  5.5013890934742449e-001  4.7646447467445796e-001  4.7646447467445796e-001  3.9846373131535984e-001  2.4239241881696216e-001  1.9706230863266683e-001  1.9706230863266683e-001  1.3566789536548640e-001  1.1986389896333094e-001
  1.6398896598236661e+000  1.0266745522767451e+000  1.0266745522767451e+000  1.0007564461593574e+000  3.9148418947434038e-001  2.7539182925261230e-001  2.7539182925261230e-001  1.7133014735964025e-001  1.3552086570348365e-001  1.0889062029718843e-001  1.0888879859794542e-001  9.9307976681075161e-002  9.6829096386727542e-002  9.6828933633560155e-002
  2.0399042505741818e+000  1.5344922587066776e+000  1.2155727079255030e+000  1.0304574869842327e+000  8.3325485570867386e-001  5.5669032508399141e-001  5.4362522222186271e-001  5.4352305324368899e-001  3.2345236521518927e-001  3.2344532097567935e-001  3.2344532097567935e-001  2.9657067164498585e-001  1.5215351612096129e-001  1.3665549233201091e-001
  2.1940267140498690e+000  6.8149961004769466e-001  6.0685724016752829e-001  6.0685724016752829e-001  5.6336746373995084e-001  3.1571522087392623e-001  3.1571522087392623e-001  2.2759632450106437e-001  7.5733536947154789e-002  7.5722039764968940e-002  7.5722039764968940e-002  7.5703374752038144e-002  7.5681808879608070e-002  7.5668437205877126e-002
  1.7927640407660874e+000  1.5840336143423883e+000  1.3111210843894696e+000  8.3919294351676399e-001  5.3604820906684836e-001  2.1522271838148299e-001  2.1522271838148299e-001  2.1522271838148299e-001  2.1522271838148299e-001  2.1522271838148299e-001  2.1522271838148299e-001  2.1522271838148299e-001  2.1522271838148299e-001  1.4448041079981522e-001
  1.9392108143979385e+000  1.3163493937715884e+000  1.1605754836166398e+000  7.7179167472399968e-001  5.5431736565742540e-001  5.5431736565742540e-001  5.5431736565742540e-001  5.4892238710112906e-001  4.6931436213162669e-001  4.6931436213162669e-001  2.9658321025658552e-001  2.9051927402815636e-001  2.0496527032901213e-001  1.7259266823293729e-001
  1.8090059948051476e+000  1.5979174710880670e+000  1.4612381990405083e+000  1.1059748138459327e+000  8.5431764953955280e-001  5.7602764298007969e-001  3.4473828228055936e-001  2.2629365684224467e-001  2.2629365684224467e-001  2.2629365684224467e-001  2.2629365684224467e-001  1.4450309937797101e-001  1.0171439458054010e-001  1.0171401708771555e-001
  2.0606708307600456e+000  1.0728112440483528e+000  1.0728112440483528e+000  8.4454561214374735e-001  4.5230370259150732e-001  4.3877121498326233e-001  2.0274164186298549e-001  2.0274164186298549e-001  1.2827648376719480e-001  1.2826859335359586e-001  1.2826201002235393e-001  1.2826164728858203e-001  1.2825970284097821e-001  1.2824398224279321e-001
  2.1051792942225802e+000  1.3908694095982810e+000  1.2542805438595224e+000  1.2542805438595224e+000  7.2226691335799842e-001  4.8482928229282152e-001  1.2547922427006597e-001  1.1107038420436766e-001  6.0914733710433211e-002  6.0895773434822331e-002  6.0895612485410311e-002  6.0895503327174083e-002  6.0895434123040104e-002  6.0895015639744088e-002
  2.4984343256389820e+000  1.4360179164345936e+000  1.4360179164345936e+000  1.1225119716814334e+000  6.3114854799368914e-001  4.5125974651023171e-001  4.1484995907762823e-001  2.7637652931480261e-001  2.7637652931480261e-001  2.7637652931480261e-001  1.6771650860141563e-001  1.5838834975738791e-001  1.5826945526009695e-001  1.0851134195286249e-001
  1.8734968176147504e+000  1.3930003349614708e+000  1.2591158145912686e+000  1.1312090269373130e+000  8.5553368674231933e-001  4.7596557552924423e-001  4.7596557552924423e-001  4.2842202203837587e-001  2.4802403322314603e-001  2.1555650841628449e-001  2.0619604116882329e-001  1.0805756559398105e-001  1.0805756559398105e-001  1.0805081151738705e-001
  2.4526462641340459e+000  1.6262308874579503e+000  9.1839685780655600e-001  8.7548178837369051e-001  2.8983573758682724e-001  2.0962279283435237e-001  1.0913891667814823e-001  1.0004353579756753e-001  1.0004353579756753e-001  1.0004353579756753e-001  1.0004353579756753e-001  1.0004353579756753e-001  1.0004353579756753e-001  4.4159394766211335e-002
  1.4046181067328689e+000  1.3743023747076677e+000  1.2075861421706122e+000  1.1124845228846425e+000  1.7168986816045617e-001  1.7168986816045617e-001  1.5036108430263084e-001  1.5035821540459438e-001  1.5035711140694730e-001  1.5035699573650163e-001  1.5035696671543519e-001  1.4779776096088426e-001  1.3857933574513481e-001  1.2808643348080295e-001
  2.1915370249644184e+000  1.5415815471535552e+000  1.1111860322007487e+000  8.4014104573657278e-001  6.6001753393152285e-001  3.3247090287545689e-001  3.3247090287545689e-001  1.0551516946088668e-001  1.0345465749310279e-001  1.0345465749310279e-001  1.0338963932508705e-001  1.0338963932508705e-001  1.0338963932508705e-001  1.0331855192180228e-001
  1.9963203108825383e+000  1.4583433392654115e+000  1.3936853325226366e+000  1.2104558672601797e+000  6.0905119091717097e-001  3.1995560171344550e-001  2.2374754221823423e-001  2.2374754221823423e-001  2.2374754221823423e-001  2.2374754221823423e-001  2.0480654689322364e-001  2.0480654689322364e-001  1.3319123834116908e-001  1.2409147124276387e-001
  1.5191637046182223e+000  8.0967583626011219e-001  8.0967583626011219e-001  5.2142296414012890e-001  5.2142296414012890e-001  3.2430752923278305e-001  2.5959649407718643e-001  2.4269483501348077e-001  2.4246719445477538e-001  2.4246719445477538e-001  2.4246719445477538e-001  2.4147541667389305e-001  7.7581233385444648e-002  5.5230905427379184e-002
  2.0799162112627982e+000  1.6194572346103087e+000  1.1714846020761343e+000  1.0874425333659019e+000  6.3759296309081037e-001  4.7483101418129081e-001  4.7483101418129081e-001  4.7483101418129081e-001  4.7483101418129081e-001  4.7483101418129081e-001  4.7483101418129081e-001  2.9465974922982241e-001  2.3500293073675493e-001  1.5415602997381939e-001
  2.1025109852314472e+000  2.0053605487782988e+000  9.5629838333547923e-001  9.5629838333547923e-001  1.2940706485505871e-001  1.2940706485505871e-001  1.2934613527022520e-001  1.2933588914165739e-001  1.2933512490826615e-001  9.0734380051344488e-002  8.1423632083442499e-002  8.1423604558040097e-002  8.1423602325230604e-002  8.1423383101537183e-002
  2.5787812776782175e+000  1.4021555425742918e+000  1.0593838251406851e+000  8.0907671276804649e-001  7.9211821778494595e-001  3.0666216129930035e-001  2.9275518808753986e-001  2.7584389178173296e-001  2.7584313873717292e-001  2.0408101129328315e-001  2.0408101129328315e-001  2.0408101129328315e-001  2.0408101129328315e-001  2.0408040203346900e-001
  1.1392276318372296e+000  1.1392276318372296e+000  1.1392276318372296e+000  9.2784034709302432e-001  8.9812648227939462e-001  6.0380224094069490e-001  2.4175283383124224e-001  8.5569511128596787e-002  8.5569511128596787e-002  6.5208394617002341e-002  5.0642368843909935e-002  5.0642368843909935e-002  5.0642368843909935e-002  5.0642368843909935e-002
  1.4652626836812033e+000  1.4652626836812033e+000  1.3399971101450774e+000  8.5891132641586410e-001  6.5291106529298304e-001  5.6156425508174834e-001  4.8464288515356202e-001  4.6710097812842832e-001  4.6710097812842832e-001  4.1162483349489776e-001  3.7742009098201379e-001  3.1411197602983520e-001  1.2822378347846097e-001  1.2822378347846097e-001
  2.0632593509646995e+000  1.6122731776890760e+000  1.3369602975419639e+000  1.0331877720198008e+000  8.5443491703949803e-001  6.6588622493259209e-001  4.6298177169569499e-001  1.4799304745065456e-001  1.4799304745065456e-001  1.4799304745065456e-001  1.4799304745065456e-001  1.4398570464163640e-001  1.4398548276335532e-001  1.4398548276335532e-001
  2.1182520553559243e+000  1.1393607333948239e+000  1.1393607333948239e+000  1.1393607333948239e+000  7.9267189346819578e-001  4.3367098325279585e-001  4.0750212032958189e-001  4.0750212032958189e-001  4.0750212032958189e-001  3.5813733752024746e-001  2.8177309647026050e-001  2.8177309647026050e-001  2.8177309647026050e-001  2.8174549099003343e-001
  1.8605858095381791e+000  1.6949063750046207e+000  1.5621873611287356e+000  1.0731969773992205e+000  7.2099469268005123e-001  2.0344062177719024e-001  2.0344056998010274e-001  2.0344056998010274e-001  2.0344056998010274e-001  2.0344056998010274e-001  2.0335015261184708e-001  1.8887932495772475e-001  1.8830783768248693e-001  1.6857931229583301e-001
  1.3370584261504064e+000  9.4658689795642204e-001  8.8681905695784735e-001  6.5434312821912499e-001  3.5787232541724734e-001  3.5787232541724734e-001  2.7060942501884711e-001  2.7060930573748010e-001  2.7060930573748010e-001  2.6605024191940174e-001  2.6605024191940174e-001  1.6128190352810634e-001  1.6128190352810634e-001  1.6128174414802743e-001
  2.2112594559937406e+000  1.5455107807972581e+000  1.4542110024451631e+000  9.6403452852791816e-001  8.5354798845264668e-001  5.0231913691322916e-001  4.7562328867252290e-001  9.5251863031535322e-002  9.0212658543578073e-002  7.9648160681017544e-002  7.9648160681017544e-002  7.9648160681017544e-002  7.4173493787839107e-002  4.2637867141138486e-002
  3.0445306961744336e+000  1.2540053119873846e+000  1.2540053119873846e+000  1.2540053119873846e+000  4.4280534049448761e-001  3.2382503159851694e-001  3.2382503159851694e-001  3.0020586573891705e-001  2.8303941796002619e-001  2.8104542889786899e-001  2.8104471661026764e-001  2.8104471661026764e-001  2.3590522444305861e-001  2.3169249546367610e-001
  1.7985747592247208e+000  1.4774686076329999e+000  7.0946269636579018e-001  7.0946269636579018e-001  7.0946269636579018e-001  6.0774807952452647e-001  6.0774807952452647e-001  5.0152771021635090e-001  4.4494290219859067e-001  2.4890199357855636e-001  2.4890199357855636e-001  2.4890199357855636e-001  2.4092573332200118e-001  1.3120326921239212e-001
  1.9427269833488481e+000  1.3125857844011080e+000  9.4770346264931504e-001  8.6445644019249812e-001  3.4953459072198712e-001  2.7896424622986160e-001  2.0305032411465618e-001  2.0304936803131568e-001  1.9675282131561289e-001  1.9675282131561289e-001  1.6578235804445285e-001  1.6578235804445285e-001  1.6397472783864941e-001  1.4092895507133107e-001
  1.3945081341523746e+000  1.3945081341523746e+000  8.3094731071696515e-001  8.3094731071696515e-001  8.0444006897755571e-001  7.1103143263053425e-001  7.1103143263053425e-001  4.3448957243231234e-001  3.6369250041957457e-001  2.0973554390752724e-001  1.4714054487330941e-001  3.2698989291475300e-002  3.2662837607404072e-002  2.3483843263875315e-002
  2.2571799988679686e+000  1.5118057089734975e+000  1.4218013481458911e+000  1.1968015304951223e+000  6.5728913429484237e-001  4.2416721807126123e-001  3.0916661688843305e-001  2.3479190363605085e-001  2.3479190363605085e-001  2.3479190363605085e-001  2.3479190363605085e-001  2.0359775767860810e-001  1.1185388208241420e-001  1.0590739334770660e-001
  1.4018303655941509e+000  1.4018303655941509e+000  1.3193378754924652e+000  1.3065319369723056e+000  6.7694450416547625e-001  3.1773154481334132e-001  1.2597185354752582e-001  1.2597185354752582e-001  1.2597185354752582e-001  1.2597185354752582e-001  1.2597185354752582e-001  1.2597185354752582e-001  1.2597185354752582e-001  8.3353007258438083e-002
  2.0403361795924866e+000  1.6490647086234276e+000  1.4815630910914024e+000  1.1952129455298746e+000  6.2839625948186040e-001  5.3994935824084678e-001  3.7051491891179467e-001  2.9273277384118046e-001  2.6857602507948286e-001  1.3191789736697501e-001  1.2516865288671397e-001  1.2433513467476587e-001  1.2433483407403401e-001  1.1944877802466181e-001
  2.3776204337971194e+000  1.7291438012412073e+000  1.2616337817275962e+000  5.9371810209358955e-001  5.9371810209358955e-001  5.9371810209358955e-001  4.4379246978405718e-001  3.8707052433892386e-001  3.8707052433892386e-001  3.8707052433892386e-001  3.2168326729993169e-001  3.2168326729993169e-001  3.1000077681324001e-001  3.1000077681324001e-001
  1.3292307237502428e+000  9.3083861506920584e-001  9.3083861506920584e-001  6.8257839075522497e-001  4.4920742104613964e-001  3.2697671192431699e-001  3.2697671192431699e-001  2.7906169427137684e-001  2.7906169427137684e-001  2.7906169427137684e-001  2.7906169427137684e-001  2.7906169427137684e-001  2.7906169427137684e-001  2.7883912667289223e-001
  1.9373202639046667e+000  1.2351381814742126e+000  9.7356751168899791e-001  8.6863102088432242e-001  7.2896431407366435e-001  5.1562319342247065e-001  2.9606178494464075e-001  2.9606178494464075e-001  2.9606178494464075e-001  2.5606685813022523e-001  2.5606685813022523e-001  2.5511664215378005e-001  2.0767597410895178e-001  1.2719247394397826e-001
  1.6364679011348926e+000  1.4926137436154931e+000  1.3549300915976801e+000  9.7667490274238844e-001  5.9920466972084796e-001  5.9920466972084796e-001  3.1524833518187734e-001  3.1524833518187734e-001  2.6195468255286869e-001  2.6195468255286869e-001  2.6195468255286869e-001  2.1415594917903036e-001  1.1494907757469264e-001  1.0082270756174694e-001
  1.0763592714124570e+000  1.0763592714124570e+000  7.4043778180998743e-001  6.4164529068534648e-001  5.0359562526659829e-001  5.0359562526659829e-001  2.4155541016239113e-001  2.4138786960907055e-001  2.0803816895022464e-001  1.5302294407320005e-001  1.2311307415620831e-001  1.2197131809034545e-001  1.2196964783311159e-001  1.2196910925058546e-001
  2.0961419259497234e+000  9.3315654439334139e-001  9.3315654439334139e-001  9.1646767497195469e-001  4.1471530297712889e-001  4.1471530297712889e-001  4.1471530297712889e-001  2.1523262064442861e-001  2.1523262064442861e-001  2.1523262064442861e-001  2.1331976238639072e-001  2.1292390114672344e-001  2.1250936973910939e-001  2.0925424055712938e-001
  1.6451939828557443e+000  1.0818870694849920e+000  1.0818870694849920e+000  9.1268793143808580e-001  5.6143191008482063e-001  4.9605042048801806e-001  3.0213575698780915e-001  9.6859784149728512e-002  8.2285286144497150e-002  7.6900459731859883e-002  7.0204627960720245e-002  5.9535695164640856e-002  5.9534282919457837e-002  4.8225038127384323e-002
  1.2383596763399964e+000  7.6957087715481975e-001  7.6957087715481975e-001  7.6957087715481975e-001  4.3204302795106742e-001  8.2047583167422999e-002  6.1813722232045620e-002  5.5086086369783516e-002  5.5080477279943807e-002  5.5080274730698875e-002  3.9061938456825374e-002  3.9061938456825374e-002  2.4256118030734797e-002  1.8575784315089550e-002
  2.0199376192581440e+000  1.4220044071580560e+000  1.3841410941458889e+000  1.2330497146783728e+000  9.1734289611531494e-001  7.8367436515850386e-001  2.1310110688455097e-001  1.8319594782587956e-001  1.8016540276312298e-001  1.3920513133371060e-001  1.0624335003490160e-001  1.0617388820696760e-001  6.4743106964670005e-002  6.3880492934231370e-002
