  6.8073908090635427e+001  3.5064641477271721e+001  1.7159865310349346e+001  9.2007741288463194e+000  1.5415759049756161e-001  0.0000000000000000e+000  0.0000000000000000e+000  0.0000000000000000e+000  0.0000000000000000e+000  0.0000000000000000e+000  0.0000000000000000e+000  0.0000000000000000e+000  0.0000000000000000e+000  0.0000000000000000e+000
  5.4854189317081591e+001  3.8449997354107609e+001  2.1264063492774540e+001  1.1244896395039973e+001  3.5648039060447445e-002  0.0000000000000000e+000  0.0000000000000000e+000  0.0000000000000000e+000  0.0000000000000000e+000  0.0000000000000000e+000  0.0000000000000000e+000  0.0000000000000000e+000  0.0000000000000000e+000  0.0000000000000000e+000
  6.5206505710472243e+001  2.9369133221155266e+001  2.3513365875856948e+001  9.4866181658817368e+000  1.0142788819503039e+000  0.0000000000000000e+000  0.0000000000000000e+000  0.0000000000000000e+000  0.0000000000000000e+000  0.0000000000000000e+000  0.0000000000000000e+000  0.0000000000000000e+000  0.0000000000000000e+000  0.0000000000000000e+000
  5.6501536992611818e+001  2.9427190962280747e+001  1.2848937909407937e+001  7.1221099535420080e+000  1.4392550027696416e-001  0.0000000000000000e+000  0.0000000000000000e+000  0.0000000000000000e+000  0.0000000000000000e+000  0.0000000000000000e+000  0.0000000000000000e+000  0.0000000000000000e+000  0.0000000000000000e+000  0.0000000000000000e+000
  5.6041874687705445e+001  3.0385936356969410e+001  1.2382766244770323e+001  7.7861143896360545e+000  1.1128270709900789e-001  0.0000000000000000e+000  0.0000000000000000e+000  0.0000000000000000e+000  0.0000000000000000e+000  0.0000000000000000e+000  0.0000000000000000e+000  0.0000000000000000e+000  0.0000000000000000e+000  0.0000000000000000e+000
  4.5913105072537064e+001  3.2411708302906391e+001  1.7412936313775162e+001  7.7876234281626466e+000  5.0309716464948906e-001  1.6451747342216549e-007  0.0000000000000000e+000  0.0000000000000000e+000  0.0000000000000000e+000  0.0000000000000000e+000  0.0000000000000000e+000  0.0000000000000000e+000  0.0000000000000000e+000  0.0000000000000000e+000
  4.2332356378372197e+001  2.4029939778337393e+001  2.2633153192005921e+001  7.1491564323798684e+000  7.8474976361349036e-003  0.0000000000000000e+000  0.0000000000000000e+000  0.0000000000000000e+000  0.0000000000000000e+000  0.0000000000000000e+000  0.0000000000000000e+000  0.0000000000000000e+000  0.0000000000000000e+000  0.0000000000000000e+000
  5.3183276597881672e+001  2.2988205384651906e+001  1.5501263340209221e+001  3.5401553612930456e+000  3.1851515032030875e-003  0.0000000000000000e+000  0.0000000000000000e+000  0.0000000000000000e+000  0.0000000000000000e+000  0.0000000000000000e+000  0.0000000000000000e+000  0.0000000000000000e+000  0.0000000000000000e+000  0.0000000000000000e+000
  6.6280917785908287e+001  3.4853644348258513e+001  1.8182421591235766e+001  4.2403235165302249e+000  6.3595557037615436e-002  0.0000000000000000e+000  0.0000000000000000e+000  0.0000000000000000e+000  0.0000000000000000e+000  0.0000000000000000e+000  0.0000000000000000e+000  0.0000000000000000e+000  0.0000000000000000e+000  0.0000000000000000e+000
  5.8695340811300412e+001  3.6507245605877642e+001  2.0641196510265218e+001  6.8181926296018673e+000  1.7665154545306905e-001  1.8486764474801021e-007  0.0000000000000000e+000  0.0000000000000000e+000  0.0000000000000000e+000  0.0000000000000000e+000  0.0000000000000000e+000  0.0000000000000000e+000  0.0000000000000000e+000  0.0000000000000000e+000
  5.7408665299937184e+001  3.3845111815686437e+001  2.4844468748898180e+001  8.7930747082043581e+000  7.4569391382055983e-002  0.0000000000000000e+000  0.0000000000000000e+000  0.0000000000000000e+000  0.0000000000000000e+000  0.0000000000000000e+000  0.0000000000000000e+000  0.0000000000000000e+000  0.0000000000000000e+000  0.0000000000000000e+000
  5.5801817938752720e+001  2.7784257475883010e+001  1.4776377243128650e+001  6.7531859928604945e+000  1.1385992553994129e-001  0.0000000000000000e+000  0.0000000000000000e+000  0.0000000000000000e+000  0.0000000000000000e+000  0.0000000000000000e+000  0.0000000000000000e+000  0.0000000000000000e+000  0.0000000000000000e+000  0.0000000000000000e+000
  4.5387155464301600e+001  2.5394274192653143e+001  2.2381072339690036e+001  8.1610929245543957e+000  2.4548652157182005e-001  2.6159627850574907e-006  0.0000000000000000e+000  0.0000000000000000e+000  0.0000000000000000e+000  0.0000000000000000e+000  0.0000000000000000e+000  0.0000000000000000e+000  0.0000000000000000e+000  0.0000000000000000e+000
  3.7718900598761252e+001  3.0433331542819474e+001  1.9335380692437184e+001  8.4383206247192675e+000  2.9973203417159766e-001  0.0000000000000000e+000  0.0000000000000000e+000  0.0000000000000000e+000  0.0000000000000000e+000  0.0000000000000000e+000  0.0000000000000000e+000  0.0000000000000000e+000  0.0000000000000000e+000  0.0000000000000000e+000
  5.6018719677092804e+001  2.3044010235041810e+001  1.3241467462039395e+001  5.3518094104063039e+000  1.2068680962556755e-002  0.0000000000000000e+000  0.0000000000000000e+000  0.0000000000000000e+000  0.0000000000000000e+000  0.0000000000000000e+000  0.0000000000000000e+000  0.0000000000000000e+000  0.0000000000000000e+000  0.0000000000000000e+000
  4.7721778924628779e+001  3.1094484884604185e+001  1.3412832443729371e+001  6.2398249548949707e+000  6.6315442966811133e-002  0.0000000000000000e+000  0.0000000000000000e+000  0.0000000000000000e+000  0.0000000000000000e+000  0.0000000000000000e+000  0.0000000000000000e+000  0.0000000000000000e+000  0.0000000000000000e+000  0.0000000000000000e+000
  4.8785429555583846e+001  2.8506519358100263e+001  1.9915894317753327e+001  9.2217352345471681e+000  3.3956006460334720e-001  0.0000000000000000e+000  0.0000000000000000e+000  0.0000000000000000e+000  0.0000000000000000e+000  0.0000000000000000e+000  0.0000000000000000e+000  0.0000000000000000e+000  0.0000000000000000e+000  0.0000000000000000e+000
  5.0014370786206996e+001  2.8887729720183188e+001  1.5934011445830038e+001  9.8790642552928603e+000  1.0849244279131653e-001  8.8083652372006327e-008  0.0000000000000000e+000  0.0000000000000000e+000  0.0000000000000000e+000  0.0000000000000000e+000  0.0000000000000000e+000  0.0000000000000000e+000  0.0000000000000000e+000  0.0000000000000000e+000
  4.8940510206636077e+001  1.9320087376190031e+001  1.6282006654653401e+001  8.0760637777000284e+000  4.1813257962564876e-001  0.0000000000000000e+000  0.0000000000000000e+000  0.0000000000000000e+000  0.0000000000000000e+000  0.0000000000000000e+000  0.0000000000000000e+000  0.0000000000000000e+000  0.0000000000000000e+000  0.0000000000000000e+000
  5.9009801033824033e+001  3.2668403325479176e+001  1.5309015486813678e+001  1.0196548776242253e+001  1.7914344494499801e-001  0.0000000000000000e+000  0.0000000000000000e+000  0.0000000000000000e+000  0.0000000000000000e+000  0.0000000000000000e+000  0.0000000000000000e+000  0.0000000000000000e+000  0.0000000000000000e+000  0.0000000000000000e+000
  5.6276253210906816e+001  3.7244247903895257e+001  1.7128238904317413e+001  6.2584551692009427e+000  2.3894986565403542e-001  0.0000000000000000e+000  0.0000000000000000e+000  0.0000000000000000e+000  0.0000000000000000e+000  0.0000000000000000e+000  0.0000000000000000e+000  0.0000000000000000e+000  0.0000000000000000e+000  0.0000000000000000e+000
  6.6482824813310799e+001  3.4847457255127324e+001  1.6076050251640027e+001  7.5489840987436310e+000  6.8803002301592642e-002  1.4824649952061009e-008  0.0000000000000000e+000  0.0000000000000000e+000  0.0000000000000000e+000  0.0000000000000000e+000  0.0000000000000000e+000  0.0000000000000000e+000  0.0000000000000000e+000  0.0000000000000000e+000
  7.2027884403581538e+001  2.7775125545173637e+001  1.4634963099540414e+001  4.7634115030915609e+000  7.2949860465314487e-002  4.5081014832248911e-006  0.0000000000000000e+000  0.0000000000000000e+000  0.0000000000000000e+000  0.0000000000000000e+000  0.0000000000000000e+000  0.0000000000000000e+000  0.0000000000000000e+000  0.0000000000000000e+000
  7.2903857946910307e+001  3.8715255956849546e+001  2.9177619161117150e+001  9.4008932498036302e+000  1.3231028203244932e-001  8.9008494796871673e-007  0.0000000000000000e+000  0.0000000000000000e+000  0.0000000000000000e+000  0.0000000000000000e+000  0.0000000000000000e+000  0.0000000000000000e+000  0.0000000000000000e+000  0.0000000000000000e+000
  5.1384287177112469e+001  3.8162099956276279e+001  1.6963223202816266e+001  6.5073320210431120e+000  9.7405433344533776e-002  1.1082056516897865e-006  0.0000000000000000e+000  0.0000000000000000e+000  0.0000000000000000e+000  0.0000000000000000e+000  0.0000000000000000e+000  0.0000000000000000e+000  0.0000000000000000e+000  0.0000000000000000e+000
  5.6871169098853557e+001  2.5883539048820239e+001  1.1881088936162200e+001  3.7832077862132110e+000  1.7833892576504695e-002  1.1944848665734753e-008  0.0000000000000000e+000  0.0000000000000000e+000  0.0000000000000000e+000  0.0000000000000000e+000  0.0000000000000000e+000  0.0000000000000000e+000  0.0000000000000000e+000  0.0000000000000000e+000
  6.4326565348548456e+001  3.7570329888554625e+001  1.5756580932215343e+001  7.4067773862033164e+000  4.1129540190922853e-002  0.0000000000000000e+000  0.0000000000000000e+000  0.0000000000000000e+000  0.0000000000000000e+000  0.0000000000000000e+000  0.0000000000000000e+000  0.0000000000000000e+000  0.0000000000000000e+000  0.0000000000000000e+000
  6.3044230272253003e+001  3.2183515124151768e+001  1.6129185072184669e+001  3.6260469565021367e+000  2.3898914067785881e-003  3.3963488021981902e-008  0.0000000000000000e+000  0.0000000000000000e+000  0.0000000000000000e+000  0.0000000000000000e+000  0.0000000000000000e+000  0.0000000000000000e+000  0.0000000000000000e+000  0.0000000000000000e+000
  5.9298792812845250e+001  2.8382928142678679e+001  2.1977969679696002e+001  6.2443826678393179e+000  6.6404809800815201e-003  0.0000000000000000e+000  0.0000000000000000e+000  0.0000000000000000e+000  0.0000000000000000e+000  0.0000000000000000e+000  0.0000000000000000e+000  0.0000000000000000e+000  0.0000000000000000e+000  0.0000000000000000e+000
  5.5926254419038969e+001  2.3383151228495194e+001  1.6246340599587825e+001  6.9044334245394339e+000  2.0917079415539774e-002  0.0000000000000000e+000  0.0000000000000000e+000  0.0000000000000000e+000  0.0000000000000000e+000  0.0000000000000000e+000  0.0000000000000000e+000  0.0000000000000000e+000  0.0000000000000000e+000  0.0000000000000000e+000
  5.8107093185065310e+001  1.9552226898033950e+001  1.1775369722322580e+001  6.5374073726347888e+000  1.1988678323928070e-001  0.0000000000000000e+000  0.0000000000000000e+000  0.0000000000000000e+000  0.0000000000000000e+000  0.0000000000000000e+000  0.0000000000000000e+000  0.0000000000000000e+000  0.0000000000000000e+000  0.0000000000000000e+000
  4.2528106831866467e+001  2.1597807446157731e+001  1.7718676291054862e+001  8.0073043582514174e+000  4.2079285468503258e-002  0.0000000000000000e+000  0.0000000000000000e+000  0.0000000000000000e+000  0.0000000000000000e+000  0.0000000000000000e+000  0.0000000000000000e+000  0.0000000000000000e+000  0.0000000000000000e+000  0.0000000000000000e+000
  6.1612994116749405e+001  1.9133971333210980e+001  1.2243526338237984e+001  7.9098130407279541e+000  6.6765972434836840e-002  0.0000000000000000e+000  0.0000000000000000e+000  0.0000000000000000e+000  0.0000000000000000e+000  0.0000000000000000e+000  0.0000000000000000e+000  0.0000000000000000e+000  0.0000000000000000e+000  0.0000000000000000e+000
  5.5746686038710436e+001  3.7063998008680187e+001  3.2686456268561756e+001  7.8643628476136200e+000  2.1922873344556137e-001  0.0000000000000000e+000  0.0000000000000000e+000  0.0000000000000000e+000  0.0000000000000000e+000  0.0000000000000000e+000  0.0000000000000000e+000  0.0000000000000000e+000  0.0000000000000000e+000  0.0000000000000000e+000
  7.2451233915372541e+001  3.6129706470721089e+001  2.5714494662685638e+001  4.7835360296853651e+000  4.5528394405437211e-002  0.0000000000000000e+000  0.0000000000000000e+000  0.0000000000000000e+000  0.0000000000000000e+000  0.0000000000000000e+000  0.0000000000000000e+000  0.0000000000000000e+000  0.0000000000000000e+000  0.0000000000000000e+000
  5.9741780190114923e+001  2.2150705757950732e+001  1.0382680610331931e+001  5.8443413366530876e+000  5.5426038320547377e-003  0.0000000000000000e+000  0.0000000000000000e+000  0.0000000000000000e+000  0.0000000000000000e+000  0.0000000000000000e+000  0.0000000000000000e+000  0.0000000000000000e+000  0.0000000000000000e+000  0.0000000000000000e+000
  6.6704216882667538e+001  4.5080290350593600e+001  2.8190393260114547e+001  9.8084162989721335e+000  3.2554695070552953e-001  3.0370763397513656e-006  0.0000000000000000e+000  0.0000000000000000e+000  0.0000000000000000e+000  0.0000000000000000e+000  0.0000000000000000e+000  0.0000000000000000e+000  0.0000000000000000e+000  0.0000000000000000e+000
  4.6013081815968349e+001  3.1354618907499344e+001  1.5164311828204063e+001  7.6366238501066164e+000  8.7594242119166665e-002  0.0000000000000000e+000  0.0000000000000000e+000  0.0000000000000000e+000  0.0000000000000000e+000  0.0000000000000000e+000  0.0000000000000000e+000  0.0000000000000000e+000  0.0000000000000000e+000  0.0000000000000000e+000
  6.9353015873673144e+001  3.5235156465527893e+001  2.1443581184602181e+001  7.4210142785287871e+000  6.1696774318784264e-001  2.7411294922785601e-007  0.0000000000000000e+000  0.0000000000000000e+000  0.0000000000000000e+000  0.0000000000000000e+000  0.0000000000000000e+000  0.0000000000000000e+000  0.0000000000000000e+000  0.0000000000000000e+000
  6.1438922006954840e+001  2.8335224518065274e+001  2.1120940745029543e+001  5.6180839109127874e+000  9.8141845750546963e-002  0.0000000000000000e+000  0.0000000000000000e+000  0.0000000000000000e+000  0.0000000000000000e+000  0.0000000000000000e+000  0.0000000000000000e+000  0.0000000000000000e+000  0.0000000000000000e+000  0.0000000000000000e+000
  4.1174525419968973e+001  2.1850184650101482e+001  1.1863158433027934e+001  6.3121694186986588e+000  1.4727500614196742e-001  0.0000000000000000e+000  0.0000000000000000e+000  0.0000000000000000e+000  0.0000000000000000e+000  0.0000000000000000e+000  0.0000000000000000e+000  0.0000000000000000e+000  0.0000000000000000e+000  0.0000000000000000e+000
  5.9699211118221342e+001  2.1281738497357651e+001  1.5638031164805852e+001  8.4206921706071398e+000  1.8865437039107746e-001  4.1384259930055123e-006  0.0000000000000000e+000  0.0000000000000000e+000  0.0000000000000000e+000  0.0000000000000000e+000  0.0000000000000000e+000  0.0000000000000000e+000  0.0000000000000000e+000  0.0000000000000000e+000
  5.9194600612578256e+001  3.0313215398430543e+001  1.7434461838462767e+001  5.8665235974910956e+000  9.1161182568839649e-003  0.0000000000000000e+000  0.0000000000000000e+000  0.0000000000000000e+000  0.0000000000000000e+000  0.0000000000000000e+000  0.0000000000000000e+000  0.0000000000000000e+000  0.0000000000000000e+000  0.0000000000000000e+000
  5.1983896489485346e+001  2.7881993637165351e+001  2.1259540585014065e+001  8.1167605951601445e+000  2.1638221584680650e-002  0.0000000000000000e+000  0.0000000000000000e+000  0.0000000000000000e+000  0.0000000000000000e+000  0.0000000000000000e+000  0.0000000000000000e+000  0.0000000000000000e+000  0.0000000000000000e+000  0.0000000000000000e+000
  7.3335944638173828e+001  2.8438420093525338e+001  1.7656107789208590e+001  5.8068937747265181e+000  5.8098655119920295e-002  0.0000000000000000e+000  0.0000000000000000e+000  0.0000000000000000e+000  0.0000000000000000e+000  0.0000000000000000e+000  0.0000000000000000e+000  0.0000000000000000e+000  0.0000000000000000e+000  0.0000000000000000e+000
  4.1906308716962371e+001  2.9156948767135077e+001  2.5803228345228490e+001  9.0424581963266064e+000  3.1607706407726255e-001  0.0000000000000000e+000  0.0000000000000000e+000  0.0000000000000000e+000  0.0000000000000000e+000  0.0000000000000000e+000  0.0000000000000000e+000  0.0000000000000000e+000  0.0000000000000000e+000  0.0000000000000000e+000
  5.0519473322419799e+001  3.3311257761914931e+001  1.9880664343067906e+001  6.0700745428747496e+000  6.5298702721975133e-002  0.0000000000000000e+000  0.0000000000000000e+000  0.0000000000000000e+000  0.0000000000000000e+000  0.0000000000000000e+000  0.0000000000000000e+000  0.0000000000000000e+000  0.0000000000000000e+000  0.0000000000000000e+000
  3.9448268240159905e+001  2.5893939190537594e+001  2.1103831983310101e+001  7.7419912827450617e+000  2.2479245266254111e-002  2.5365125111420639e-008  0.0000000000000000e+000  0.0000000000000000e+000  0.0000000000000000e+000  0.0000000000000000e+000  0.0000000000000000e+000  0.0000000000000000e+000  0.0000000000000000e+000  0.0000000000000000e+000
  6.6635075223300987e+001  3.4525659640120921e+001  1.8084330671005887e+001  5.9063822921878000e+000  1.0303053417771935e-001  0.0000000000000000e+000  0.0000000000000000e+000  0.0000000000000000e+000  0.0000000000000000e+000  0.0000000000000000e+000  0.0000000000000000e+000  0.0000000000000000e+000  0.0000000000000000e+000  0.0000000000000000e+000
  5.0128348873562800e+001  2.5604464782293121e+001  1.9022603480670114e+001  6.1001783086378509e+000  2.9346498820166289e-001  7.5173107916270965e-006  0.0000000000000000e+000  0.0000000000000000e+000  0.0000000000000000e+000  0.0000000000000000e+000  0.0000000000000000e+000  0.0000000000000000e+000  0.0000000000000000e+000  0.0000000000000000e+000
  7.4365955397205425e+001  3.8033077505853271e+001  1.6045091283350416e+001  8.3026237977186383e+000  3.1297202949644998e-002  0.0000000000000000e+000  0.0000000000000000e+000  0.0000000000000000e+000  0.0000000000000000e+000  0.0000000000000000e+000  0.0000000000000000e+000  0.0000000000000000e+000  0.0000000000000000e+000  0.0000000000000000e+000
