  1.3446073252832321e+001  1.3212384156512599e+001  1.2868206381580649e+001  1.1853681080091746e+001  1.1853602494459437e+001  1.1853336488722334e+001  1.1506897680244037e+001  1.1116178344858781e+001  1.1116032617562041e+001  1.1115976269827570e+001  1.1115973933310897e+001  1.1115972373367867e+001  1.1115971056506169e+001  1.1115968497746053e+001
  1.3264249148672889e+001  1.3080196141163697e+001  1.2907591508900396e+001  1.1629197454069981e+001  1.1628071647962088e+001  1.1626765243941463e+001  1.1243368752864626e+001  1.1243368305200420e+001  1.1140904660892375e+001  1.1140904659896250e+001  1.1140904638000166e+001  1.1140904635858078e+001  1.1140904634890603e+001  1.1140904634087974e+001
  1.3266750496888108e+001  1.3204591068140871e+001  1.2826122909289779e+001  1.2826122909289779e+001  1.2069631411948649e+001  1.1782564548736673e+001  1.1781524913859130e+001  1.1781240555793602e+001  1.1346919212408693e+001  1.1346625668601064e+001  1.1346581762957385e+001  1.1346553032812835e+001  1.1346511255435644e+001  1.1346451551788505e+001
  1.3596716497335137e+001  1.3400536617203215e+001  1.3268941598837273e+001  1.2631479372989361e+001  1.2630706301956479e+001  1.1042527998574542e+001  1.1042341448862317e+001  1.1042322300709657e+001  1.1042306432991381e+001  1.1042305456600843e+001  1.1042279514095526e+001  1.1042277963332026e+001  1.1042263324760597e+001  1.1042262974651976e+001
  1.3039540726929999e+001  1.3035636074685954e+001  1.3035636074685954e+001  1.2737675841007103e+001  1.2737142868765886e+001  1.2687592151364242e+001  1.1522634132259327e+001  1.1121873691968858e+001  1.1121792158373864e+001  1.1093144921349904e+001  1.0713508142341652e+001  1.0712458546037396e+001  1.0499914736422397e+001  1.0499824058928880e+001
  1.3431915409446219e+001  1.2752551788346864e+001  1.2752551788346864e+001  1.1594308722049163e+001  1.1427950797846961e+001  1.1427600892083547e+001  1.1427561993409881e+001  1.1427540012575946e+001  1.1427517147237722e+001  1.1427432650944638e+001  1.1427389116842505e+001  1.1427351753888615e+001  1.1427322796886301e+001  1.1427230089408340e+001
  1.3379144882980199e+001  1.3152149403728345e+001  1.2747989231131669e+001  1.0524398517019790e+001  1.0524372769519005e+001  1.0524074127300310e+001  1.0523393912210395e+001  1.0518169840753671e+001  1.0516968340589528e+001  1.0516470172615755e+001  1.0516448056143190e+001  1.0516448045560765e+001  1.0340151731555352e+001  1.0339163712124900e+001
  1.3644403925458164e+001  1.3523436414172693e+001  1.3149362436354068e+001  1.2713714651531291e+001  1.2590592517362666e+001  1.2165565539041836e+001  1.1513312260702605e+001  1.1294437363223096e+001  1.1294271868189526e+001  1.1294231992891127e+001  1.1294231992891127e+001  1.1294221806057067e+001  1.1294208753981138e+001  1.1294187311236328e+001
  1.3565587286217351e+001  1.3383347720998927e+001  1.3250637739115064e+001  1.3250637739115064e+001  1.1890501705462157e+001  1.1882029075245555e+001  1.1881302013556251e+001  1.1881285049543067e+001  1.1156105081335909e+001  1.1156057986586120e+001  1.1156001673165974e+001  1.1155909442481288e+001  1.1155853949667062e+001  1.1155788101393455e+001
  1.3191521658076226e+001  1.3035868163708528e+001  1.3035868163708528e+001  1.1771126335701638e+001  1.1534642062680859e+001  1.1533648136238980e+001  1.1533578434167339e+001  1.1292414945743531e+001  1.1292325822548719e+001  1.1292212730206074e+001  1.1292118017927351e+001  1.1292113380269711e+001  1.1292056245621097e+001  1.1292049020746390e+001
  1.3183511493675496e+001  1.3183511493675496e+001  1.2947563592470715e+001  1.2351696233567736e+001  1.1945602429792643e+001  1.1772538444729662e+001  1.1624982642060331e+001  1.1624052260331609e+001  1.1623438282309053e+001  1.1623264307309000e+001  1.1143315175770340e+001  1.1143283516249539e+001  1.1143270600235383e+001  1.1143245936598078e+001
  1.3503016072626451e+001  1.3454376279937833e+001  1.3114136934432054e+001  1.2451172005578883e+001  1.2451026525384123e+001  1.2450718632295548e+001  1.2347200997165828e+001  1.2240117117191176e+001  1.2239957396050841e+001  1.0375780613832831e+001  1.0374875917194004e+001  1.0374861213753547e+001  1.0374837762053403e+001  1.0374814657617435e+001
  1.2848360364823520e+001  1.2848360364823520e+001  1.2788040251231223e+001  1.2151767536775196e+001  1.2151544823798531e+001  1.2151248632373381e+001  1.1897893642603776e+001  1.1332591272960599e+001  1.1332504462422548e+001  1.1332249401152694e+001  1.1332021247019384e+001  1.1331659055250384e+001  1.1331449844783037e+001  1.1282968303815096e+001
  1.3467560294393024e+001  1.3164388582551283e+001  1.3153537561039457e+001  1.2815108960561474e+001  1.2813894328464585e+001  1.2760893181889742e+001  1.2555262583874310e+001  1.2407276201671721e+001  1.1631568982260205e+001  1.1631311980703231e+001  1.1631259845786417e+001  1.1631241427090572e+001  1.1631202769601032e+001  1.1631113810366060e+001
  1.3215052690104585e+001  1.3181289855454224e+001  1.3181289855454224e+001  1.2810857698198788e+001  1.1164547280457555e+001  1.1025427510757027e+001  1.0516950271138739e+001  1.0516648941380254e+001  1.0516433560035921e+001  1.0516241809814574e+001  1.0516149665572357e+001  1.0516073637372529e+001  1.0516057115929016e+001  1.0516054270794484e+001
  1.3125593019057987e+001  1.2831908396256040e+001  1.2831908396256040e+001  1.1954712059263557e+001  1.1953457820174208e+001  1.1686801587350374e+001  1.1686698071861883e+001  1.1686688238285797e+001  1.1641865384153107e+001  1.1641843295910803e+001  1.1641830286182312e+001  1.1641826213178319e+001  1.1641815174259818e+001  1.1641810136505455e+001
  1.3456418252328604e+001  1.3344050787118476e+001  1.3042236378786356e+001  1.2164723872230979e+001  1.2163496359713236e+001  1.2162700047351109e+001  1.1318172157884874e+001  1.1318142156255362e+001  1.1318142132593266e+001  1.1318142021003723e+001  1.1318142019117658e+001  1.1318142019045808e+001  1.1318142018842764e+001  1.1318142018484423e+001
  1.3678087623908596e+001  1.3237655081258254e+001  1.2970508119894475e+001  1.1924601180369564e+001  1.1924381842761477e+001  1.1924254757967219e+001  1.1924242334505834e+001  1.1924209606786690e+001  1.1924187541923629e+001  1.1924141653908464e+001  1.1924104099045280e+001  1.1924093057695245e+001  1.1855648824072659e+001  1.1650937131790442e+001
  1.3428630735458000e+001  1.2768858653772668e+001  1.2768858653772668e+001  1.2475614178336173e+001  1.1668373421524848e+001  1.1663856824421373e+001  1.1413446862530463e+001  1.1413018039805820e+001  1.1412961957190419e+001  1.1412951802943098e+001  1.1412941393083429e+001  1.1412938159984151e+001  1.1386515079894934e+001  1.1361880482734023e+001
  1.3063222806911881e+001  1.2734909380645377e+001  1.2559555970625752e+001  1.2233717833812307e+001  1.2208621486559196e+001  1.2016758913472131e+001  1.2005050359640791e+001  1.2004799310736644e+001  1.2004582957255025e+001  1.2004498035444158e+001  1.2004468960450822e+001  1.2004441053896016e+001  1.2004418564242769e+001  1.2004405573468148e+001
  1.3492453725431233e+001  1.3488193379577069e+001  1.3053350001084027e+001  1.2271241491803039e+001  1.0895129954686354e+001  1.0890777563713073e+001  1.0890550748822079e+001  1.0890527176518390e+001  1.0890489443019533e+001  1.0890442531611825e+001  1.0890396993109107e+001  1.0848532574971841e+001  1.0848178691814155e+001  1.0848166396859369e+001
  1.3475211113277055e+001  1.3375911966070362e+001  1.3048929310515632e+001  1.2605492011967272e+001  1.2602876727075227e+001  1.2078203546784835e+001  1.2077926984080477e+001  1.1710071875462063e+001  1.1709931804563894e+001  1.1709901088864626e+001  1.1709901050202006e+001  1.1555310167373136e+001  1.1308845652166838e+001  1.1308833401302536e+001
  1.3011872291323243e+001  1.2949039659073151e+001  1.2949039659073151e+001  1.1935504410651674e+001  1.1930802197409321e+001  1.1929014011270283e+001  1.1928966973947809e+001  1.1928957755002330e+001  1.1928957563993208e+001  1.1928957558900493e+001  1.1732865433232064e+001  1.1732586104164284e+001  1.1336114027177018e+001  1.1335548599391814e+001
  1.3362011170425149e+001  1.3235081759973582e+001  1.3235081759973582e+001  1.2896612540508386e+001  1.2614219853793657e+001  1.1130791687706505e+001  1.0898611813667230e+001  1.0898237930415689e+001  1.0898176051954351e+001  1.0898119504875240e+001  1.0898077010706402e+001  1.0608190295256236e+001  1.0607084531281771e+001  1.0463827947829259e+001
  1.3418166859591565e+001  1.3312899286969241e+001  1.2889174966119981e+001  1.1886270972566990e+001  1.1880152756998314e+001  1.1649491025475072e+001  1.1402460907123896e+001  1.1402394235405382e+001  1.1402377748524486e+001  1.1402377737730149e+001  1.1402372843017474e+001  1.1402372837240137e+001  1.1402372835752885e+001  1.1402372830023523e+001
  1.3445832165681622e+001  1.3169496542644310e+001  1.3082382322378180e+001  1.2406471688773308e+001  1.2406222671200567e+001  1.2357822010224254e+001  1.2357622421144242e+001  1.2357582141333069e+001  1.2236459523984877e+001  1.2207160282591985e+001  1.1157680187907317e+001  1.1155496114804009e+001  1.0969806452761304e+001  1.0963760103905543e+001
  1.3020248676916253e+001  1.2795990889091627e+001  1.2795990889091627e+001  1.2476653914521421e+001  1.2474688771771980e+001  1.2307738080294939e+001  1.1827417804351853e+001  1.1827252315458281e+001  1.1827183176079643e+001  1.1827125024410407e+001  1.1827069793782812e+001  1.1827041504437148e+001  1.0318234520256283e+001  1.0317494838638595e+001
  1.3534594058801304e+001  1.3170151448552588e+001  1.2893698869690297e+001  1.1436572492916412e+001  1.1436239394116456e+001  1.1436187525511968e+001  1.1436144120099243e+001  1.1436127298522706e+001  1.1436108467133408e+001  1.1221846776018538e+001  1.1215170376331344e+001  1.1212429362264402e+001  1.1212372515414472e+001  1.1212208737134461e+001
  1.3427241168932142e+001  1.3350514282996983e+001  1.2970090963246321e+001  1.1833313165333038e+001  1.1832694928706587e+001  1.1831126891829399e+001  1.1830552165045447e+001  1.1830462736074878e+001  1.1830418060083502e+001  1.1830302089043016e+001  1.1450784126953522e+001  1.1329806844260020e+001  1.1183071155965081e+001  1.1182936769979506e+001
  1.3505648973741472e+001  1.2545209802892941e+001  1.2460963785976674e+001  1.1374138388516485e+001  1.1373028676638341e+001  1.1372216146064375e+001  1.1372150008944800e+001  1.1371908781005686e+001  1.1371847455721536e+001  1.1371841699957031e+001  1.1371834690258993e+001  1.1371833770885360e+001  1.1371832448468240e+001  1.1371824243021592e+001
  1.3467846305714374e+001  1.3386371567067727e+001  1.2556400554005450e+001  1.2276183666699808e+001  1.2275295645264805e+001  1.1963990399949125e+001  1.1962985784891998e+001  1.1962798660374801e+001  1.1962623343458745e+001  1.1691282942149428e+001  1.1691203118340354e+001  1.1691139951573632e+001  1.1691124066201155e+001  1.1691105944493302e+001
  1.3656552411579241e+001  1.3284479914078474e+001  1.3254415865210149e+001  1.2689625670579517e+001  1.1802349928399053e+001  1.1796823449337808e+001  1.1795838952254599e+001  1.1795387588212634e+001  1.1795322929026042e+001  1.1795302232252880e+001  1.1795296294986656e+001  1.1795286318030776e+001  1.1795281368644282e+001  1.1471303870743441e+001
  1.3602873556570785e+001  1.2907164487488444e+001  1.2907164487488444e+001  1.2907164487488444e+001  1.2563180474025785e+001  1.2290323925213670e+001  1.2229912326381964e+001  1.2214430151269426e+001  1.2209688010568016e+001  1.2209632538934557e+001  1.1464010467620938e+001  1.1372560643932047e+001  1.1110864077745418e+001  1.1110831517375573e+001
  1.3150772269950949e+001  1.3132624629966131e+001  1.3132624629966131e+001  1.2794882761449799e+001  1.1896031086647099e+001  1.1884427394722252e+001  1.1883866520799302e+001  1.1883796971664424e+001  1.1712040118454752e+001  1.1613892938144772e+001  1.1613809337893599e+001  1.1613788375354716e+001  1.1613658976524903e+001  1.1613646517445886e+001
  1.3463878774440900e+001  1.3243052766545588e+001  1.2831382840307015e+001  1.2368751270028724e+001  1.2363715132668403e+001  1.2360766836163293e+001  1.2360205033481861e+001  1.2359854852243416e+001  1.0550612092535857e+001  1.0550420603831071e+001  1.0550377720715687e+001  1.0550294558123824e+001  1.0550196247526401e+001  1.0550123498776429e+001
  1.3492401622089119e+001  1.3389089094591782e+001  1.2607114628140607e+001  1.1983946391783320e+001  1.1865252307411311e+001  1.1717905241833478e+001  1.1716271037293154e+001  1.1576280540214384e+001  1.1212869442137389e+001  1.0949887682838607e+001  1.0540413776186142e+001  1.0336676939879908e+001  1.0225152232581877e+001  1.0042962600386772e+001
  1.3534836415129803e+001  1.3372865930584794e+001  1.3372865930584794e+001  1.2275724959441277e+001  1.2273988426242795e+001  1.2271877160024360e+001  1.1475555290242710e+001  1.1475043916240111e+001  1.1474327399465665e+001  1.1473980525537854e+001  1.1473504945551440e+001  1.1428529311313468e+001  1.0715776071433993e+001  1.0715258712334162e+001
  1.3439184211182919e+001  1.3362377601080880e+001  1.3182304025967824e+001  1.1223397366430163e+001  1.1202191114419747e+001  1.1187882585945999e+001  1.1182235176947643e+001  1.0597960016420075e+001  1.0376184861247793e+001  1.0376116947384162e+001  1.0376066334024472e+001  1.0376066324215799e+001  1.0376066312163175e+001  1.0376066292295036e+001
  1.3344763583478425e+001  1.3344763583478425e+001  1.3315216930995575e+001  1.2600791781984071e+001  1.2559506458267379e+001  1.2004276606107624e+001  1.1798949804859831e+001  1.1540924833699364e+001  1.1540901049498416e+001  1.1540883224013669e+001  1.1540880293742021e+001  1.1540880106159420e+001  1.1540880104438884e+001  1.1540880100752247e+001
  1.3422862983245295e+001  1.3292884247319307e+001  1.3082979072005173e+001  1.2551347903097394e+001  1.2548271470057898e+001  1.1952624425021213e+001  1.1427422714818931e+001  1.1427265665819505e+001  1.1427235839520108e+001  1.1427039502265870e+001  1.1426978521982164e+001  1.1426962358617175e+001  1.1426926520399547e+001  1.1426905078391655e+001
  1.3308320495817043e+001  1.2923828219683628e+001  1.2907365304259201e+001  1.1950445285000797e+001  1.1947038686371570e+001  1.1946467897229695e+001  1.1946420416481033e+001  1.1946419492231598e+001  1.1946419490809376e+001  1.1946418453191200e+001  1.1946418447110091e+001  1.1946418446370672e+001  1.1946418292910948e+001  1.1946417660656152e+001
  1.3061462027085781e+001  1.3052555430484517e+001  1.2890787787955105e+001  1.2243286885166981e+001  1.2234267523869221e+001  1.1887475431954499e+001  1.1859208548132983e+001  1.1632406017596622e+001  1.1396985585533457e+001  1.1221221793011637e+001  1.1221167764358370e+001  1.1221130734689496e+001  1.1221119192109200e+001  1.1221106067519031e+001
  1.3714947201738369e+001  1.3087611332532560e+001  1.3087611332532560e+001  1.1731053901938594e+001  1.1729815774383496e+001  1.1728997679555050e+001  1.1728970488098867e+001  1.1728954915914983e+001  1.1728932250279968e+001  1.1728904945585100e+001  1.1728895304124080e+001  1.1728883718194311e+001  1.1728871915949185e+001  1.1728837685212511e+001
  1.3558125452866534e+001  1.2599927632717709e+001  1.2599927632717709e+001  1.1842032148256521e+001  1.1840296324600558e+001  1.1840084746264438e+001  1.1840031342286693e+001  1.1840022258025556e+001  1.1840022245113687e+001  1.1840022244928605e+001  1.1515855810893072e+001  1.1252326812102183e+001  1.1251116583619250e+001  1.1250603452678206e+001
  1.3749342991912727e+001  1.3448144952766143e+001  1.3032880152675034e+001  1.1829518970583649e+001  1.1829355491251135e+001  1.1829228506873733e+001  1.1828276832823803e+001  1.1683134259465078e+001  1.1677945547234685e+001  1.1677647975624723e+001  1.1677536040689574e+001  1.1205874094835508e+001  1.1205456601626793e+001  1.1205443279704241e+001
  1.3560756230993093e+001  1.3085160779970010e+001  1.3085160779970010e+001  1.2514495175721549e+001  1.1636063132816389e+001  1.1568220993405248e+001  1.0824890444084531e+001  1.0824580917530739e+001  1.0824393112559164e+001  1.0824149936528784e+001  1.0760804513707853e+001  1.0758926522631555e+001  1.0758288673760262e+001  1.0758267712877569e+001
  1.3372331953232333e+001  1.2842179003668662e+001  1.2815910465462139e+001  1.1377594284820134e+001  1.1376410560326576e+001  1.1374711598628210e+001  1.1374651257886171e+001  1.1374651248667078e+001  1.1374651231900316e+001  1.1374649109341135e+001  1.1374622849558136e+001  1.1374615652171542e+001  1.0983679153119738e+001  1.0983679073923895e+001
  1.3186073961799821e+001  1.3106797036125727e+001  1.2391746654685221e+001  1.1947585641582691e+001  1.1945330310906684e+001  1.1944697708710237e+001  1.1944690258288801e+001  1.1944685463633050e+001  1.1944685459626044e+001  1.1944685263365955e+001  1.1944685201398443e+001  1.1944684734611883e+001  1.1944684174800386e+001  1.1944684127686287e+001
  1.3532700361880188e+001  1.3216432819833244e+001  1.3216432819833244e+001  1.2860352028075340e+001  1.2860110662075385e+001  1.2119862288275954e+001  1.1318164152220106e+001  1.1318146978533605e+001  1.1318146944842056e+001  1.1318146944686760e+001  1.1318146943975989e+001  1.1318146943583770e+001  1.1318146943233614e+001  1.1318146942570138e+001
  1.2662678704446080e+001  1.2491784577627868e+001  1.2491784577627868e+001  1.1718730611983119e+001  1.1718108375201155e+001  1.1717662464988507e+001  1.1717350270308771e+001  1.1028471701192302e+001  1.1028004781240043e+001  1.1027812423333899e+001  1.1027736882622321e+001  1.1027676188099576e+001  1.1027650061557779e+001  1.1027627147579324e+001
  1.3584147751830187e+001  1.3417888729770084e+001  1.3408868797713467e+001  1.1950314683590250e+001  1.1947754104654678e+001  1.1946041473205696e+001  1.1945629094000878e+001  1.1945611212767972e+001  1.1879222273088999e+001  1.1766539967240078e+001  1.1570901378242297e+001  1.1570723771508710e+001  1.1570714040561143e+001  1.1570711325939556e+001
