  3.2487361128393650e+002  7.4611268641760716e+001  3.2028515215868538e+001  0.0000000000000000e+000  0.0000000000000000e+000  0.0000000000000000e+000  0.0000000000000000e+000  0.0000000000000000e+000  0.0000000000000000e+000  0.0000000000000000e+000  0.0000000000000000e+000  0.0000000000000000e+000  0.0000000000000000e+000  0.0000000000000000e+000
  3.9912660476624069e+002  1.1890247641186875e+002  3.2689266731290786e+001  0.0000000000000000e+000  0.0000000000000000e+000  0.0000000000000000e+000  0.0000000000000000e+000  0.0000000000000000e+000  0.0000000000000000e+000  0.0000000000000000e+000  0.0000000000000000e+000  0.0000000000000000e+000  0.0000000000000000e+000  0.0000000000000000e+000
  3.0018182359527600e+002  1.2079363038662802e+002  4.5090925853543695e+001  0.0000000000000000e+000  0.0000000000000000e+000  0.0000000000000000e+000  0.0000000000000000e+000  0.0000000000000000e+000  0.0000000000000000e+000  0.0000000000000000e+000  0.0000000000000000e+000  0.0000000000000000e+000  0.0000000000000000e+000  0.0000000000000000e+000
  2.2101464308666880e+002  1.0670882445915140e+002  3.3274538506584122e+001  0.0000000000000000e+000  0.0000000000000000e+000  0.0000000000000000e+000  0.0000000000000000e+000  0.0000000000000000e+000  0.0000000000000000e+000  0.0000000000000000e+000  0.0000000000000000e+000  0.0000000000000000e+000  0.0000000000000000e+000  0.0000000000000000e+000
  3.9852404799157557e+002  9.2822009784141528e+001  3.9461544116726145e+001  0.0000000000000000e+000  0.0000000000000000e+000  0.0000000000000000e+000  0.0000000000000000e+000  0.0000000000000000e+000  0.0000000000000000e+000  0.0000000000000000e+000  0.0000000000000000e+000  0.0000000000000000e+000  0.0000000000000000e+000  0.0000000000000000e+000
  3.1354438612656065e+002  8.6730271284638661e+001  4.4458302692131156e+001  1.2320989187855957e-002  0.0000000000000000e+000  0.0000000000000000e+000  0.0000000000000000e+000  0.0000000000000000e+000  0.0000000000000000e+000  0.0000000000000000e+000  0.0000000000000000e+000  0.0000000000000000e+000  0.0000000000000000e+000  0.0000000000000000e+000
  2.6841291060971662e+002  9.8760250219648356e+001  4.0862665459229902e+001  3.2073366902409362e-001  2.0989244691679687e-001  1.3930532579183819e-001  0.0000000000000000e+000  0.0000000000000000e+000  0.0000000000000000e+000  0.0000000000000000e+000  0.0000000000000000e+000  0.0000000000000000e+000  0.0000000000000000e+000  0.0000000000000000e+000
  2.9687253689485192e+002  1.0245211764395867e+002  4.6980266148519490e+001  0.0000000000000000e+000  0.0000000000000000e+000  0.0000000000000000e+000  0.0000000000000000e+000  0.0000000000000000e+000  0.0000000000000000e+000  0.0000000000000000e+000  0.0000000000000000e+000  0.0000000000000000e+000  0.0000000000000000e+000  0.0000000000000000e+000
  3.0248616898394073e+002  1.0683244983679663e+002  5.0062447673558950e+001  0.0000000000000000e+000  0.0000000000000000e+000  0.0000000000000000e+000  0.0000000000000000e+000  0.0000000000000000e+000  0.0000000000000000e+000  0.0000000000000000e+000  0.0000000000000000e+000  0.0000000000000000e+000  0.0000000000000000e+000  0.0000000000000000e+000
  3.6092327059906756e+002  7.8600424509686036e+001  4.3179267907374765e+001  0.0000000000000000e+000  0.0000000000000000e+000  0.0000000000000000e+000  0.0000000000000000e+000  0.0000000000000000e+000  0.0000000000000000e+000  0.0000000000000000e+000  0.0000000000000000e+000  0.0000000000000000e+000  0.0000000000000000e+000  0.0000000000000000e+000
  2.9935118967958988e+002  1.0881894405009780e+002  2.5245587292366736e+001  2.2049637339830497e-001  0.0000000000000000e+000  0.0000000000000000e+000  0.0000000000000000e+000  0.0000000000000000e+000  0.0000000000000000e+000  0.0000000000000000e+000  0.0000000000000000e+000  0.0000000000000000e+000  0.0000000000000000e+000  0.0000000000000000e+000
  3.9117353507891448e+002  1.2625752255224256e+002  4.1778908518946764e+001  2.9552183827604495e-002  2.9552183711416546e-002  0.0000000000000000e+000  0.0000000000000000e+000  0.0000000000000000e+000  0.0000000000000000e+000  0.0000000000000000e+000  0.0000000000000000e+000  0.0000000000000000e+000  0.0000000000000000e+000  0.0000000000000000e+000
  3.5068278964000592e+002  1.0983027214941501e+002  3.5668074466269218e+001  0.0000000000000000e+000  0.0000000000000000e+000  0.0000000000000000e+000  0.0000000000000000e+000  0.0000000000000000e+000  0.0000000000000000e+000  0.0000000000000000e+000  0.0000000000000000e+000  0.0000000000000000e+000  0.0000000000000000e+000  0.0000000000000000e+000
  3.4942913133691809e+002  8.8949590390559365e+001  3.9175901375229728e+001  2.9651549060076832e-002  2.9576773738881457e-002  0.0000000000000000e+000  0.0000000000000000e+000  0.0000000000000000e+000  0.0000000000000000e+000  0.0000000000000000e+000  0.0000000000000000e+000  0.0000000000000000e+000  0.0000000000000000e+000  0.0000000000000000e+000
  3.6572773524024387e+002  1.1749923774406852e+002  4.5741686524356396e+001  9.8572847545028708e-003  9.8572847545028708e-003  0.0000000000000000e+000  0.0000000000000000e+000  0.0000000000000000e+000  0.0000000000000000e+000  0.0000000000000000e+000  0.0000000000000000e+000  0.0000000000000000e+000  0.0000000000000000e+000  0.0000000000000000e+000
  3.4256765974440805e+002  8.7340838960983433e+001  4.1173629868517310e+001  7.3960404387207745e-003  7.3960404387207745e-003  0.0000000000000000e+000  0.0000000000000000e+000  0.0000000000000000e+000  0.0000000000000000e+000  0.0000000000000000e+000  0.0000000000000000e+000  0.0000000000000000e+000  0.0000000000000000e+000  0.0000000000000000e+000
  2.1133225542639343e+002  9.9445611841553728e+001  3.5958489817830014e+001  0.0000000000000000e+000  0.0000000000000000e+000  0.0000000000000000e+000  0.0000000000000000e+000  0.0000000000000000e+000  0.0000000000000000e+000  0.0000000000000000e+000  0.0000000000000000e+000  0.0000000000000000e+000  0.0000000000000000e+000  0.0000000000000000e+000
  2.7138792085720820e+002  1.0068188351646836e+002  4.9187574377675219e+001  0.0000000000000000e+000  0.0000000000000000e+000  0.0000000000000000e+000  0.0000000000000000e+000  0.0000000000000000e+000  0.0000000000000000e+000  0.0000000000000000e+000  0.0000000000000000e+000  0.0000000000000000e+000  0.0000000000000000e+000  0.0000000000000000e+000
  2.7820830256492081e+002  9.2220806455172237e+001  3.5873140203519938e+001  0.0000000000000000e+000  0.0000000000000000e+000  0.0000000000000000e+000  0.0000000000000000e+000  0.0000000000000000e+000  0.0000000000000000e+000  0.0000000000000000e+000  0.0000000000000000e+000  0.0000000000000000e+000  0.0000000000000000e+000  0.0000000000000000e+000
  3.6665434200929553e+002  1.0604564996648037e+002  3.1714969363910654e+001  0.0000000000000000e+000  0.0000000000000000e+000  0.0000000000000000e+000  0.0000000000000000e+000  0.0000000000000000e+000  0.0000000000000000e+000  0.0000000000000000e+000  0.0000000000000000e+000  0.0000000000000000e+000  0.0000000000000000e+000  0.0000000000000000e+000
  2.6907029243912791e+002  8.3577325917989810e+001  3.8216531102150270e+001  0.0000000000000000e+000  0.0000000000000000e+000  0.0000000000000000e+000  0.0000000000000000e+000  0.0000000000000000e+000  0.0000000000000000e+000  0.0000000000000000e+000  0.0000000000000000e+000  0.0000000000000000e+000  0.0000000000000000e+000  0.0000000000000000e+000
  3.5568915496228533e+002  8.8216258534212898e+001  3.9551697182121529e+001  0.0000000000000000e+000  0.0000000000000000e+000  0.0000000000000000e+000  0.0000000000000000e+000  0.0000000000000000e+000  0.0000000000000000e+000  0.0000000000000000e+000  0.0000000000000000e+000  0.0000000000000000e+000  0.0000000000000000e+000  0.0000000000000000e+000
  2.9713050579398271e+002  1.1757329188100277e+002  4.2213720299808188e+001  1.3083910471095805e-001  9.1634808541130042e-007  0.0000000000000000e+000  0.0000000000000000e+000  0.0000000000000000e+000  0.0000000000000000e+000  0.0000000000000000e+000  0.0000000000000000e+000  0.0000000000000000e+000  0.0000000000000000e+000  0.0000000000000000e+000
  3.4894597446922398e+002  1.2503645526773585e+002  5.6292924546239533e+001  2.2141438695143734e-002  0.0000000000000000e+000  0.0000000000000000e+000  0.0000000000000000e+000  0.0000000000000000e+000  0.0000000000000000e+000  0.0000000000000000e+000  0.0000000000000000e+000  0.0000000000000000e+000  0.0000000000000000e+000  0.0000000000000000e+000
  3.1411913174147662e+002  1.0010832139036643e+002  3.3519608800345850e+001  0.0000000000000000e+000  0.0000000000000000e+000  0.0000000000000000e+000  0.0000000000000000e+000  0.0000000000000000e+000  0.0000000000000000e+000  0.0000000000000000e+000  0.0000000000000000e+000  0.0000000000000000e+000  0.0000000000000000e+000  0.0000000000000000e+000
  2.7725946011947212e+002  1.1292249478376459e+002  3.6162899467629359e+001  0.0000000000000000e+000  0.0000000000000000e+000  0.0000000000000000e+000  0.0000000000000000e+000  0.0000000000000000e+000  0.0000000000000000e+000  0.0000000000000000e+000  0.0000000000000000e+000  0.0000000000000000e+000  0.0000000000000000e+000  0.0000000000000000e+000
  3.9981741763935452e+002  1.2705499682355605e+002  5.7189881290540143e+001  1.0544023905367794e-004  0.0000000000000000e+000  0.0000000000000000e+000  0.0000000000000000e+000  0.0000000000000000e+000  0.0000000000000000e+000  0.0000000000000000e+000  0.0000000000000000e+000  0.0000000000000000e+000  0.0000000000000000e+000  0.0000000000000000e+000
  2.7941958483361714e+002  1.1514936216389572e+002  4.3087596068534594e+001  0.0000000000000000e+000  0.0000000000000000e+000  0.0000000000000000e+000  0.0000000000000000e+000  0.0000000000000000e+000  0.0000000000000000e+000  0.0000000000000000e+000  0.0000000000000000e+000  0.0000000000000000e+000  0.0000000000000000e+000  0.0000000000000000e+000
  2.8056909722113357e+002  1.0623249082890743e+002  3.9473520791729925e+001  0.0000000000000000e+000  0.0000000000000000e+000  0.0000000000000000e+000  0.0000000000000000e+000  0.0000000000000000e+000  0.0000000000000000e+000  0.0000000000000000e+000  0.0000000000000000e+000  0.0000000000000000e+000  0.0000000000000000e+000  0.0000000000000000e+000
  3.0870211542995025e+002  1.2407243900145738e+002  3.8422797793648783e+001  3.8417554230181850e-001  3.6529951660702409e-001  0.0000000000000000e+000  0.0000000000000000e+000  0.0000000000000000e+000  0.0000000000000000e+000  0.0000000000000000e+000  0.0000000000000000e+000  0.0000000000000000e+000  0.0000000000000000e+000  0.0000000000000000e+000
  3.0237066949369830e+002  1.2192326598271211e+002  3.6627727180757233e+001  0.0000000000000000e+000  0.0000000000000000e+000  0.0000000000000000e+000  0.0000000000000000e+000  0.0000000000000000e+000  0.0000000000000000e+000  0.0000000000000000e+000  0.0000000000000000e+000  0.0000000000000000e+000  0.0000000000000000e+000  0.0000000000000000e+000
  3.3791021299959766e+002  9.7660452207557228e+001  3.6394018451867282e+001  0.0000000000000000e+000  0.0000000000000000e+000  0.0000000000000000e+000  0.0000000000000000e+000  0.0000000000000000e+000  0.0000000000000000e+000  0.0000000000000000e+000  0.0000000000000000e+000  0.0000000000000000e+000  0.0000000000000000e+000  0.0000000000000000e+000
  3.2004981897774451e+002  8.2966216941928110e+001  3.7429192622522010e+001  0.0000000000000000e+000  0.0000000000000000e+000  0.0000000000000000e+000  0.0000000000000000e+000  0.0000000000000000e+000  0.0000000000000000e+000  0.0000000000000000e+000  0.0000000000000000e+000  0.0000000000000000e+000  0.0000000000000000e+000  0.0000000000000000e+000
  2.8726363527512626e+002  9.0385520322473440e+001  3.6338004066319513e+001  3.2045416452774589e-002  0.0000000000000000e+000  0.0000000000000000e+000  0.0000000000000000e+000  0.0000000000000000e+000  0.0000000000000000e+000  0.0000000000000000e+000  0.0000000000000000e+000  0.0000000000000000e+000  0.0000000000000000e+000  0.0000000000000000e+000
  3.3364710703439732e+002  1.1538251801436490e+002  3.6171379470864849e+001  0.0000000000000000e+000  0.0000000000000000e+000  0.0000000000000000e+000  0.0000000000000000e+000  0.0000000000000000e+000  0.0000000000000000e+000  0.0000000000000000e+000  0.0000000000000000e+000  0.0000000000000000e+000  0.0000000000000000e+000  0.0000000000000000e+000
  3.2646208837833183e+002  7.3253966454133092e+001  4.4836646717833673e+001  0.0000000000000000e+000  0.0000000000000000e+000  0.0000000000000000e+000  0.0000000000000000e+000  0.0000000000000000e+000  0.0000000000000000e+000  0.0000000000000000e+000  0.0000000000000000e+000  0.0000000000000000e+000  0.0000000000000000e+000  0.0000000000000000e+000
  3.5549094206528252e+002  8.9978654930612720e+001  3.8185683236337354e+001  0.0000000000000000e+000  0.0000000000000000e+000  0.0000000000000000e+000  0.0000000000000000e+000  0.0000000000000000e+000  0.0000000000000000e+000  0.0000000000000000e+000  0.0000000000000000e+000  0.0000000000000000e+000  0.0000000000000000e+000  0.0000000000000000e+000
  2.6051602358241939e+002  8.6639452119550356e+001  5.0435017568837111e+001  1.7241020943288277e-002  0.0000000000000000e+000  0.0000000000000000e+000  0.0000000000000000e+000  0.0000000000000000e+000  0.0000000000000000e+000  0.0000000000000000e+000  0.0000000000000000e+000  0.0000000000000000e+000  0.0000000000000000e+000  0.0000000000000000e+000
  2.4994772247213996e+002  1.1303480222467249e+002  5.1491838498628340e+001  0.0000000000000000e+000  0.0000000000000000e+000  0.0000000000000000e+000  0.0000000000000000e+000  0.0000000000000000e+000  0.0000000000000000e+000  0.0000000000000000e+000  0.0000000000000000e+000  0.0000000000000000e+000  0.0000000000000000e+000  0.0000000000000000e+000
  2.8556395245825956e+002  9.1587782197008210e+001  3.7053163564792726e+001  0.0000000000000000e+000  0.0000000000000000e+000  0.0000000000000000e+000  0.0000000000000000e+000  0.0000000000000000e+000  0.0000000000000000e+000  0.0000000000000000e+000  0.0000000000000000e+000  0.0000000000000000e+000  0.0000000000000000e+000  0.0000000000000000e+000
  3.2246045809732186e+002  9.2529014574262874e+001  4.0833903762851492e+001  0.0000000000000000e+000  0.0000000000000000e+000  0.0000000000000000e+000  0.0000000000000000e+000  0.0000000000000000e+000  0.0000000000000000e+000  0.0000000000000000e+000  0.0000000000000000e+000  0.0000000000000000e+000  0.0000000000000000e+000  0.0000000000000000e+000
  3.2305526843987570e+002  1.2241863920938181e+002  4.1190202281696656e+001  9.6508492788416333e-006  0.0000000000000000e+000  0.0000000000000000e+000  0.0000000000000000e+000  0.0000000000000000e+000  0.0000000000000000e+000  0.0000000000000000e+000  0.0000000000000000e+000  0.0000000000000000e+000  0.0000000000000000e+000  0.0000000000000000e+000
  3.5130792810721118e+002  1.2124945066456780e+002  3.1607015095908764e+001  0.0000000000000000e+000  0.0000000000000000e+000  0.0000000000000000e+000  0.0000000000000000e+000  0.0000000000000000e+000  0.0000000000000000e+000  0.0000000000000000e+000  0.0000000000000000e+000  0.0000000000000000e+000  0.0000000000000000e+000  0.0000000000000000e+000
  3.3915254054328352e+002  1.1142973177199292e+002  3.8808818276951797e+001  2.4590442603994234e-002  2.4590440159727223e-002  0.0000000000000000e+000  0.0000000000000000e+000  0.0000000000000000e+000  0.0000000000000000e+000  0.0000000000000000e+000  0.0000000000000000e+000  0.0000000000000000e+000  0.0000000000000000e+000  0.0000000000000000e+000
  3.0306052482479299e+002  8.4612182950218198e+001  3.4996767550735740e+001  2.4686046663191519e-004  0.0000000000000000e+000  0.0000000000000000e+000  0.0000000000000000e+000  0.0000000000000000e+000  0.0000000000000000e+000  0.0000000000000000e+000  0.0000000000000000e+000  0.0000000000000000e+000  0.0000000000000000e+000  0.0000000000000000e+000
  2.8846510311431200e+002  8.5520513237450928e+001  2.8705322455799887e+001  0.0000000000000000e+000  0.0000000000000000e+000  0.0000000000000000e+000  0.0000000000000000e+000  0.0000000000000000e+000  0.0000000000000000e+000  0.0000000000000000e+000  0.0000000000000000e+000  0.0000000000000000e+000  0.0000000000000000e+000  0.0000000000000000e+000
  2.6724820995807659e+002  9.1828352459137932e+001  3.3643841219016394e+001  0.0000000000000000e+000  0.0000000000000000e+000  0.0000000000000000e+000  0.0000000000000000e+000  0.0000000000000000e+000  0.0000000000000000e+000  0.0000000000000000e+000  0.0000000000000000e+000  0.0000000000000000e+000  0.0000000000000000e+000  0.0000000000000000e+000
  2.4036420747297734e+002  9.0848455312857368e+001  2.7940615848501466e+001  1.2320989028239637e-002  0.0000000000000000e+000  0.0000000000000000e+000  0.0000000000000000e+000  0.0000000000000000e+000  0.0000000000000000e+000  0.0000000000000000e+000  0.0000000000000000e+000  0.0000000000000000e+000  0.0000000000000000e+000  0.0000000000000000e+000
  2.8498594140749447e+002  9.9909795259902580e+001  3.5006581279407783e+001  0.0000000000000000e+000  0.0000000000000000e+000  0.0000000000000000e+000  0.0000000000000000e+000  0.0000000000000000e+000  0.0000000000000000e+000  0.0000000000000000e+000  0.0000000000000000e+000  0.0000000000000000e+000  0.0000000000000000e+000  0.0000000000000000e+000
  3.4251374585517578e+002  1.1490631504590738e+002  3.3839907189932319e+001  0.0000000000000000e+000  0.0000000000000000e+000  0.0000000000000000e+000  0.0000000000000000e+000  0.0000000000000000e+000  0.0000000000000000e+000  0.0000000000000000e+000  0.0000000000000000e+000  0.0000000000000000e+000  0.0000000000000000e+000  0.0000000000000000e+000
  2.9513693548763467e+002  1.0679116075045647e+002  3.3479579254631290e+001  0.0000000000000000e+000  0.0000000000000000e+000  0.0000000000000000e+000  0.0000000000000000e+000  0.0000000000000000e+000  0.0000000000000000e+000  0.0000000000000000e+000  0.0000000000000000e+000  0.0000000000000000e+000  0.0000000000000000e+000  0.0000000000000000e+000
