  2.7506254189216728e+004  2.4468283415244965e+004  1.1651037201856194e+004  1.1651037201856194e+004  9.8466298218591728e+003  9.8466298218591728e+003  8.9876201326934315e+003  8.9876201326934315e+003  8.9876201326934315e+003  8.9876201326934315e+003  8.5838087472828847e+003  7.8775235699691475e+003  7.8775235699691475e+003  7.4444778745938092e+003
  2.8049475910295092e+004  2.4449472056230643e+004  1.3528093291358997e+004  1.3528074018612460e+004  1.3528074018612460e+004  1.1465119649228291e+004  1.0347220387605590e+004  1.0347220387605590e+004  9.8915855681522153e+003  7.9635874297055634e+003  7.9635874297055634e+003  7.9635874297055634e+003  7.9635874297055634e+003  7.9635874297055634e+003
  2.7127024694505453e+004  2.4241058456583949e+004  1.2402895491002400e+004  1.2402895491002400e+004  1.1671853894309726e+004  1.0236819281836462e+004  9.5432156021071351e+003  8.9447246167158446e+003  8.6816012878741385e+003  8.6816012878741385e+003  8.6816012878741385e+003  8.6816012878741385e+003  8.6816012878741385e+003  8.6816012878741385e+003
  2.6940024217616476e+004  2.3511825018333493e+004  1.2658688280574865e+004  1.2545369083434784e+004  1.1226395091373186e+004  1.1156841986338026e+004  1.0005158515275318e+004  9.1923803856738414e+003  9.1923803856738414e+003  9.1923803856738414e+003  9.1923803856738414e+003  9.1923803856738414e+003  9.1923803856738414e+003  9.1923803856738414e+003
  2.7599347831856467e+004  2.4186361621408647e+004  1.1003689132359701e+004  1.1003689132359701e+004  1.1003689132359701e+004  1.0369702057117600e+004  9.5046946023341261e+003  9.2201532154048509e+003  9.2201532154048509e+003  6.1925750210793703e+003  6.1925750210793703e+003  6.1925750210793703e+003  6.1925750210793703e+003  6.1925750210793703e+003
  2.7778207936803839e+004  2.3744123586213245e+004  1.0454550671300440e+004  1.0454550671300338e+004  1.0454550671300338e+004  9.1390731644957523e+003  9.1390731644957523e+003  9.1390731644957523e+003  9.1390731644957523e+003  8.7063874472640018e+003  8.3893584840990879e+003  8.3893584840990879e+003  8.3893584840990879e+003  8.3893584840990879e+003
  2.6260317204257415e+004  2.1923425940070407e+004  9.8213372724065739e+003  9.8205125930119320e+003  9.8204465386944030e+003  9.7451761112740533e+003  9.7451761112740533e+003  9.4821683435633822e+003  9.4821683435633822e+003  9.2653514569293366e+003  8.0330337221511654e+003  7.8637501958365538e+003  7.8637501958365538e+003  7.8637501958365538e+003
  2.6980069008891660e+004  2.3480799133349134e+004  1.2195363166822106e+004  1.2195363166822106e+004  1.2195363166822106e+004  1.0758878829400117e+004  1.0758878829400117e+004  1.0758878829400117e+004  1.0758878829400117e+004  1.0758878829400117e+004  7.9606796808767103e+003  7.9606796808767103e+003  7.9606796808767103e+003  7.9606796808767103e+003
  2.6101237408767945e+004  2.4581029196887968e+004  1.3211148082627198e+004  1.3211148082627198e+004  1.3211148082627198e+004  1.0501417664361845e+004  7.9390818779206747e+003  7.9390818779206747e+003  7.9390818779206747e+003  7.9390818779206747e+003  7.9390818779206747e+003  7.9390818779206747e+003  7.9390818779206747e+003  7.9390818779206747e+003
  2.7028930550955360e+004  2.4084937461631664e+004  1.2794037295963084e+004  1.2794037295963084e+004  1.2794037295963084e+004  1.2794037295963084e+004  1.2794037295963084e+004  9.4759078455761410e+003  9.0771293405398101e+003  8.0180789038013027e+003  8.0180789038013027e+003  6.3581554425719078e+003  6.3581554425719078e+003  6.3581554425719078e+003
  2.7855196898488924e+004  2.4175116973890479e+004  1.1676609570194101e+004  1.1676609570194101e+004  1.1041549850463198e+004  1.0861055099321329e+004  9.4984282219342203e+003  9.4984282219342203e+003  9.4984282219342203e+003  7.6728626602218355e+003  7.6270128512305746e+003  6.4725740800991916e+003  6.4725740800991916e+003  5.1956467605582147e+003
  2.8359715717435523e+004  2.4365688191033427e+004  1.2789670102450862e+004  1.2789670102450862e+004  1.2789670101328928e+004  9.9481059900243818e+003  9.9481059900243818e+003  9.9481059900243818e+003  9.9481059900243818e+003  9.9481059900243818e+003  9.9481059900243818e+003  8.9286009299228754e+003  8.9286009299228754e+003  8.7105570023194523e+003
  2.8098740140376995e+004  2.4595829448601293e+004  1.1981635913931310e+004  1.1981635913931310e+004  1.1981635913931310e+004  9.8142681486839283e+003  9.8142681486839283e+003  9.8142681486839283e+003  9.4590589488243859e+003  9.4590589488243859e+003  8.7276818502685855e+003  7.8783587537693456e+003  6.9715225221563669e+003  6.9715225221562578e+003
  2.7440129634163834e+004  2.4767188920841541e+004  1.4494890776165932e+004  1.3090969797306385e+004  1.3090969797306385e+004  9.2808643429571603e+003  9.2808643429571603e+003  9.2808643429571603e+003  9.2808643429571603e+003  9.2808643429571603e+003  8.7631591960147634e+003  8.1169912302100129e+003  8.1169912302100129e+003  8.1169912302100129e+003
  2.7294151212965055e+004  2.4124138625808213e+004  1.1117287927128426e+004  1.1117287927128426e+004  9.8377172904128238e+003  9.8377172904128238e+003  9.8377172904128238e+003  9.4810472444513252e+003  9.4809003859788609e+003  9.4809003859788609e+003  7.5025276944992947e+003  6.8087186425242471e+003  6.8087186425242471e+003  6.8087186425242471e+003
  2.6535403982534750e+004  2.3704386386565056e+004  1.2126962999062915e+004  1.2126962999062915e+004  1.2126962999062915e+004  1.1906086244712340e+004  1.1906086244712340e+004  1.1906086244712340e+004  1.1906086244712340e+004  9.0801274143946066e+003  8.0994161396259515e+003  8.0994161396259515e+003  8.0994161396259515e+003  8.0994161396259515e+003
  2.6275586743100335e+004  2.4994981959737102e+004  1.4119329467797761e+004  1.3107899567531560e+004  1.0709140630388400e+004  1.0709140630388400e+004  1.0709140630388400e+004  1.0709140630388400e+004  1.0709140630388400e+004  9.2669679017905582e+003  9.2669679017905582e+003  9.2669679017905582e+003  9.2669679017905582e+003  9.2669679017905582e+003
  2.7894438845403511e+004  2.4698013768685276e+004  1.1913654803497688e+004  1.1913654803497688e+004  1.1913654803497688e+004  1.0926757473029218e+004  1.0193783266819388e+004  1.0193783266819388e+004  9.6820397657321300e+003  9.6820395495514094e+003  9.6820395495514094e+003  9.6820395495514094e+003  8.5170430786473589e+003  8.5170430786473589e+003
  2.7716546068844797e+004  2.4033408778319845e+004  1.1151884055131879e+004  1.1151884055131879e+004  1.1151884055131879e+004  1.1151884055131879e+004  1.1151884055131879e+004  9.0176582681413201e+003  9.0176582681413201e+003  9.0176582681413201e+003  9.0176582681413201e+003  9.0176582681413201e+003  9.0176582681413201e+003  9.0176582681413201e+003
  2.7430367037962635e+004  2.5044974332765876e+004  1.3251683379846516e+004  1.3251683379846516e+004  1.3171309568911900e+004  1.2069831892349124e+004  1.0801123182463743e+004  1.0801123182463743e+004  1.0801123182463743e+004  1.0801123182463743e+004  1.0677107736370097e+004  1.0150255082005286e+004  1.0150255082005286e+004  1.0150255082005286e+004
  2.7886665240978164e+004  2.3975749767657540e+004  1.1546798024228628e+004  1.1546798024211585e+004  1.0343430069396985e+004  1.0343430069396964e+004  9.7323909019451021e+003  9.0413188364290108e+003  7.9925672307967034e+003  7.8344073551506663e+003  7.2411399341522629e+003  7.2411399341522629e+003  7.2411399341522629e+003  7.2411399341522629e+003
  2.6511763224345297e+004  2.3839684069599163e+004  1.0546005814738437e+004  9.9093442859441311e+003  9.1965078599213412e+003  8.5644804614132518e+003  8.5644804614132518e+003  8.5644804614132518e+003  7.9526309509081184e+003  7.9526309509081184e+003  7.3397632808421185e+003  7.3397632808421185e+003  7.3397632808421185e+003  7.3397632808421185e+003
  2.6767884726740944e+004  2.4370788037178216e+004  1.1558330498890158e+004  1.1558330498890158e+004  1.1458152935168371e+004  1.0206930500426486e+004  1.0206930500426479e+004  7.1651478990997930e+003  7.1651478990996766e+003  7.1651478990996766e+003  7.1651478990996766e+003  7.1651478990996766e+003  7.1651478990996766e+003  7.1651478990996766e+003
  2.6481309984380627e+004  2.4520074736181647e+004  1.0289147113473806e+004  1.0289147113473806e+004  1.0289147113473806e+004  1.0289147113473806e+004  1.0289147113473806e+004  1.0289147113473806e+004  1.0289147113473806e+004  1.0289147113473806e+004  1.0289147113473806e+004  1.0289147113473806e+004  1.0289147113473806e+004  1.0289147113473806e+004
  2.7936750895571000e+004  2.4321408252367750e+004  1.1192093988484434e+004  1.1192093988484434e+004  1.1192093988484434e+004  1.1192093988484434e+004  1.1192093988484434e+004  1.0545199470404870e+004  1.0545195697953517e+004  9.0814957795273076e+003  9.0814957795273076e+003  8.1776838834496375e+003  8.1776838834496375e+003  8.1776838834496375e+003
  2.7431011955708174e+004  2.4427561006289598e+004  1.1120342700535577e+004  1.1120342700535577e+004  1.0450080930114218e+004  8.9642076267416851e+003  8.9642076267416851e+003  8.7706972226449216e+003  8.1562396749707841e+003  8.1562396749707841e+003  8.1562396749707841e+003  7.8667728693320169e+003  7.8667728693320169e+003  7.8667728693320169e+003
  2.6854201210864856e+004  2.4464730189448419e+004  1.2371328143906143e+004  1.2371309138224129e+004  1.1160905446182111e+004  1.0977255919138064e+004  1.0977255919138064e+004  1.0977255919138064e+004  1.0272071581077285e+004  1.0272071581077285e+004  9.0788324675996628e+003  9.0788324675996628e+003  9.0788324675996628e+003  8.3552861612942506e+003
  2.7823792694146279e+004  2.4424787467954335e+004  1.2714224889488312e+004  1.2714224889488312e+004  1.2714224889488312e+004  8.2912739308577584e+003  8.0906286788467478e+003  6.6406587912820833e+003  6.6406587912820833e+003  6.5733559017143998e+003  6.5733559017143998e+003  6.5733559017143998e+003  6.5733559017143998e+003  6.5733559017143998e+003
  2.7446256336324601e+004  2.4152631739767468e+004  1.1063286756793605e+004  1.0133560409503280e+004  1.0133560409503280e+004  9.5201892133290021e+003  8.6557174068676177e+003  7.8445129011378012e+003  7.8445129011378012e+003  7.8445129011378012e+003  6.6088331703558433e+003  6.6088331703558433e+003  6.6088331703558433e+003  6.6088331703558433e+003
  2.7003018715025592e+004  2.4366010101234187e+004  1.1746909436230417e+004  1.1746909436230417e+004  1.1746909436230417e+004  1.1279076544174735e+004  1.0036576991034093e+004  8.5319671351491052e+003  8.5319671351491052e+003  8.5319671351491052e+003  8.5319671351491052e+003  8.5319671351491052e+003  8.5319671351491052e+003  7.5633930978071876e+003
  2.7770991773651083e+004  2.3580892631062037e+004  1.1240579321535744e+004  1.0967044290123325e+004  1.0113763332078786e+004  1.0113763332078786e+004  9.6299650852824343e+003  9.6299650852824343e+003  8.8147999555565766e+003  8.8147999555565766e+003  8.8147999555565766e+003  8.8147999555565766e+003  8.8147999555565766e+003  8.8147999555565766e+003
  2.7013984295538241e+004  2.3761365783035351e+004  1.4099334862243555e+004  1.4099334862243555e+004  1.0862898664550441e+004  1.0862898664549408e+004  1.0862898664549408e+004  1.0526659066046275e+004  9.3802401375290137e+003  9.3802401375290137e+003  9.3802401375290137e+003  9.3802401375290137e+003  9.3802401375290137e+003  8.9861817269424937e+003
  2.7625070812818522e+004  2.4357789046958180e+004  1.3011656845363341e+004  1.2774698545441515e+004  1.2478598077572540e+004  1.0432539609687832e+004  9.9698898998570949e+003  9.0223504238168753e+003  9.0223504238168753e+003  7.8447523822396033e+003  7.8447523822396033e+003  7.8447523822396033e+003  7.8447523822396033e+003  7.8447523822396033e+003
  2.7436061270663489e+004  2.4503839323987628e+004  1.3547685097584770e+004  1.2660621171964613e+004  1.2660621112766221e+004  1.1405570879518255e+004  1.1405570879518255e+004  1.1405570879518255e+004  1.1338230352684823e+004  1.0701112486124675e+004  1.0701112486124675e+004  1.0527802446599359e+004  8.3143054581193719e+003  8.3143054581193719e+003
  2.6542888495123039e+004  2.5131020387567933e+004  1.3102071830584347e+004  1.3102071830584347e+004  1.1222536036971575e+004  8.5458765988344749e+003  8.5458765988344749e+003  8.5458765988344749e+003  8.5458765988344749e+003  8.5458765988344749e+003  8.5458765988344749e+003  8.5458765988344749e+003  8.5458765988344749e+003  8.5458765988344749e+003
  2.7733350111493870e+004  2.5421269998201980e+004  1.1059413152708545e+004  1.1059413152708530e+004  1.1059413152708530e+004  1.1059413152708530e+004  1.1059413152708530e+004  1.1059413152708530e+004  1.0400609534175677e+004  8.9201583103976445e+003  8.9201583103976445e+003  8.9201583103976445e+003  8.9201583103976445e+003  8.0898503478774510e+003
  2.8027034138279167e+004  2.4946046063500347e+004  1.3169637004873133e+004  1.3169636969733037e+004  1.2677633992456489e+004  8.7911193722165990e+003  8.7911189880377060e+003  7.7324146244474832e+003  7.7324146244474832e+003  7.7324146244474832e+003  7.7324146244474832e+003  6.8374735871675366e+003  6.8374735871675366e+003  6.8374735871675366e+003
  2.6778123892922322e+004  2.3735302225947813e+004  1.2439591636852816e+004  1.2439565385203397e+004  1.2439555630794468e+004  9.3191323563249207e+003  8.8881400020408691e+003  8.8881400020408691e+003  8.8881400020408691e+003  8.3153600409846404e+003  8.3153600409846404e+003  7.3486876017422765e+003  7.3486876017422765e+003  6.8147806350702376e+003
  2.6648910394647268e+004  2.5280146885862563e+004  1.4178367708083475e+004  1.4178366449190893e+004  1.4178365894581490e+004  9.1672878643389777e+003  9.1672878643389777e+003  9.1672878643389777e+003  9.1672878643389777e+003  9.1672878643389777e+003  9.1672878643389777e+003  9.1672878643389777e+003  9.1672878643389777e+003  9.1672878643389777e+003
  2.7252702342062665e+004  2.3589368359864689e+004  1.2252364443944058e+004  1.2252364443944058e+004  1.1878008985329565e+004  1.1688254382160681e+004  1.1688254382160681e+004  1.0558015820948214e+004  1.0558015820948214e+004  1.0558015820948214e+004  1.0558015820948214e+004  9.5441679608001978e+003  9.5441679608001978e+003  9.5441679608001978e+003
  2.7591230252515805e+004  2.4512112952807383e+004  1.2461277192774069e+004  1.2461277192774069e+004  1.1125061210767533e+004  1.1125058692594615e+004  1.1125058692594615e+004  1.0336781975431881e+004  1.0336781975431881e+004  1.0336781975431881e+004  1.0336781975431881e+004  9.7907450657901209e+003  8.3286999718123043e+003  8.3286999718123043e+003
  2.7428878068930160e+004  2.4327051770213282e+004  1.0492085077299304e+004  1.0492085077299304e+004  1.0492085077299304e+004  1.0492085077299304e+004  1.0492085077299304e+004  1.0492085077299304e+004  1.0223616077762519e+004  9.2067019437164345e+003  9.2067019437164345e+003  8.3181846455517734e+003  8.3181721035758383e+003  8.3181720978428202e+003
  2.7294930123509919e+004  2.3281306238973702e+004  1.1759259312061960e+004  1.1759259312061960e+004  1.0645910532362548e+004  1.0645910532362544e+004  9.9363001044670782e+003  9.9363001044670782e+003  9.9363001044670782e+003  8.5678990199253385e+003  8.5678990199253385e+003  8.5678990199253385e+003  8.5678990199253385e+003  6.4574572696239775e+003
  2.5229121013848879e+004  2.4097417063326920e+004  1.1536155157031033e+004  1.1536155157031033e+004  1.1536155122034845e+004  1.1536155122034845e+004  1.1536155122034845e+004  1.0401935290323512e+004  1.0401935290322766e+004  9.6717276670678330e+003  6.8706660741548039e+003  6.8706660741547676e+003  6.8706660741547676e+003  6.1587742865560358e+003
  2.8095689870829636e+004  2.4403295307520471e+004  1.4105652787094215e+004  1.2191057879567539e+004  1.1830351173791834e+004  1.1830351173791834e+004  1.1830351173791834e+004  1.1830351173791834e+004  1.1179803006859252e+004  1.1179803006859252e+004  1.1179803006859252e+004  8.3922592303037090e+003  8.3922592303037090e+003  8.3922592303037090e+003
  2.7273693966084073e+004  2.4825494692833156e+004  1.2520504479469764e+004  1.2520504479469764e+004  1.2520504479469764e+004  1.2286351103966503e+004  1.2286351103966503e+004  1.2286351103966503e+004  1.0108147893921268e+004  1.0108147893921268e+004  1.0108147893921268e+004  9.3781181519273050e+003  9.3781181519273050e+003  9.3781181519273050e+003
  2.7472001506364039e+004  2.4583672499462231e+004  9.7248137326549295e+003  9.7248137326549295e+003  9.7248137326549295e+003  9.7248137326549295e+003  9.7248137326549295e+003  9.7248137326549295e+003  9.6840544787058861e+003  8.7716147432883008e+003  8.7716147432883008e+003  8.7716147432883008e+003  8.7716147432883008e+003  8.7716147432883008e+003
  2.7708074449868276e+004  2.3284812640262138e+004  1.0779769323841043e+004  1.0779769323841043e+004  1.0779769323841043e+004  1.0779769323841043e+004  1.0779769323841043e+004  1.0327996837753592e+004  9.3565857158568324e+003  9.3565857158568324e+003  9.3565857158568324e+003  9.3565857158568324e+003  8.7293296755323245e+003  8.7293296755323245e+003
  2.6302959209883244e+004  2.5374394822931397e+004  1.1696289918505216e+004  1.1696289918505216e+004  1.0999081631443420e+004  1.0192455718017816e+004  9.5985289091335326e+003  9.3433088824366932e+003  9.3433088824366932e+003  9.3433088824366932e+003  9.3433088824366932e+003  9.3433088824366932e+003  8.4351444012721768e+003  8.4351444012721768e+003
  2.7834623980529042e+004  2.3503660246707757e+004  1.1967156923517981e+004  1.1967156798309708e+004  1.1967156798309708e+004  1.1967156798309708e+004  1.1967156798309708e+004  8.5466053244432042e+003  8.5466053244432042e+003  8.5466053244432042e+003  8.5466053244432042e+003  8.5466053244432042e+003  8.5466053244432042e+003  8.5466053244432042e+003
  2.8245699437208234e+004  2.4054670482278645e+004  1.3515740202263762e+004  1.3507595519254312e+004  1.3507595359903808e+004  1.3507595359903808e+004  8.7237240134804524e+003  8.7237240134804524e+003  8.7237240134804524e+003  8.5690238400655362e+003  8.0129246769387973e+003  8.0129246769387973e+003  8.0129246769387973e+003  8.0129246769387973e+003
