  2.0583710392569515e+001  2.0392491652473268e+001  2.0340973698575226e+001  2.0283168581276414e+001  1.9999999945495915e+001  1.9999988805648286e+001  1.9999988805648286e+001  1.9999864704419338e+001  1.9999862918698454e+001  1.8701752321539743e+001  1.7318478040618402e+001  1.4782134503407178e+001  1.4782134503407178e+001  1.2572754577165483e+001
  2.0502162339095207e+001  2.0360437378700340e+001  2.0360437378700340e+001  2.0340362937828218e+001  1.9999784553756399e+001  1.9999784553756399e+001  1.9999784553756399e+001  1.9999784553756399e+001  1.9999784553756399e+001  1.9999784553756399e+001  1.9999784553756399e+001  1.9999784553756399e+001  1.9999784553756399e+001  1.9999784553756399e+001
  2.0688573501209703e+001  2.0386381340533603e+001  2.0243390624248377e+001  2.0243390624248377e+001  1.9999999469837007e+001  1.9999999469837007e+001  1.9999999469837007e+001  1.9999999469837007e+001  1.9999998705126927e+001  1.9999989618463019e+001  1.9999989618463019e+001  1.9999989618463019e+001  1.9999989618463019e+001  1.9999989618463019e+001
  2.0550600804498458e+001  2.0271940709760884e+001  2.0271940709760884e+001  2.0271940709760884e+001  1.9999994527936792e+001  1.9999950643089960e+001  1.9999950643089960e+001  1.9999950643089960e+001  1.9999950643089960e+001  1.9999939546398537e+001  1.9999939546398537e+001  1.9999939546398537e+001  1.9999939546398537e+001  1.9999939546398537e+001
  2.0596817442155157e+001  2.0522600979273079e+001  2.0360213449507455e+001  2.0297442183514249e+001  1.9999999996395786e+001  1.9998695185681186e+001  1.9998695185681186e+001  1.9993623302856236e+001  1.9993623302856236e+001  1.9993623302856236e+001  1.9993623302856236e+001  1.9993623302856236e+001  1.9993623302856236e+001  1.9993623302856236e+001
  2.0620888164489202e+001  2.0404897186546236e+001  2.0404897186546236e+001  2.0287396180838414e+001  1.9999999996664428e+001  1.9999999996664428e+001  1.9999999996664428e+001  1.9999972744811089e+001  1.9999950795727955e+001  1.9999950795727955e+001  1.9999950795727955e+001  1.9999950795727955e+001  1.9999950795727955e+001  1.9999640219731532e+001
  2.0652709828365118e+001  2.0337817303552470e+001  2.0337817303552470e+001  2.0261107174580047e+001  1.9999999881340500e+001  1.9999999881340500e+001  1.9999991508282051e+001  1.9999991508281937e+001  1.9999991508281937e+001  1.9999991508281937e+001  1.9999991508281937e+001  1.9999983442908388e+001  1.9999983442908388e+001  1.9999983442908388e+001
  2.0407709442343389e+001  2.0404962204094318e+001  2.0279666373249938e+001  2.0261069843494738e+001  1.9999999708250925e+001  1.9999999708250925e+001  1.9999999292681764e+001  1.9999998343555035e+001  1.9999998343551965e+001  1.9999998343551965e+001  1.9999847961896194e+001  1.9999847961896194e+001  1.9999683311834588e+001  1.9999683311834588e+001
  2.0590183391699725e+001  2.0449251190323821e+001  2.0205972620023317e+001  2.0205972620023317e+001  1.9999999999936790e+001  1.9999999944037540e+001  1.9999999944037540e+001  1.9995806475874247e+001  1.9995806475874247e+001  1.9995806475874247e+001  1.9995806475874247e+001  1.9995806475874247e+001  1.9995806475874247e+001  1.9995806475874247e+001
  2.0484642115258453e+001  2.0415941847828663e+001  2.0295930596733911e+001  2.0295930596733911e+001  1.9999999898082933e+001  1.9999998299477625e+001  1.9999998299477625e+001  1.9999998072002541e+001  1.9999994803333607e+001  1.9999994802075094e+001  1.9999994802075094e+001  1.9999863791837129e+001  1.9998578767202162e+001  1.9998578767202162e+001
  2.0336846521090024e+001  2.0336846521090024e+001  2.0336846521090024e+001  2.0194011183978773e+001  1.9999879607237062e+001  1.9999879607139405e+001  1.9998141557721851e+001  1.9998141557721851e+001  1.9998141557721851e+001  1.9998141557721851e+001  1.9998141557721851e+001  1.9998141557721851e+001  1.9998141557721851e+001  1.9998141557721851e+001
  2.0647374322291512e+001  2.0460396942130956e+001  2.0344017342718530e+001  2.0268084480993707e+001  1.9999991167816802e+001  1.9999964996380072e+001  1.9999964996380072e+001  1.9999964996380072e+001  1.9999964996380072e+001  1.9999489097954893e+001  1.9999489097954893e+001  1.9999489097954893e+001  1.9999489097954893e+001  1.9999489097944320e+001
  2.0458895625301921e+001  2.0418069473951846e+001  2.0363587447860823e+001  2.0278155745229697e+001  1.9999963032813184e+001  1.9999963032813184e+001  1.9999711635492190e+001  1.9999711635492190e+001  1.9999711635492190e+001  1.9999711635492190e+001  1.9999711635492190e+001  1.9999711635492190e+001  1.9999711635492190e+001  1.9999711635492190e+001
  2.0446537581414873e+001  2.0446537581414873e+001  2.0337986339281201e+001  2.0337986339281201e+001  1.9999993151249896e+001  1.9999993151249896e+001  1.9999993151249896e+001  1.9999991604923935e+001  1.9999991604923935e+001  1.9999991604923935e+001  1.9999991604923935e+001  1.9999991604923935e+001  1.9999991604923935e+001  1.9999991604923935e+001
  2.0528584351762674e+001  2.0393546583813418e+001  2.0357481326389347e+001  2.0189204814547224e+001  1.9999999996795168e+001  1.9999999996795168e+001  1.9999998051626221e+001  1.9999998051588477e+001  1.9999998051588477e+001  1.9999998051588477e+001  1.9999998051588477e+001  1.9999998051588477e+001  1.9999972724624627e+001  1.9999972724624627e+001
  2.0566026642860606e+001  2.0317971458562852e+001  2.0317971458562852e+001  2.0317971458562852e+001  1.9999999966108135e+001  1.9999914010911994e+001  1.9999914010911994e+001  1.9999914010911994e+001  1.9999914010911994e+001  1.9999914010911994e+001  1.9999914010911994e+001  1.9999914010911994e+001  1.9999914010911994e+001  1.9988048918273648e+001
  2.0453169942729687e+001  2.0453169942729687e+001  2.0453169942729687e+001  2.0436203064027609e+001  1.9999169653900481e+001  1.9999003473465564e+001  1.9999003473465564e+001  1.9999003473465564e+001  1.9999003473465564e+001  1.9999003473465564e+001  1.9999003473465564e+001  1.9999003473465564e+001  1.8412287423810881e+001  1.4029150372104255e+001
  2.0466423316387363e+001  2.0255647488572436e+001  2.0255647488572436e+001  2.0200042337176455e+001  1.9999999999885517e+001  1.9999957092790964e+001  1.9999957092790964e+001  1.9999957092790964e+001  1.9999957092790964e+001  1.9999957092790964e+001  1.9999957092790964e+001  1.9999957092790964e+001  1.9999957092790964e+001  1.9999957092790964e+001
  2.0412109152473931e+001  2.0395345633666125e+001  2.0395345633666125e+001  2.0361368991902054e+001  1.9999994569053342e+001  1.9999994569053342e+001  1.9999994569053342e+001  1.9999976003665893e+001  1.9999976003665893e+001  1.9999976003665893e+001  1.9999976003665893e+001  1.9999976003665893e+001  1.9999976003665893e+001  1.9999976003665893e+001
  2.0489456883458047e+001  2.0489456883458047e+001  2.0269526305965428e+001  2.0269526305965428e+001  1.9999997664661464e+001  1.9999997664661464e+001  1.9999997664661464e+001  1.9999997664661464e+001  1.9999992459424448e+001  1.9999992459424448e+001  1.9999992459424448e+001  1.9999969107627180e+001  1.9999969107627180e+001  1.9999969107603079e+001
  2.0480341149383662e+001  2.0324150168831920e+001  2.0293784662536837e+001  2.0211230793590630e+001  1.9999999984694341e+001  1.9999985939536032e+001  1.9999985939536032e+001  1.9999985939193834e+001  1.9999985939193834e+001  1.9999985939193834e+001  1.9999985939193834e+001  1.9999982098860073e+001  1.9999982098860073e+001  1.9999982098860073e+001
  2.0400346140503416e+001  2.0304508079507514e+001  2.0304508079507514e+001  2.0304508079507514e+001  1.9999993262528619e+001  1.9999972383049681e+001  1.9999972383049681e+001  1.9999904864191194e+001  1.9997347956858675e+001  1.9997347956858675e+001  1.9997347956858675e+001  1.9997347956858675e+001  1.9997347956858675e+001  1.9997347956858675e+001
  2.0300518169196948e+001  2.0300518169196948e+001  2.0300518169196948e+001  2.0189782789923129e+001  1.9999983146901741e+001  1.9999983146901741e+001  1.9999983146901741e+001  1.9999949568001512e+001  1.9999949568001512e+001  1.9999949568001512e+001  1.9999949568001512e+001  1.9999949568001512e+001  1.9999949568001512e+001  1.9999719132885957e+001
  2.0520760645641190e+001  2.0372682516469808e+001  2.0125202057667821e+001  2.0125202057667821e+001  1.9999999981585574e+001  1.9999916477045190e+001  1.9999916477045190e+001  1.9999916477045190e+001  1.9999916477045190e+001  1.9999916477045190e+001  1.9999916477045190e+001  1.9999916477045190e+001  1.9999916477045190e+001  1.9999916477045190e+001
  2.0523623704984516e+001  2.0422171540281965e+001  2.0317109404826283e+001  2.0274170924550958e+001  1.9999823035060786e+001  1.9999823035060786e+001  1.9999823035060786e+001  1.9999823035060786e+001  1.9999823035060786e+001  1.9999823035060786e+001  1.9999158878895173e+001  1.9999158878895173e+001  1.9999158878895173e+001  1.9999158878895173e+001
  2.0580302745663289e+001  2.0493838000867072e+001  2.0202174371159117e+001  2.0202174371159117e+001  1.9999998457809170e+001  1.9999998457809170e+001  1.9999998457809170e+001  1.9999998457809170e+001  1.9999998457809170e+001  1.9999947879405568e+001  1.9999947879405568e+001  1.9166008955661482e+001  1.8252779891411933e+001  1.5261200643773236e+001
  2.0554629170001363e+001  2.0447409609880992e+001  2.0271348657161752e+001  2.0191190554928994e+001  1.9999999936435870e+001  1.9999998942468324e+001  1.9999998942468324e+001  1.9997559600396471e+001  1.9997559600396471e+001  1.9997559600396471e+001  1.9997559600396244e+001  1.9997559600396244e+001  1.9997559600396244e+001  1.9997559600396244e+001
  2.0584313808211505e+001  2.0275173947926760e+001  2.0221366347654794e+001  2.0221366347654794e+001  1.9999999996012207e+001  1.9999999975420565e+001  1.9999999975137712e+001  1.9999999935447590e+001  1.9999999935447590e+001  1.9999999899939667e+001  1.9999998734338192e+001  1.9999998734338192e+001  1.9999998734338192e+001  1.9999998734338192e+001
  2.0619465660792685e+001  2.0529175891658838e+001  2.0397294134715139e+001  2.0370058205688338e+001  1.9999968534003983e+001  1.9999968534003870e+001  1.9999968534003870e+001  1.9999968534003870e+001  1.9999968534003870e+001  1.9999968534003870e+001  1.9999968534003870e+001  1.9999968534003870e+001  1.9999968534003870e+001  1.9998112889501954e+001
  2.0565836755774399e+001  2.0455906639870591e+001  2.0388771998766288e+001  2.0361680785128328e+001  1.9999999834593723e+001  1.9999999834593723e+001  1.9999998763605163e+001  1.9999998763605163e+001  1.9999998763605163e+001  1.9999625476212827e+001  1.9999625475928042e+001  1.9999625475928042e+001  1.9999625475928042e+001  1.9999625475928042e+001
  2.0436874122582708e+001  2.0411542204771763e+001  2.0110283596546878e+001  2.0110283596546878e+001  1.9999999617361254e+001  1.9999997823120225e+001  1.9999997823103513e+001  1.9999977654055783e+001  1.9999958696763656e+001  1.9999958696762292e+001  1.9999421740489765e+001  1.9999421740401885e+001  1.9999421740401885e+001  1.9999328968519535e+001
  2.0687864781648500e+001  2.0406682715646411e+001  2.0341166266788719e+001  2.0258784503002062e+001  1.9999999998217163e+001  1.9999810400803085e+001  1.9999810400803085e+001  1.9999810400803085e+001  1.9999810400803085e+001  1.9999810400803085e+001  1.9999810400803085e+001  1.9999810400803085e+001  1.9999810400803085e+001  1.9999810400803085e+001
  2.0712305398634385e+001  2.0268160653066730e+001  2.0268160653066730e+001  2.0268160653066730e+001  1.9999999868465807e+001  1.9999997538889716e+001  1.9999997538889716e+001  1.9999058656571037e+001  1.9999058656571037e+001  1.9999058656571037e+001  1.9999058656571037e+001  1.9999058656571037e+001  1.9999058656571037e+001  1.9999058656571037e+001
  2.0511936059050868e+001  2.0511936059050868e+001  2.0329320981258547e+001  2.0315258335622957e+001  1.9999999212529474e+001  1.9999977893982987e+001  1.8790120906437892e+001  1.1954615482882843e+001  7.7178792149547348e+000  7.7178792149547348e+000  7.7178792149547348e+000  7.7178792149547348e+000  7.7178792149547348e+000  7.7178792149547348e+000
  2.0369688684311654e+001  2.0369688684311654e+001  2.0369688684311654e+001  2.0212389945302675e+001  1.9999999962693664e+001  1.9999999962693664e+001  1.9999988237065963e+001  1.9999988237065963e+001  1.9999988237065963e+001  1.9999973129326008e+001  1.9999973129326008e+001  1.9997745217679380e+001  1.9997745217679380e+001  1.9997745217679380e+001
  2.0342155309262580e+001  2.0342155309262580e+001  2.0324073457414215e+001  2.0324073457414215e+001  1.9999926514313188e+001  1.9999926514312961e+001  1.9999909943749458e+001  1.9999909943749458e+001  1.9999909943749458e+001  1.9999909943749458e+001  1.9999909943749458e+001  1.9999909943749458e+001  1.9999909943749458e+001  1.9999909943749458e+001
  2.0715296703467402e+001  2.0314008122508085e+001  2.0290057240109718e+001  2.0290057240109718e+001  1.9999992185042061e+001  1.9999597484815695e+001  1.9999597484815695e+001  1.9999597484815695e+001  1.9999597484815695e+001  1.9999597484815695e+001  1.9999597484815695e+001  1.9999597484815695e+001  1.9999597484815695e+001  1.9999597484815695e+001
  2.0495104213125387e+001  2.0416287816859608e+001  2.0293628078567394e+001  2.0293628078567394e+001  1.9999994149612007e+001  1.9999994149612007e+001  1.9999994149612007e+001  1.9999994149612007e+001  1.9999994149612007e+001  1.9999994149612007e+001  1.9999994149612007e+001  1.9999994149612007e+001  1.9999994149612007e+001  1.9999994149612007e+001
  2.0503548789663682e+001  2.0503548789663682e+001  2.0335287156912727e+001  2.0335287156912727e+001  1.9999999382030069e+001  1.9998769644741287e+001  1.9998769644741287e+001  1.9998769644741287e+001  1.9998769644741287e+001  1.9998769644741287e+001  1.9998769644741287e+001  1.9998769644741287e+001  1.9998769644741287e+001  1.9998769644741287e+001
  2.0550975325311583e+001  2.0431370219283622e+001  2.0339847764516662e+001  2.0285872521090369e+001  1.9999983546820431e+001  1.9999983546600447e+001  1.9999951446333512e+001  1.7154102517928777e+001  1.5536839190594947e+001  1.3471096606327478e+001  1.2180283981334014e+001  1.0930030074739875e+001  1.0930030074739875e+001  1.0930030074739875e+001
  2.0568391065342212e+001  2.0392861022537772e+001  2.0311970096136406e+001  2.0311970096136406e+001  1.9999999885850571e+001  1.9999999432796130e+001  1.9999999432796130e+001  1.9999999432796130e+001  1.9999997213499796e+001  1.9999997213499796e+001  1.9999997213499796e+001  1.9999997213499796e+001  1.9999997213499796e+001  1.9999985164927580e+001
  2.0491446798934021e+001  2.0439593723705229e+001  2.0323412758228301e+001  2.0298403673171265e+001  1.9998902221103322e+001  1.9998902221087405e+001  1.9998902221087405e+001  1.9998902221087405e+001  1.9998902221087405e+001  1.9998902221087405e+001  1.9998902221087405e+001  1.9998902221087405e+001  1.9998902221087405e+001  1.9998902221087405e+001
  2.0716177280503416e+001  2.0309476410544107e+001  2.0309476410544107e+001  2.0260888214584497e+001  1.9999999998104954e+001  1.9999997604254645e+001  1.9999997549691557e+001  1.9999997549691557e+001  1.9999997549691557e+001  1.9999997549691557e+001  1.9999997549691557e+001  1.9999931957342369e+001  1.9999931957342369e+001  1.9999931957342369e+001
  2.0450118316703879e+001  2.0366935835785512e+001  2.0366935835785512e+001  2.0338453765353051e+001  1.9999999311463398e+001  1.9999999311463398e+001  1.9999990423945633e+001  1.9999987651307038e+001  1.9999987651307038e+001  1.9999987651307038e+001  1.9999987651307038e+001  1.9999987651307038e+001  1.9999987651307038e+001  1.9999987651307038e+001
  2.0511463636575854e+001  2.0438711662775518e+001  2.0438711662775518e+001  2.0344422377191222e+001  1.9999999779047585e+001  1.9999999779047585e+001  1.9999999779047585e+001  1.9999999779047585e+001  1.9999999779047585e+001  1.9999999779047585e+001  1.9999999779047585e+001  1.9999999779047585e+001  1.9999916746305644e+001  1.9999916746305644e+001
  2.0754144780436263e+001  2.0336999068508476e+001  2.0336999068508476e+001  2.0336999068508476e+001  1.9999999217320692e+001  1.9999937581528911e+001  1.9999937581528911e+001  1.9999937581528911e+001  1.9999937581528911e+001  1.9999937581528911e+001  1.9999937581528911e+001  1.9999937581528911e+001  1.9999937581528911e+001  1.9999664626912249e+001
  2.0470584961317286e+001  2.0463826765191584e+001  2.0346844232062949e+001  2.0327364079106928e+001  1.9999999999633815e+001  1.9999283030916786e+001  1.9999283030916786e+001  1.9999283030916786e+001  1.9999283030916786e+001  1.9999283030916786e+001  1.9999283030916786e+001  1.9999283030916786e+001  1.9999283030916786e+001  1.9999283030916786e+001
  2.0633096014621060e+001  2.0462098904449135e+001  2.0409081489849541e+001  2.0255485153233508e+001  1.9999999895230644e+001  1.9999999715207650e+001  1.9999999715207650e+001  1.9998595030437968e+001  1.9998595030437968e+001  1.9993872705795638e+001  1.9897743023950852e+001  1.8584868046755332e+001  1.6217445751790137e+001  1.1828914719434863e+001
  2.0663128170668756e+001  2.0619182963683102e+001  2.0465779770432391e+001  2.0366035076316848e+001  1.9999999887704575e+001  1.9999596067613311e+001  1.9999596067613311e+001  1.9999596067613311e+001  1.9999596067609218e+001  1.9999596067609218e+001  1.9999596067609218e+001  1.9999596067609218e+001  1.9999596067609218e+001  1.9999596067609218e+001
  2.0651001960335407e+001  2.0457033759979481e+001  2.0330767761454581e+001  2.0276682976390248e+001  1.9999999922716711e+001  1.9999999922716711e+001  1.9999999922716711e+001  1.9999639098220655e+001  1.9999639098220655e+001  1.9999639098220655e+001  1.9999639098220655e+001  1.9999639098220655e+001  1.9999639098220655e+001  1.9999639098220655e+001
  2.0406875786857540e+001  2.0328402624057048e+001  2.0272665996470323e+001  2.0272665996470323e+001  1.9999999734969947e+001  1.9999999734969947e+001  1.9999999213635078e+001  1.9999999213635078e+001  1.9999995143975298e+001  1.9999954605256676e+001  1.9999954605219614e+001  1.9999954605219614e+001  1.9999954605219614e+001  1.9999918605066341e+001
