  7.7149528735181229e+002  6.3805932984773676e+002  5.3786883615149327e+002  2.4973284748397191e+002  2.4973284748397191e+002  2.4973284748397191e+002  2.0197534965864179e+002  2.0197534965863701e+002  2.0197534965863701e+002  2.0197534965863701e+002  2.0197534965863701e+002  1.6217791751473851e+002  1.6217791751471577e+002  1.6217791751471577e+002
  7.7844632043669617e+002  5.7125126630787895e+002  5.3029287805074500e+002  1.7013705053730655e+002  1.7013705053730655e+002  1.5123341331793881e+002  1.5123341331793881e+002  1.5123341331793881e+002  1.5123341331793881e+002  1.5123341331793881e+002  1.5123341331793881e+002  1.5123341331793881e+002  1.5123341331793881e+002  1.5123341331793881e+002
  6.9429350770465271e+002  5.5531088079698202e+002  5.1305904785045118e+002  1.6914245889922040e+002  1.6914245889922040e+002  1.6914245889922040e+002  1.5819787821718091e+002  1.0447037267094970e+002  1.0447037267094970e+002  1.0447037267094970e+002  1.0447037267094970e+002  1.0447037267094970e+002  1.0037068018395371e+002  9.7505689543649282e+001
  7.6014918938222900e+002  5.5277040776088779e+002  5.3627882021587357e+002  3.2634417359042186e+002  1.7909194257508648e+002  1.7909194257507943e+002  1.7909194257507943e+002  1.6615755575718458e+002  1.6615755575718458e+002  1.6615755575718458e+002  1.6615755575718458e+002  1.6615755575718458e+002  1.6615755575718458e+002  1.6615755575718458e+002
  7.8172940431389543e+002  5.7698412773111636e+002  5.4826116747302558e+002  2.1093046061525160e+002  2.1093046061525160e+002  2.1093046061525160e+002  2.0141641126613604e+002  1.6914253986897302e+002  1.4625864326700776e+002  1.4625864326700776e+002  1.4625864326700776e+002  1.4625864326700776e+002  1.4625864326700776e+002  1.4625864326700776e+002
  6.2840472521651236e+002  5.9237833942743919e+002  5.0008691767663049e+002  2.0197565126678455e+002  2.0197565126678433e+002  1.6217764359687408e+002  1.6217764359687408e+002  1.6217764359687408e+002  1.6217764359687408e+002  1.6217764359687408e+002  1.6217764359687408e+002  1.6217764359687408e+002  1.6217764359687408e+002  1.6217764359687408e+002
  7.1095137613274437e+002  5.5801087678437898e+002  5.4688914339173562e+002  2.4873838582113581e+002  2.4873838582113558e+002  1.4824852098776068e+002  1.4824852098776023e+002  1.4824852098776023e+002  1.4824852098776023e+002  1.3929391974627447e+002  1.0447042836073342e+002  1.0447042836073342e+002  1.0447042836073342e+002  1.0447042836073342e+002
  7.3834180016856158e+002  5.2272597937974388e+002  4.9040477827531936e+002  2.0496081321320412e+002  2.0496081321320412e+002  1.4625835419026794e+002  1.4625835419026771e+002  1.4625835419026771e+002  1.4625835419026771e+002  1.4625835419026771e+002  1.4625835419026771e+002  1.4625835419026771e+002  1.4625835419026771e+002  1.4625835419026771e+002
  7.2369963882442062e+002  6.0341934333020549e+002  5.2482406697493752e+002  2.2784433158431193e+002  2.2784433158430966e+002  1.5819806108965554e+002  1.5819806108963257e+002  1.5819806108963257e+002  1.5819806108963257e+002  1.5819806108963257e+002  1.5819806108963257e+002  1.5819806108963257e+002  1.5819806108963257e+002  1.5819806108963257e+002
  7.0644143138319987e+002  6.1232002660347189e+002  5.1022041664416997e+002  1.7113208552633341e+002  1.7113208552633341e+002  1.7113208552633341e+002  1.5620789932995376e+002  1.5620789932995376e+002  1.5620789932995376e+002  1.5620789932995376e+002  1.5620789932995376e+002  1.5620789932995376e+002  1.5620789932995376e+002  1.5620789932995376e+002
  6.9418428803269171e+002  5.3962608771919849e+002  4.9716913072005991e+002  2.4575329378550600e+002  2.4575329378550600e+002  2.4575329378550600e+002  2.4575329378550600e+002  2.3978392705866577e+002  1.4824831269788456e+002  1.4824831269788456e+002  1.4824831269788456e+002  1.4824831269788456e+002  1.4824831269788456e+002  1.4824831269788456e+002
  7.1331909528741926e+002  6.1365218717888956e+002  5.4871735645542230e+002  2.5868815159920882e+002  1.1740488607274528e+002  1.1740488607274528e+002  1.1740488607274528e+002  1.1740488607274528e+002  1.1740488607274528e+002  1.1740488607274528e+002  1.1740488607274528e+002  1.1740488607274528e+002  9.5515918210076961e+001  9.5515918210076961e+001
  7.2665368214183513e+002  5.2281819894449882e+002  4.8954686640760201e+002  3.3629340198085720e+002  1.3133425736517006e+002  1.3133425736517006e+002  1.3133425736517006e+002  1.3133425736517006e+002  1.3133425736517006e+002  1.3133425736517006e+002  1.3133425736517006e+002  1.3133425736517006e+002  1.3133425736517006e+002  1.3133425736517006e+002
  7.2561633474348628e+002  5.8047186858705754e+002  5.0110059695404607e+002  1.2237970173782173e+002  1.2237970173782151e+002  1.2237970173782151e+002  1.2237970173782151e+002  1.2237970173782151e+002  1.2237970173782151e+002  1.2237970173782151e+002  1.2237970173782151e+002  1.2237970173782151e+002  1.2237970173782151e+002  1.2237970173782151e+002
  7.1154705086471404e+002  6.0366308236711166e+002  5.2090086968099718e+002  3.1241521439326061e+002  3.1241521439325902e+002  2.6863739572951113e+002  1.0646040202724396e+002  1.0646040202724396e+002  1.0646040202724396e+002  1.0646040202724396e+002  1.0646040202724396e+002  1.0646040202724396e+002  1.0646040202724396e+002  1.0646040202724396e+002
  7.1388796961155094e+002  5.2700557289210701e+002  5.1503276308180716e+002  3.2136910208659333e+002  1.9501125291462517e+002  1.9501125291462517e+002  1.9501125291462517e+002  1.9501125291462517e+002  1.9501125291462517e+002  1.9501125291462517e+002  1.9501125291462517e+002  1.9501125291462517e+002  1.9501125291462517e+002  1.9501125291462517e+002
  6.9928106707175675e+002  6.1818302179020384e+002  5.6490788985594372e+002  2.1988440533335120e+002  1.8804661018079992e+002  1.8804661018075058e+002  1.8804661018075058e+002  1.8804661018075058e+002  1.8804661018075058e+002  1.8307161686394306e+002  1.6118275035063925e+002  1.6118275035063925e+002  1.6118275035063925e+002  9.3526005133711010e+001
  6.9452680317761269e+002  5.9042299619774258e+002  5.4258280145834033e+002  2.0794560364069162e+002  2.0794560364068911e+002  2.0794560364068911e+002  1.9998598687372350e+002  1.9998598687372350e+002  1.9998598687372350e+002  1.9998598687372350e+002  1.9998598687372350e+002  1.9998598687372350e+002  1.9302120748031348e+002  1.2138478307415869e+002
  7.4140513998604320e+002  6.2092871914986927e+002  5.4918276588440312e+002  2.5271799374581201e+002  2.5271799374581201e+002  2.5271799374581201e+002  2.5271799374581201e+002  1.4526363859576327e+002  1.4526363859576327e+002  1.4526363859576327e+002  1.4526363859576327e+002  1.4526363859576327e+002  1.4526363859576327e+002  1.4526363859576327e+002
  7.2446200698408393e+002  5.8676201943160868e+002  5.4295932320426959e+002  1.7710213140140422e+002  1.1342510553415707e+002  1.1342510553415707e+002  1.1342510553415707e+002  1.1342510553415707e+002  1.1342510553415707e+002  1.1342510553415707e+002  1.1342510553415707e+002  1.1342510553415707e+002  1.1342510553415707e+002  1.1342510553415707e+002
  8.0391867669570956e+002  5.9438744268095911e+002  5.3436046570132567e+002  2.2883925622369043e+002  2.2883925622368793e+002  1.6018780136920395e+002  1.6018780136918440e+002  1.6018780136918440e+002  1.6018780136918440e+002  1.6018780136918440e+002  1.6018780136918440e+002  1.6018780136918440e+002  1.5919294911514203e+002  1.5919294911514203e+002
  7.3321568688827301e+002  6.1476941908511913e+002  5.3703222450681687e+002  1.7610699450968309e+002  1.7610699450968264e+002  1.7610699450968264e+002  1.7610699450968264e+002  1.7610699450968264e+002  1.7610699450968264e+002  1.7610699450968264e+002  1.7610699450968264e+002  1.7610699450968264e+002  1.7610699450968264e+002  1.7610699450968264e+002
  7.3464955197703739e+002  6.1530044372580369e+002  5.4114416878412749e+002  2.5570317756305963e+002  1.8207681974635943e+002  1.8207681974635943e+002  1.8207681974635943e+002  1.8207681974635943e+002  1.8207681974635943e+002  1.8207681974635943e+002  1.8207681974635943e+002  1.8207681974635943e+002  1.8207681974635943e+002  1.8207681974635943e+002
  7.2955484810503913e+002  5.9320336133975798e+002  5.0540025029538720e+002  1.9401550983113179e+002  1.9401550983113179e+002  1.9401550983113179e+002  1.9401550983113179e+002  1.9401550983113179e+002  1.9401550983113179e+002  1.9401550983113179e+002  1.9401550983113179e+002  1.9401550983113179e+002  1.9401550983113179e+002  1.9401550983113179e+002
  7.6259924515629291e+002  6.0997212953162853e+002  5.3224541744392286e+002  2.5968321200566788e+002  2.5968321200566788e+002  1.1541499823091158e+002  1.1541499823091158e+002  1.1541499823091158e+002  1.1541499823091158e+002  1.1541499823091158e+002  1.1541499823091158e+002  1.1541499823091158e+002  1.1541499823091158e+002  1.1541499823091158e+002
  7.4919357611466558e+002  5.8577125532763512e+002  5.2731078764522817e+002  2.4873814684303579e+002  2.4873814684303579e+002  1.0646044768682862e+002  1.0646044768682862e+002  1.0646044768682862e+002  1.0646044768682862e+002  1.0646044768682862e+002  1.0646044768682862e+002  1.0646044768682862e+002  1.0646044768682862e+002  1.0646044768682862e+002
  6.9905963118434329e+002  6.2307686470875387e+002  5.0675905009476992e+002  2.9649591468268409e+002  1.7710203453653116e+002  1.7710203453653116e+002  1.6516270364060347e+002  1.6516270364060028e+002  1.6516270364060028e+002  1.6516270364060028e+002  1.6516270364060028e+002  1.6516270364060028e+002  1.6516270364060028e+002  1.6516270364060028e+002
  7.9367531943634640e+002  6.3458045585104401e+002  5.2903215784428266e+002  2.7858671798793853e+002  2.7858671798788282e+002  2.7858671798788282e+002  1.6615726986125810e+002  1.6615726986125810e+002  1.6615726986125810e+002  1.6615726986125810e+002  1.6615726986125810e+002  1.6615726986125810e+002  1.6615726986125810e+002  1.6615726986125810e+002
  7.4453221363188504e+002  5.5387778910139332e+002  5.4009188619655242e+002  2.6664771207764989e+002  2.6664771207762533e+002  1.6217764863491516e+002  1.6217764863469552e+002  1.6217764863469552e+002  1.6217764863469552e+002  1.6217764863469552e+002  1.6217764863469552e+002  1.6217764863469552e+002  1.6217764863469552e+002  1.6217764863469552e+002
  7.5793035587977329e+002  5.9445233980489070e+002  4.6076100394380251e+002  1.7013741218227096e+002  1.7013741218227051e+002  1.5023833719925369e+002  1.4528333785753171e+002  1.2536463446142488e+002  1.2536463446142488e+002  1.2536463446142488e+002  1.2536463446142488e+002  1.2536463446142488e+002  1.2536463446142488e+002  1.2536463446142488e+002
  7.7298697782226714e+002  5.4731973232052246e+002  4.7518859270797248e+002  1.7113247836277492e+002  1.7113247836277401e+002  1.7113247836277401e+002  1.7113247836277401e+002  1.7113247836277401e+002  1.7113247836277401e+002  1.7113247836277401e+002  1.7113247836277401e+002  1.6516275415516702e+002  1.6516275415511109e+002  1.6516275415511109e+002
  7.4407411988593367e+002  6.0756331072585772e+002  5.1525894751787837e+002  1.8804650846097047e+002  1.8804650846097047e+002  1.8804650846097047e+002  1.8804650846097047e+002  1.8804650846097047e+002  1.8804650846097047e+002  1.8804650846097047e+002  1.5123337292451151e+002  1.1740483033752275e+002  1.1740483033752275e+002  1.1740483033752275e+002
  7.0758551741588371e+002  5.5475991331091200e+002  5.2351273685898013e+002  1.7610707547943571e+002  1.7610707547943571e+002  1.7610707547943571e+002  1.7610707547943571e+002  1.7610707547943571e+002  1.7610707547943571e+002  1.6416771934897429e+002  1.6416771934897429e+002  1.6416771934897429e+002  1.6416771934897429e+002  1.6416771934897429e+002
  6.4549122347828779e+002  5.3850778622321968e+002  5.1970044802281222e+002  2.1192532354369428e+002  2.1192532354369428e+002  2.1192532354369428e+002  1.5620781817730017e+002  1.5620781817730017e+002  1.4426860864456512e+002  1.3431911937754808e+002  1.3431911937754808e+002  1.3431911937754808e+002  1.3431911937754808e+002  1.3431911937754808e+002
  7.7504713956740989e+002  6.1417886755593145e+002  5.4101485393083976e+002  1.6317292726921119e+002  1.6317292726921119e+002  1.6317292726921119e+002  1.6317292726921119e+002  1.6317292726921119e+002  1.5620811755803629e+002  1.5620811755800992e+002  1.5620811755800992e+002  1.5620811755800992e+002  1.5620811755800992e+002  1.5620811755800992e+002
  6.9889926472486013e+002  5.8468226511071543e+002  5.2688951476596912e+002  2.0595576145843552e+002  2.0595576145843552e+002  2.0595576145843552e+002  1.9799600798657207e+002  1.8804653369549214e+002  1.5222812872954387e+002  1.3332407357666011e+002  1.3332407357666011e+002  1.3332407357666011e+002  1.3332407357666011e+002  1.3332407357666011e+002
  7.3291980770540454e+002  6.1134559599832937e+002  5.4315665211006922e+002  2.6067779505933277e+002  2.6067779505933277e+002  2.0794505334925179e+002  2.0794505334925179e+002  2.0794505334925179e+002  2.0794505334925179e+002  1.2536450806042512e+002  1.2536450806042512e+002  1.2536450806042512e+002  1.2536450806042512e+002  1.2536450806042512e+002
  6.8000441640380632e+002  5.7982248054580009e+002  5.0250583381375350e+002  2.0297087975725753e+002  2.0297087975722434e+002  2.0297087975722388e+002  2.0297087975722388e+002  2.0297087975722388e+002  2.0297087975722388e+002  2.0297087975722388e+002  1.3431890604985279e+002  1.3431890604985279e+002  1.3431890604985279e+002  1.3431890604985279e+002
  7.6978033836763461e+002  5.6031882911801677e+002  5.0572613933185266e+002  2.5669806521854753e+002  2.5669806521814644e+002  1.1939486999778887e+002  1.1939486999778887e+002  1.1939486999778887e+002  1.1939486999778887e+002  1.1939486999778887e+002  1.1939486999778887e+002  1.1939486999778887e+002  1.1939486999778887e+002  1.1939486999778887e+002
  7.3518243089257567e+002  5.6258063505609834e+002  5.4099156002008294e+002  2.6366290071720482e+002  1.7113230616473061e+002  1.7113230616473061e+002  1.7113230616473061e+002  1.7113230616473061e+002  1.7113230616473061e+002  1.7113230616473061e+002  1.7113230616473061e+002  1.7113230616473061e+002  1.4625862307028797e+002  1.4625862307028797e+002
  7.5393626893136729e+002  5.7163503819167954e+002  5.1915504142902410e+002  2.3281898457365469e+002  2.3281898457365173e+002  2.2784469900331396e+002  1.6217778589299655e+002  1.6217778589299655e+002  1.6217778589299655e+002  1.6217778589299655e+002  1.6217778589299655e+002  1.3730402182879970e+002  1.3730402182879970e+002  1.3730402182879970e+002
  7.1997628751888215e+002  5.7573673938744355e+002  5.0640357973421828e+002  1.9302149673994609e+002  1.9302149673994609e+002  1.8207679506515183e+002  1.8207679506515183e+002  1.8207679506515183e+002  1.8207679506515183e+002  1.8207679506515183e+002  1.8207679506515183e+002  1.8207679506515183e+002  1.8207679506515183e+002  1.5521305715154881e+002
  6.9572278818965947e+002  5.8621419737072711e+002  5.2587061907213342e+002  2.9351103695807797e+002  1.8904130484231905e+002  1.8904130484231837e+002  1.8904130484231837e+002  1.8904130484231837e+002  1.8904130484231837e+002  1.8904130484231837e+002  1.8904130484231837e+002  1.6118250503104446e+002  1.6118250503104446e+002  1.6118250503104446e+002
  7.4629454088898160e+002  6.2047651577395573e+002  5.5699466618819361e+002  1.9899106335513875e+002  1.9899106335513875e+002  1.9899106335513875e+002  1.6914259056637547e+002  1.6914259056637547e+002  1.6018791321006051e+002  1.6018791321006051e+002  1.6018791321006051e+002  1.6018791321006051e+002  1.2038976324411908e+002  1.2038976324402677e+002
  7.7633052846499936e+002  5.5439594180420363e+002  4.4777550117654891e+002  1.7710205491614533e+002  1.7710205491614533e+002  1.7710205491614533e+002  1.7710205491614533e+002  1.7710205491614533e+002  1.7710205491614533e+002  1.7710205491614533e+002  1.7710205491614533e+002  1.7710205491614533e+002  1.7710205491614533e+002  1.7710205491614533e+002
  7.4644101196606744e+002  5.8258718586075383e+002  5.2477287855063582e+002  2.2187465312842187e+002  2.2187465312824406e+002  2.2187465312824384e+002  1.9799486610489976e+002  1.9799486610486611e+002  1.9799486610486611e+002  1.3133423698555407e+002  1.3133423698555407e+002  1.3133423698555407e+002  1.3133423698555407e+002  1.3133423698555407e+002
  7.3497330463466096e+002  6.2301755878510721e+002  5.8691667475906570e+002  2.4475861203991303e+002  2.4475861203991144e+002  2.4475861203991144e+002  2.1789471051268947e+002  2.1789471051268947e+002  2.1789471051268947e+002  1.4725342018787273e+002  1.4725342018787205e+002  1.4725342018787205e+002  1.3829894553034364e+002  1.3829894553028635e+002
  6.5874003479261319e+002  6.2366363952594770e+002  4.9569851251884029e+002  2.2485965952674019e+002  1.3232917585036671e+002  1.3232917584593361e+002  1.3232917584593361e+002  1.3232917584593361e+002  1.3232917584593361e+002  1.3232917584593361e+002  1.3232917584593361e+002  1.3232917584593361e+002  1.3232917584593361e+002  1.3232917584593361e+002
  6.9017251360230875e+002  5.9605780801456649e+002  5.0558740618387401e+002  1.5322318465154444e+002  1.5322318465151102e+002  1.5322318465151102e+002  1.5322318465151102e+002  1.5322318465151102e+002  1.4625842503897911e+002  1.4625842503894592e+002  1.4625842503894592e+002  1.4625842503894592e+002  1.4625842503894592e+002  1.4625842503894592e+002
  7.2944521218395357e+002  6.1772749748858132e+002  5.3195465630217268e+002  2.3679899527296675e+002  2.3679899527294810e+002  2.2485952189800241e+002  2.2485952189800150e+002  1.6615765747699834e+002  1.6615765747699834e+002  1.6615765747699834e+002  1.6615765747699834e+002  1.6615765747699834e+002  1.3630908296842654e+002  1.3630908296842654e+002
  7.0578352382244293e+002  5.8957206626591960e+002  5.1689964312751295e+002  1.8108166098381298e+002  1.8108166098381298e+002  1.8108166098381298e+002  1.8108166098381298e+002  1.8108166098381298e+002  1.8108166098381298e+002  1.8108166098381298e+002  1.8108166098381298e+002  1.8108166098381298e+002  1.3332413994084550e+002  1.3332413994084504e+002
