  4.5001234293806169e+005  3.5990592440247250e+005  7.3407190956078807e+000  8.3377282137917064e-002  8.3375433927926679e-002  8.3370166647057431e-002  8.3364868568651218e-002  8.3361347467928226e-002  4.4936439027196684e-002  3.2046640534360904e-002  3.2046640534360904e-002  3.2046293904272716e-002  3.2046255876423402e-002  3.2045768993953061e-002
  4.3853292108252709e+005  3.6729430185062712e+005  1.2104232681352032e+003  1.2800898517187420e+000  1.2800898517187420e+000  2.7594379676366998e-001  2.7590931424629161e-001  2.7588438275665794e-001  2.7588438275665794e-001  2.7588438275665794e-001  2.7587358030871201e-001  2.7583472838171019e-001  2.7583472838171019e-001  3.0490997232334394e-002
  4.6377799827572808e+005  3.6189063506411738e+005  1.4064210157249590e-001  5.9722707734351843e-002  5.9722707734351843e-002  5.9722707734351843e-002  5.9722707734351843e-002  4.7758182816039607e-002  3.1827798403412544e-002  3.1827659530506480e-002  3.1827468046742524e-002  3.1826841056044941e-002  3.1826585815110775e-002  3.1825756433249808e-002
  5.0559336214930681e+005  4.2512250325129821e+005  8.0635451975515480e+000  9.1060159893913806e-002  9.1057253923452208e-002  9.1044925535811672e-002  9.1038762500033954e-002  9.1038762500033954e-002  9.1032600236644612e-002  9.1029342789283874e-002  9.1020278028111079e-002  9.1010861793563436e-002  9.0998544987883179e-002  9.0984561075799775e-002
  4.8755518045875017e+005  3.4667010345164081e+005  3.6210298863355774e+000  3.4277819954189681e+000  3.4277819954189681e+000  4.4820209418821833e-001  4.4816867388141191e-001  4.4812175958992384e-001  1.7043097474862634e-001  1.7043097474862634e-001  1.7040823537325878e-001  1.7036223068879508e-001  1.7027001765325167e-001  1.7015441304835122e-001
  4.7143380396282149e+005  3.2264522743124736e+005  1.6125143319841527e+001  2.7571418598584501e+000  6.5859965264240827e-001  6.5855907439635075e-001  2.5969591963524863e-001  2.5967375276923121e-001  2.5964398572102709e-001  2.5962150201542045e-001  2.5960662320545680e-001  2.5959174596556522e-001  2.5956199619645304e-001  2.5952795425973818e-001
  5.0745767642129137e+005  3.3071146948419989e+005  9.4802848790929784e+002  9.1937060725062292e+002  6.9723089526172544e-001  6.9719709273454100e-001  6.9712439931748804e-001  6.9710059442860484e-001  6.9707606969211611e-001  2.4854038728886962e-001  2.4851194819200373e-001  2.4849741784066737e-001  2.4847167206468157e-001  2.4844640873362778e-001
  4.6175697177452373e+005  3.4424656402624433e+005  1.8570273166475204e+001  5.1300059884013649e+000  2.5268523613277694e-001  2.5265441467365690e-001  2.5262655305692761e-001  2.5261942466755727e-001  2.5259156976397890e-001  2.5257764432262775e-001  1.2397040859804065e-001  3.8715944007435610e-002  3.8714573084860149e-002  3.8712289513512133e-002
  4.5335192936323705e+005  3.4836186475277151e+005  2.0912473919399572e+003  3.4278649250047408e+001  6.7260912980491412e+000  1.1948420013416126e+000  9.7906919903721246e-002  9.7903242139864233e-002  9.7897644428030617e-002  9.7892540951818319e-002  9.7885408478816771e-002  9.7878277329300545e-002  9.7874712249847562e-002  9.7862703103828608e-002
  4.4843284917336394e+005  3.9233423629416991e+005  1.2093490027835553e+003  2.1226807950617399e+001  5.9456967975971224e+000  5.9449624628941251e+000  3.7321868886760967e-001  2.9235619921166744e-002  2.9235352155637884e-002  2.9235038797878588e-002  2.9234894642854670e-002  2.9234433626982081e-002  2.9234116360157714e-002  2.9233883890356083e-002
  4.7143733436589933e+005  3.6454803170722554e+005  2.1085591700739315e+001  5.7411287803256528e+000  5.7409420516287355e+000  2.0028705907086533e+000  2.0028061006103144e+000  1.9760323594535976e+000  1.9759527759539992e+000  1.3476669700538650e+000  4.2823754962853400e-001  3.1587419568040787e-002  3.1586875444418183e-002  3.1585960676636660e-002
  4.9542107293956069e+005  3.9132390950290125e+005  5.5654362902189405e+000  1.0988464944603038e-001  1.0987818374331937e-001  1.0986844580884281e-001  1.0985891810082649e-001  1.0984918318229120e-001  1.0984276364700918e-001  1.0983323996180161e-001  1.0982607599203220e-001  1.0981709220970970e-001  7.8496869219861765e-002  7.8491613912433422e-002
  5.0001237680877018e+005  3.8082431698811252e+005  2.6204654406344162e+001  7.7987338094544612e-002  7.7984502202014028e-002  7.7978831207474286e-002  7.7975996105010381e-002  7.7974700823517651e-002  7.7970326692536673e-002  7.7967492382413184e-002  7.7963363581147860e-002  7.7958991032915037e-002  7.7958991032915037e-002  7.7952597111561772e-002
  5.1177670633170061e+005  3.7331863529943139e+005  1.6634901587904783e+003  1.9624523059770166e+002  2.7714216516592387e+000  1.2219659482371981e-001  1.2219136638401551e-001  1.2218427890621797e-001  1.2217815245367092e-001  1.2217292575553529e-001  1.2216732196895919e-001  1.2215478123533785e-001  1.2215478123533785e-001  1.2213739739786433e-001
  5.0122917538681364e+005  3.2514516387289879e+005  1.5827574809089242e+000  1.5827146223212480e+000  1.5826432413620068e+000  1.5822111424928380e+000  4.8445065162809442e-002  4.8442322665209758e-002  4.8440214524305247e-002  4.8438209827224910e-002  4.8436102232756184e-002  4.8435468540674265e-002  4.8434731710074175e-002  4.8430809463127389e-002
  5.1850614864682435e+005  3.5202500169576716e+005  8.7601934821778377e+002  9.8104050312470577e+000  4.4801085385969373e+000  1.6192532735498162e+000  1.6191550704577935e+000  6.9603272614347134e-001  2.9065451660812869e-002  2.9065226811383127e-002  2.9064894302621269e-002  2.9064591896485581e-002  2.9064327984826832e-002  2.9063770870664030e-002
  5.3390292719264992e+005  3.8736352624748368e+005  1.8044779642250546e+001  1.8043898142883052e+001  1.8041048093567952e+001  5.1964663855926574e-002  3.3517963603401313e-002  3.3517317724431450e-002  3.3516794066201783e-002  3.3515746910097732e-002  3.3515223412507567e-002  3.3514699967952311e-002  3.3514403309709451e-002  3.3512833376846629e-002
  4.6607479815637361e+005  3.9595356958942034e+005  2.4789594054591362e+001  6.4219265214449024e+000  3.3802364779497793e+000  9.8759067770811271e-001  9.8741133183051488e-001  9.8727744929908567e-001  9.8713289610435595e-001  4.2001880068937680e-002  4.2000731465350327e-002  4.1999582977609862e-002  4.1997902898287975e-002  4.1995219778584669e-002
  5.0910193413658673e+005  3.5977661610688857e+005  1.4805255461089814e+001  1.0128671775893849e+000  1.0128671775893849e+000  8.1575660953433271e-001  8.1570916945236149e-001  8.1563767407720889e-001  3.0285250241280437e-001  3.0283456313838997e-001  3.0279869029470774e-001  3.0277155523452848e-001  3.0275362452084664e-001  3.0271059856403326e-001
  5.1222752732617367e+005  3.5995383410287148e+005  9.6791967136355106e+002  7.8833104799907630e+001  2.4038669500907304e+000  6.7958033888919545e-001  3.1881301157739017e-002  3.1880794857158889e-002  3.1880653410098603e-002  3.1880147203594333e-002  3.1880147203594333e-002  3.1879682023429723e-002  3.1879358290609616e-002  3.1878581460318856e-002
  4.7280192697310855e+005  3.6174517252532119e+005  6.9584035892800534e+002  6.6398576665955034e-001  6.6398576665955034e-001  1.7504645953607678e-001  1.7498707890371179e-001  1.7490844487912227e-001  1.7484987284660747e-001  1.7481060051306940e-001  1.7481060051306940e-001  1.7476705488121524e-001  1.7468858879146865e-001  1.7466934414466095e-001
  4.9810942942286388e+005  3.6008966822637123e+005  6.4819353979384573e+000  2.7448173020502509e-002  2.7448173020502509e-002  2.7448173020502509e-002  2.7448173020502509e-002  2.7448173020502509e-002  2.7448173020502509e-002  2.7448173020502509e-002  2.7448173020502509e-002  2.7448173020502509e-002  2.7448173020502509e-002  2.7448173020502509e-002
  4.8159753016124637e+005  3.6335713414391980e+005  2.2636126594577661e+001  7.5779983011773311e-001  7.5777551335096405e-001  7.5763599349176047e-001  9.8429680772312622e-002  9.8409146578205764e-002  9.8388621995809444e-002  9.8368107105955005e-002  9.8337228260334086e-002  3.4847082102544391e-002  3.4847082102544391e-002  3.4845743190828671e-002
  5.3098808516218548e+005  3.2206788968869130e+005  1.8926563034387812e+001  2.5252341078197560e-001  8.7859445586275342e-002  8.7845341397610355e-002  8.7799294788794668e-002  8.7769600071283094e-002  8.7739559413932966e-002  8.7709913697835873e-002  8.7670176290600921e-002  8.7630481626774781e-002  8.7620377694634044e-002  8.7590829638372725e-002
  4.7359715900275501e+005  3.4039565301398950e+005  1.4678636425710888e+003  8.6414513091713525e+002  1.2430484762580420e+001  7.0821747430443338e-002  7.0815219390681250e-002  7.0811608284202521e-002  7.0802332468986151e-002  7.0800268037373826e-002  7.0795973587166827e-002  7.0789449832773244e-002  7.0783093093780280e-002  7.0771933464357062e-002
  5.0721610041651770e+005  3.8673989841640933e+005  1.3153683089057292e+003  3.1759114561984177e+001  2.1896851255285128e+000  3.0494318338412540e-002  3.0493846895808474e-002  3.0493189291121325e-002  3.0492400358753002e-002  3.0491874521601403e-002  3.0491874521601403e-002  3.0491819802307418e-002  3.0491677356849323e-002  3.0491031232259047e-002
  4.3374575450969115e+005  3.9137588028826128e+005  3.5956713999110377e+001  2.9171677429921488e+000  1.0601396032747061e+000  4.0714808831046412e-001  4.0712686636294393e-001  4.0710569989715850e-001  4.0708231121516292e-001  4.0705066268515111e-001  3.9377574573393304e-002  3.9377574573393304e-002  3.9377574573393304e-002  2.7371732427127426e-002
  4.7561689036089217e+005  3.5627413750761119e+005  6.6825801252599035e+000  4.4309833187639924e-002  4.4308356904025459e-002  4.4307970747070158e-002  4.4306342820334521e-002  4.4305915013524100e-002  4.4305915013524100e-002  4.4304715072485124e-002  4.4304715072485124e-002  4.4304287309785195e-002  4.4303901265607237e-002  4.4301297381991844e-002
  5.2528164455874718e+005  3.7504561353417172e+005  1.5975446320903757e+000  4.0979770111380276e-001  4.0977178551770521e-001  4.0971994489882491e-001  4.0968113022955777e-001  4.0962931020487758e-001  4.0959039002962072e-001  4.0953858848405389e-001  4.0949980701776667e-001  4.0947391327881633e-001  4.0946090666386681e-001  4.0941430772801368e-001
  3.9981635936363554e+005  3.3429589049874654e+005  6.4341430040218597e+001  1.9180280225202750e-001  1.9178273893783171e-001  3.7062423725558347e-002  3.7061657550566451e-002  3.7060453774302005e-002  3.7059359659110669e-002  3.7058812682516873e-002  3.7058047006098604e-002  3.7057500158709900e-002  3.7056953366061407e-002  3.7055969274319978e-002
  4.5618908088581270e+005  3.2509898372759041e+005  1.3175296747429570e+001  3.1907753116001913e-002  2.8019271071059393e-002  2.8019171090647887e-002  2.8019153775574068e-002  2.8019136868920214e-002  2.8019104034456177e-002  2.8019071530138717e-002  2.8019071530138717e-002  2.8019054360868267e-002  2.8019037173862671e-002  2.8019002735163667e-002
  4.5711471930384589e+005  3.9382146877677267e+005  1.0082608198486146e+003  1.0082608198486146e+003  2.1839370250230559e+000  2.1836236384354493e+000  2.1830267670122225e+000  8.1221949181781383e-001  8.1211622411569806e-001  8.1204482209642492e-001  7.5176050773507086e-001  5.8323665725077944e-001  5.8311832720949042e-001  5.8292382945052168e-001
  4.4896850741570030e+005  3.4745379663899838e+005  4.7618315007601950e+001  1.5999885847870132e+000  1.5998395506438783e+000  1.5995134211150344e+000  3.6257840694037213e-001  3.6255152339163033e-001  3.6254321424695490e-001  3.6251665025679358e-001  3.6249921579269540e-001  3.6248178273325493e-001  3.6245604541329612e-001  3.6240724618426157e-001
  5.0589874703758099e+005  3.6461167912841268e+005  1.8541585903209977e+001  3.5200194944144414e+000  7.5789660663701852e-002  7.5754619669964995e-002  7.5747659906767240e-002  7.5740701334041205e-002  7.5737222492762157e-002  7.5732135680425472e-002  7.5726787752159908e-002  7.5721702278315206e-002  7.5718225071568668e-002  7.5714052815726518e-002
  4.7825405632082641e+005  3.5426840882236994e+005  2.0692205586047749e+001  5.3202075853841393e+000  1.8570074361688853e+000  1.8569065363594746e+000  1.8567834563139627e+000  1.4906972700606502e-001  4.2601552179633018e-002  4.2600223133376858e-002  4.2598894217974248e-002  4.2597565433197815e-002  4.2595097866808374e-002  4.2591909915927317e-002
  4.5440681113742403e+005  3.7293153266136767e+005  1.5597556505135628e+001  6.7329495239113157e-001  3.8221953394162256e-001  2.9409620171520601e-002  2.9409620171520601e-002  2.9409432761838161e-002  2.9409293032529149e-002  2.9409041073506614e-002  2.9408839340987925e-002  2.9408541213626904e-002  2.9408294144445790e-002  2.9407996118891333e-002
  5.5490921202745964e+005  3.8610040116213966e+005  2.2026213919646125e+000  6.0792271911941498e-001  6.2637499337711233e-002  5.2363436601581270e-002  5.2360755366237299e-002  5.2360755366237299e-002  5.2356612886683251e-002  5.2354021782662130e-002  5.2351342010695134e-002  5.2349459927768294e-002  5.2347578039871223e-002  5.2343106729551891e-002
  4.5096677376958414e+005  2.6585776300847769e+005  3.5922892998185034e+000  7.1078083901807076e-001  7.1074111552735530e-001  7.1071620951829573e-001  7.1069330445556034e-001  2.5850254820727514e-001  2.5849487136480320e-001  2.5849487136480320e-001  2.5846296899271692e-001  2.5843874690235680e-001  2.5842280086033043e-001  2.5838005490300020e-001
  4.5233650473357935e+005  3.5956290748065483e+005  3.5888943277600447e+000  9.8574525600838570e-002  9.8569235856018622e-002  9.8558658020010625e-002  9.8550601346005351e-002  9.8548082385434554e-002  9.8540027363867466e-002  5.0893332538407776e-002  5.0888472731344336e-002  5.0887257964916444e-002  5.0884353508649838e-002  5.0877542490695760e-002
  4.8501177421741188e+005  2.9374927034371835e+005  1.5921062982827755e+003  1.2873985092898686e+003  1.2882160286650901e+000  1.2881227705476022e+000  1.2880809483344251e+000  1.2880326588147000e+000  3.8897743733514289e-002  3.8897022306741746e-002  3.8895917838601690e-002  3.8895365646681057e-002  3.8894813482272639e-002  3.8893770158551888e-002
  5.1644683086944866e+005  3.6062705011284107e+005  3.0790843869593800e+000  1.1760987054134375e-001  1.1760374968315546e-001  3.0723664516585814e-002  3.0723162627111833e-002  3.0722860398270768e-002  3.0722715581475768e-002  3.0722414027536615e-002  3.0722107848021096e-002  3.0721959157631318e-002  3.0721811142939259e-002  3.0721056984134520e-002
  4.6573646339175850e+005  3.5284589858934336e+005  9.0329961701065622e+002  9.1099617835578783e-001  9.1099617835578783e-001  9.1093748408758302e-001  5.9699152359598884e-001  5.9699152359598884e-001  5.9699152359598884e-001  2.7404504456961831e-001  2.7402087517089058e-001  2.7399667445024534e-001  2.7398442050866834e-001  2.7396506318746106e-001
  4.3450052430537937e+005  3.2544026823107991e+005  1.1266323301175275e+003  3.5779461703612583e+000  4.0765682982510043e-002  4.0763516718698156e-002  4.0759431006392788e-002  4.0756785514645344e-002  4.0756325479833322e-002  4.0754161028303315e-002  4.0752646162047768e-002  4.0750293105531910e-002  4.0749211404147445e-002  4.0745939937266940e-002
  4.1485089469887194e+005  3.6997879609017051e+005  3.1131512425176652e+001  1.1111863749340500e-001  1.1110279729439299e-001  1.1108995612744366e-001  1.1108047868827953e-001  1.1106764153231552e-001  1.1106122381465866e-001  1.1105786324350220e-001  8.1235465965846743e-002  3.0797790204985631e-002  3.0797555422623191e-002  3.0796676563568326e-002
  4.6618309128398844e+005  3.6745262963096704e+005  1.5141765883138514e+003  8.6394971272331577e+002  9.7256287827082133e-001  5.2708899278735544e-001  3.2148791741235527e-002  3.2148791741235527e-002  3.2148791741235527e-002  3.2148791741235527e-002  3.1484084331623308e-002  3.1483018870346768e-002  3.1482516524590665e-002  3.1480808952380812e-002
  5.0609301001715998e+005  3.9958000547726272e+005  1.1016476536858070e+003  2.1008713957594978e+000  2.1006672062829352e+000  2.1000196826645947e+000  4.9510374786734701e-002  4.9509509358870218e-002  4.9506717356791796e-002  4.9504755116458909e-002  4.9503658175638066e-002  4.9503658175638066e-002  4.9502695109083561e-002  4.9496480813445487e-002
  4.8769643765944167e+005  3.8417390163739346e+005  2.9959712743228692e+000  4.0121267486483703e-002  4.0118943674144703e-002  4.0118441800643723e-002  4.0118441800643723e-002  4.0118030998030463e-002  4.0117118405703422e-002  4.0116205898982571e-002  4.0114381137641431e-002  4.0112191869980052e-002  4.0111644628609611e-002  4.0110367852207673e-002
  4.6252858171463897e+005  3.6275560161704721e+005  2.5562023678018022e+001  6.0482492668309646e+000  1.1063044465371945e+000  1.7995865467321437e-001  1.7989502890168296e-001  1.7983218694160996e-001  3.2182154950021413e-002  3.2182154950021413e-002  3.2182044000649057e-002  3.2181912028079296e-002  3.2181912028079296e-002  3.2181450162966030e-002
  4.7238828177696932e+005  3.1358385644107161e+005  3.2609545009046940e+001  2.5787044584770115e+001  2.5787044584770115e+001  1.1122882084941921e-001  1.1122209323065135e-001  1.1121970116067814e-001  1.1121935753169510e-001  1.1001169778563735e-001  1.1000650823052638e-001  1.0999854203680570e-001  1.0999335377312036e-001  1.0999335377312036e-001
  4.7038300807569071e+005  3.7380254259898083e+005  5.0511161524837576e+000  1.2412320875768046e+000  1.2412320875768046e+000  4.0705815139358492e-001  4.0702190359303358e-001  4.0698639320396524e-001  4.0697473165778320e-001  4.0695114927996201e-001  4.0691564833741722e-001  4.0689207093566893e-001  4.0686849579969930e-001  4.0683078028791897e-001
  4.7906288304987119e+005  3.6927921878785075e+005  2.4465682299933405e+001  7.5890061293421240e-002  7.5885035506246368e-002  7.5874985726841260e-002  7.5871971260028204e-002  7.5864938340941990e-002  7.5864938340941990e-002  7.5862324899560463e-002  7.5854893346559038e-002  7.5849871747720954e-002  7.5842238498921688e-002  7.5836818388381744e-002
