  9.2678596995647240e+001  3.5015960522787282e+001  1.2505593178170557e+001  4.5934436804509460e-001  2.7749493081819310e-001  2.2389583580275030e-001  2.2389583580275030e-001  1.7000075833493611e-001  1.7000075833493611e-001  1.7000075833493611e-001  1.7000075833493611e-001  1.7000075833493611e-001  1.7000075833493611e-001  1.7000075833493611e-001
  1.2283736287904617e+002  2.7598146752400226e+001  8.2660062177210420e+000  5.1715815534907961e-001  4.0427158681609399e-001  3.4795021130366877e-001  3.0679060673787717e-001  2.4421788612721684e-001  2.4421788612721684e-001  2.3486225138412919e-001  2.3486225138412919e-001  2.3486225138412919e-001  2.3486225138412919e-001  2.3486225138412919e-001
  1.0607113956410990e+002  3.2139479936492535e+001  1.2148174965043609e+001  4.2937431810059934e-001  3.1497364941151318e-001  2.4098847701861814e-001  2.4098847701861814e-001  2.4098847701861814e-001  2.4098847701861814e-001  2.4098847701861814e-001  2.4098847701861814e-001  2.4098847701861814e-001  2.4098847701861814e-001  2.4098847701861814e-001
  8.3095852936363372e+001  2.4342673637780536e+001  8.0819913189336603e+000  4.3902878517246791e-001  3.7774757532156400e-001  2.9153597911999896e-001  2.8143641500628291e-001  2.4499222793542685e-001  2.4499222793542685e-001  2.4499222793542685e-001  2.4499222793542685e-001  2.4499222793542685e-001  2.3859190168718669e-001  2.3859190168718669e-001
  1.0863786773916968e+002  3.0954310735030731e+001  9.7612675151253825e+000  4.0038716785420547e-001  4.0038716785420547e-001  2.5894194349007194e-001  2.4598937275413846e-001  2.0036307280861365e-001  2.0036307280861365e-001  2.0036307280861365e-001  2.0036307280861365e-001  2.0036307280861365e-001  2.0036307280861365e-001  2.0032961039828479e-001
  1.1637274447390450e+002  4.1679584384023201e+001  1.2263306466061977e+001  4.8624889593179432e-001  3.0582702934589179e-001  2.9503584387998671e-001  2.9370640274964899e-001  2.0749048485367894e-001  2.0749048485367894e-001  2.0749048485367894e-001  2.0749048485367894e-001  2.0749048485367894e-001  2.0749048485367894e-001  2.0749048485367894e-001
  1.4403052850147060e+002  4.1782849457059910e+001  1.7599529795679928e+001  5.5291706678872288e-001  3.9888403042255050e-001  3.1833688282358708e-001  2.7619877474035093e-001  2.5944730845822050e-001  2.5944730845822050e-001  2.5944730845822050e-001  2.5944730845822050e-001  2.5944730845822050e-001  2.5944730845822050e-001  2.5056963127690324e-001
  1.3196873029597759e+002  2.9800135716801606e+001  1.0866555643820220e+001  4.5570757242307991e-001  3.9318826755402370e-001  2.6723847878270135e-001  2.6723847878270135e-001  2.4949198951458129e-001  2.4949198951458129e-001  2.4949198951458129e-001  2.4949198951458129e-001  2.1053358527092314e-001  2.1053358527092314e-001  2.1053358527092314e-001
  1.3985712385915622e+002  3.5204172968706189e+001  1.1752852119693671e+001  3.1852687778359723e-001  2.2858160560508622e-001  2.2858160560508622e-001  2.2858160560508622e-001  2.2858160560508622e-001  2.2858160560508622e-001  2.2392673329181889e-001  2.2392673329181889e-001  2.2392673329181889e-001  2.2392673329181889e-001  2.2392673329181889e-001
  1.2769994916877590e+002  3.9817838096253809e+001  1.5678593934404716e+001  2.8291508130132570e-001  2.6196944707498915e-001  2.6196944707498915e-001  2.6196944707498915e-001  2.6196944707498915e-001  2.6196944707498915e-001  2.6196944707498915e-001  2.6196944707498915e-001  2.6196944707498915e-001  2.2216027689160001e-001  2.2216027689160001e-001
  1.0493349557979241e+002  3.0282838019577184e+001  1.4092739949030374e+001  1.4509747175929988e+000  3.5127444126737828e-001  2.6847340189306124e-001  2.6847340189306124e-001  2.3793765851200988e-001  2.3793765851200988e-001  2.3793765851200988e-001  2.3793765851200988e-001  2.2397880746370902e-001  2.1852305465654354e-001  2.0402682218332302e-001
  6.9164884453534341e+001  2.5269155956448913e+001  8.9082312878276753e+000  3.0277676787136443e-001  3.0277676787136443e-001  2.7839279180784615e-001  2.7839279180784615e-001  2.7839279180784615e-001  2.7839279180784615e-001  2.7061963466235284e-001  2.7061963466235284e-001  2.0033909758330992e-001  2.0033909758330992e-001  2.0033909758330992e-001
  9.9264678054031947e+001  3.0565516395337681e+001  1.3809576686591299e+001  4.0925421206657120e-001  3.9667770772621225e-001  2.6061720101029096e-001  2.6061720101029096e-001  2.6050266370384634e-001  2.6050266370384634e-001  2.5591757614984090e-001  2.4948367004935790e-001  2.2320999731982738e-001  2.2320999731982738e-001  2.2320362956315876e-001
  1.0469942732465120e+002  3.6421961701453256e+001  1.1053844804782557e+001  3.0409168790242802e-001  3.0409168790242802e-001  2.9156570514396662e-001  2.5795728431216958e-001  2.5795728431216958e-001  2.5795728431216958e-001  2.5795728431216958e-001  2.5795728431216958e-001  2.1218197085340762e-001  2.1218197085340762e-001  2.1218197085340762e-001
  6.0411072134520737e+001  3.1222117386998661e+001  1.1852847951417971e+001  4.1829418187035117e-001  4.1573261905864456e-001  2.9135290800127223e-001  2.6112602377111216e-001  2.6049092877201474e-001  2.6049092877201474e-001  2.4869153623717466e-001  2.4350716414301132e-001  2.0642776396607587e-001  2.0642776396607587e-001  2.0642776396607587e-001
  1.0929442491697750e+002  3.1918390472209012e+001  1.1777751324148312e+001  6.7492519110783178e-001  3.3048904342808783e-001  3.0089579614468676e-001  2.5181254856147461e-001  2.5181254856147461e-001  2.2159115309909794e-001  2.2159115309909794e-001  2.2159115309909794e-001  1.7081154958236766e-001  1.7081154958236766e-001  1.7081154958236766e-001
  1.3734366726697590e+002  3.3550783707256642e+001  9.3107773963040472e+000  5.6040075589021399e-001  3.3412724181903286e-001  3.1667484869399232e-001  3.0436186516772068e-001  3.0221817129972806e-001  2.5595664038610266e-001  2.4618703679720966e-001  2.4618703679720966e-001  2.4618703679720966e-001  2.3192314753077881e-001  2.3192314753077881e-001
  1.0005658624346097e+002  2.8903138720776042e+001  1.1694206549033879e+001  4.0748124198739788e-001  3.4820097322244692e-001  3.1660741914197388e-001  2.9151806035588379e-001  2.8509495297498688e-001  2.4019327591599904e-001  2.4019327591599904e-001  2.3279627176952999e-001  2.3279627176952999e-001  2.3279627176952999e-001  2.3279627176952999e-001
  1.1998136969562097e+002  3.1638785932474775e+001  8.5617698680111971e+000  4.1618525068020062e-001  2.5774672530837961e-001  2.3857840010009568e-001  2.3857840010009568e-001  2.1797584065188857e-001  2.1797584065188857e-001  2.1797584065188857e-001  2.1797584065188857e-001  2.1797584065188857e-001  2.1797584065188857e-001  2.1797584065188857e-001
  9.9960486210543877e+001  2.6768854565784522e+001  9.3456677914882675e+000  3.5856693171967891e-001  3.5856693171967891e-001  2.7416891750613104e-001  2.7416891750613104e-001  2.7416891750613104e-001  2.7416891750613104e-001  2.7416891750613104e-001  2.6243190756008516e-001  2.6243190756008516e-001  2.5706400931790085e-001  2.5706400931790085e-001
  8.9965768268107013e+001  3.5407453054591542e+001  1.2700976937917403e+001  3.7870001733176650e-001  3.7870001733176650e-001  2.7026925694326565e-001  2.7026925694326565e-001  2.6790944066010525e-001  2.4394725242109416e-001  2.4394725242109416e-001  2.4394725242109416e-001  2.4394725242109416e-001  2.4394725242109416e-001  2.4394725242109416e-001
  1.0916456781720103e+002  2.5836298591434343e+001  8.7129454793425793e+000  4.7618102496358006e-001  3.0426231241654023e-001  3.0426231241654023e-001  2.7182712030480616e-001  2.5588666855287556e-001  2.5588666855287556e-001  2.5588666855287556e-001  2.3185962806223870e-001  2.3185962806223870e-001  2.1255375237751650e-001  2.1253685245551424e-001
  7.6768244363854365e+001  3.5743388249661166e+001  1.3672546057366844e+001  3.2913732244628591e-001  2.1763426486904791e-001  2.1763426486904791e-001  2.1763426486904791e-001  2.1763426486904791e-001  2.1763426486904791e-001  2.1763426486904791e-001  2.1763426486904791e-001  2.1763426486904791e-001  2.1763426486904791e-001  2.1763426486904791e-001
  1.0603394464737812e+002  2.2918260645247983e+001  1.0894195176644871e+001  3.9455532477199995e-001  3.9455532477199995e-001  2.2586424291125695e-001  2.1987512746795801e-001  2.1987512746795801e-001  2.1987512746795801e-001  2.1987512746795801e-001  2.1987512746795801e-001  2.1987512746795801e-001  2.1987512746795801e-001  2.1987512746795801e-001
  1.0747164184688336e+002  2.6063394109866977e+001  1.0046097346768875e+001  4.4691433163188776e-001  2.7008027045894778e-001  2.7008027045894778e-001  2.7008027045894778e-001  2.7008027045894778e-001  2.7008027045894778e-001  2.7008027045894778e-001  2.6853653813668643e-001  2.6853653813668643e-001  2.6853653813668643e-001  2.6851908606863617e-001
  9.4472997153833376e+001  2.8612356341232271e+001  1.2150674953964426e+001  6.5353717600714845e-001  2.7202717699583445e-001  2.2283736950089406e-001  2.2283736950089406e-001  2.2048275761153491e-001  2.2048275761153491e-001  2.2048275761153491e-001  2.2048275761153491e-001  2.2048275761153491e-001  2.2048275761153491e-001  2.2048275761153491e-001
  1.1577008400155387e+002  3.3433317518547710e+001  1.3047140541312274e+001  3.9151621122096003e-001  3.1885266261861034e-001  2.6656644095805859e-001  2.6656644095805859e-001  2.5910662776846038e-001  2.5910662776846038e-001  2.5910662776846038e-001  2.2562110205558383e-001  2.2562110205558383e-001  2.0862272574390772e-001  2.0862272574390772e-001
  1.1070618143616844e+002  3.5179912103230436e+001  1.0795927527801950e+001  3.4265322356168326e-001  3.4265322356168326e-001  1.9166464796853688e-001  1.9166464796853688e-001  1.9166464796853688e-001  1.9166464796853688e-001  1.9166464796853688e-001  1.9166464796853688e-001  1.9166464796853688e-001  1.9166464796853688e-001  1.9166464796853688e-001
  7.8284587453232461e+001  3.0219891925316915e+001  1.1601450549129822e+001  5.1473598200050219e-001  4.1805895195147968e-001  2.4325244869328344e-001  2.4325244869328344e-001  2.0979264293350752e-001  2.0979264293350752e-001  2.0979264293350752e-001  1.9340403589853850e-001  1.9340403589853850e-001  1.9340403589853850e-001  1.9340403589853850e-001
  8.9095417729414294e+001  2.7657337036330546e+001  1.2226125205361541e+001  4.6187431712655780e-001  4.3086761344170554e-001  3.1851480201112281e-001  2.7732666774772952e-001  2.0057939456410168e-001  1.8387420054773429e-001  1.8387420054773429e-001  1.8387420054773429e-001  1.8387420054773429e-001  1.8387420054773429e-001  1.8387420054773429e-001
  7.1408468035123178e+001  2.5502641463895316e+001  9.0510787909122428e+000  7.4551727190328165e-001  3.8407578892270067e-001  2.4791584849072024e-001  2.2081450965606564e-001  2.2081450965606564e-001  2.2081450965606564e-001  2.2081450965606564e-001  2.2081450965606564e-001  2.2081450965606564e-001  2.2081450965606564e-001  2.0164981721109143e-001
  1.0170011238649295e+002  3.8143131700723870e+001  1.3541386571377870e+001  5.7548944823861348e-001  2.9387076556940883e-001  2.9387076556940883e-001  2.8040576363127911e-001  2.2212039884379919e-001  2.2212039884379919e-001  2.2212039884379919e-001  2.2212039884379919e-001  2.1571387779772522e-001  2.1571387779772522e-001  2.1571222477996344e-001
  9.9485429180969504e+001  4.2444603362807356e+001  1.1540538058570746e+001  3.9600214254960520e-001  3.4766992972481603e-001  2.6131649750527686e-001  2.6131649750527686e-001  2.6131649750527686e-001  2.0867745626264878e-001  2.0867745626264878e-001  2.0867745626264878e-001  2.0867745626264878e-001  2.0867745626264878e-001  2.0867745626264878e-001
  1.1448872334774705e+002  2.4166509665528338e+001  1.5412707632960974e+001  3.3527084857178124e-001  2.4502200030360655e-001  2.4502200030360655e-001  2.4482177718937237e-001  2.4482177718937237e-001  2.4482177718937237e-001  2.4482177718937237e-001  2.4482177718937237e-001  1.9272080477685449e-001  1.9272080477685449e-001  1.9272080477685449e-001
  1.1372990686656249e+002  3.7618311749778286e+001  7.7573309643289576e+000  2.2813957466041757e-001  2.2813957466041757e-001  2.2813957466041757e-001  2.2813957466041757e-001  2.2813957466041757e-001  2.2813957466041757e-001  2.2813957466041757e-001  2.2813957466041757e-001  2.2813957466041757e-001  2.2813957466041757e-001  2.2813957466041757e-001
  1.1351506118087514e+002  3.6257013651939133e+001  1.2058056704173168e+001  3.8943281251340522e-001  2.7865036484786287e-001  2.5526815082639587e-001  2.5526815082639587e-001  2.5526815082639587e-001  2.5525598377180359e-001  2.5525598377180359e-001  2.5525598377180359e-001  2.2310503665153192e-001  2.2310503665153192e-001  2.1704928055623895e-001
  8.4557248452146496e+001  3.3342309523482982e+001  1.1594172989175149e+001  3.1543480235018251e-001  2.8574757417868568e-001  2.3774944106412477e-001  2.3774944106412477e-001  2.3774944106412477e-001  2.3774944106412477e-001  2.3774944106412477e-001  2.3774944106412477e-001  2.3774944106412477e-001  2.3774944106412477e-001  1.7374507492809244e-001
  1.0818346926241111e+002  3.0443028720316534e+001  7.4348995530228876e+000  3.6458888995980487e-001  3.1477109929210201e-001  2.6647109795089818e-001  2.6647109795089818e-001  2.5189684244196542e-001  2.3461883266304540e-001  2.0448257978182482e-001  2.0448257978182482e-001  2.0448257978182482e-001  2.0448257978182482e-001  2.0448257978182482e-001
  1.0991897446736675e+002  3.0621452010311486e+001  1.0156594189060115e+001  3.8098273247192083e-001  3.5391399535501478e-001  2.8641311376213707e-001  2.8641311376213707e-001  2.6833924036054668e-001  1.7910777052156845e-001  1.7910777052156845e-001  1.7910777052156845e-001  1.7910777052156845e-001  1.7910777052156845e-001  1.7910777052156845e-001
  1.1916745562058759e+002  3.8849628871254708e+001  1.5007460382747468e+001  3.3847459633466315e-001  3.3266749070890000e-001  3.2750493590970109e-001  2.6951939583727835e-001  2.6558412182271240e-001  2.6558412182271240e-001  2.3885097057495841e-001  2.3885097057495841e-001  2.3885097057495841e-001  2.3885097057495841e-001  2.3885097057495841e-001
  1.4118394448942581e+002  3.9197252253338320e+001  7.3812270108180655e+000  4.8455158948218013e-001  3.1642171148200759e-001  3.1642171148200759e-001  2.2165589564770016e-001  2.1441930053561009e-001  2.1441930053561009e-001  2.1441930053561009e-001  2.1441930053561009e-001  2.1441930053561009e-001  2.1441930053561009e-001  2.1441930053561009e-001
  1.0739803027953235e+002  3.4367736303335960e+001  9.5753311482246772e+000  3.4046508718324731e-001  2.5269126841453726e-001  2.5269126841453726e-001  2.5269126841453726e-001  2.5269126841453726e-001  2.5269126841453726e-001  2.3525386558435457e-001  2.3525386558435457e-001  2.3525386558435457e-001  2.3525386558435457e-001  2.3525386558435457e-001
  1.1466795986275247e+002  4.5658912341627456e+001  1.1776018092191180e+001  3.9368665231563682e-001  3.9368665231563682e-001  2.8107833515878156e-001  2.8107833515878156e-001  2.8107833515878156e-001  2.8107833515878156e-001  2.4528580050196069e-001  2.4528580050196069e-001  2.4528580050196069e-001  2.4528580050196069e-001  2.4528580050196069e-001
  1.0452402512430081e+002  2.4613481209647716e+001  1.2575908357832986e+001  2.8456224058686530e-001  2.8456224058686530e-001  2.8456224058686530e-001  2.8456224058686530e-001  2.0473931425067349e-001  2.0473931425067349e-001  2.0473219578457247e-001  1.0633747746464906e-001  1.0633747746464906e-001  1.0633747746464906e-001  1.0633747746464906e-001
  1.1910846755854368e+002  3.6555623713716614e+001  9.0603076043669262e+000  4.7658970027441683e-001  4.3991037468344985e-001  3.4034995954812075e-001  2.5254234668614117e-001  2.5254234668614117e-001  2.5254234668614117e-001  2.5254234668614117e-001  2.5254234668614117e-001  2.4977061821482494e-001  2.4977061821482494e-001  2.4977061821482494e-001
  8.5285918283724186e+001  3.5836539849167139e+001  1.0390612115627164e+001  4.3511126875546324e-001  3.6952925022228555e-001  3.4377488084760444e-001  3.2251179655213491e-001  2.3080944712592100e-001  2.3080944712592100e-001  2.3034928413017042e-001  2.3034928413017042e-001  2.3034928413017042e-001  2.3034928413017042e-001  2.3034928413017042e-001
  1.1233838089873007e+002  3.2038979682694617e+001  1.4300339707875310e+001  4.2389791588379921e-001  3.4852218919945699e-001  2.7330674185373027e-001  2.4269612995817624e-001  1.8894067931955760e-001  1.8894067931955760e-001  1.8894067931955760e-001  1.8894067931955760e-001  1.8894067931955760e-001  1.8894067931955760e-001  1.8894067931955760e-001
  1.1309951853082021e+002  3.5527151375179756e+001  9.0196107829403900e+000  4.8633916556173062e-001  2.7087994040743979e-001  2.7087994040743979e-001  2.7087994040743979e-001  2.7087994040743979e-001  2.7087994040743979e-001  2.7087994040743979e-001  1.9243714976732917e-001  1.9243714976732917e-001  1.9243714976732917e-001  1.9243714976732917e-001
  9.6988175161280196e+001  2.6426251900811849e+001  1.3012936710864778e+001  4.6515868897949986e-001  3.5385879400587328e-001  2.6010350228943935e-001  2.6010350228943935e-001  2.6010350228943935e-001  2.6010350228943935e-001  2.6010350228943935e-001  2.3010747428725153e-001  2.3010747428725153e-001  2.3010747428725153e-001  2.1515780042295773e-001
  1.3089939702293850e+002  3.9180814697600681e+001  1.3467105053566684e+001  2.5650159314909615e-001  2.5650159314909615e-001  2.5650159314909615e-001  2.5650159314909615e-001  2.4699914419693414e-001  2.4699914419693414e-001  2.4699914419693414e-001  2.0963938306613272e-001  2.0963938306613272e-001  2.0963938306613272e-001  2.0963938306613272e-001
  1.1799105123247614e+002  3.7325072358248462e+001  1.4923935386651010e+001  3.4993152046308751e-001  3.4934200981342656e-001  2.9105800709203322e-001  2.7112967248399400e-001  2.7112967248399400e-001  2.7112967248399400e-001  2.2206051693819973e-001  2.2206051693819973e-001  2.2206051693819973e-001  2.2206051693819973e-001  2.2206051693819973e-001
