  2.5393436720090158e+004  9.3323247273493598e+003  6.8620073445779844e+003  4.2761446428242934e+003  3.6558372346644319e-001  3.1913482222705625e-002  1.5886206696279714e-002  2.6117362183981641e-003  2.1189317205880798e-003  2.1188292060401182e-003  1.7588193662732010e-004  1.7578055275180304e-004  1.7578055275180304e-004  1.7564159992389250e-004
  3.2583353877363472e+004  2.0700925201877628e+004  7.6674814746900656e+003  6.4018402181838337e+003  2.3823610578460830e-002  2.1145730984358124e-002  1.3480426031833304e-003  1.2202807644143832e-003  1.2201811078398350e-003  1.2201811060776890e-003  1.2201650503698147e-003  1.2201650503698147e-003  1.2201650503698147e-003  1.2201650503698147e-003
  4.7720463114171973e+004  1.0189879897458550e+004  9.3219158473412826e+003  5.3135671650782124e+003  1.1396141431305296e-002  1.0446795186680902e-002  9.7173350278580983e-003  3.4256928375384632e-003  3.2843034572351826e-003  3.2637777840704985e-003  3.2595882297528078e-003  3.2594723177794549e-003  3.2594723177794549e-003  3.2594723177794549e-003
  2.4085447149539270e+005  2.2575846523597706e+004  8.5235068032215167e+003  3.5989226142269881e+003  5.5704206271229850e-003  5.4935331108367791e-003  2.2266518217861631e-003  2.1203587818945380e-003  2.1193079489876254e-003  2.1191363862271828e-003  1.6221847183146565e-003  1.6221847183146565e-003  1.6221847183146565e-003  1.6179630042643112e-003
  2.7198360102509483e+004  1.6955349821472220e+004  1.0368810294483123e+004  5.6169878001388279e+003  2.7001356150435640e-002  2.7001356150435640e-002  1.0109461955096322e-002  7.8992814445086879e-003  3.1466241356383762e-003  3.1466240976669724e-003  2.8851294673586381e-003  2.8851223633523659e-003  2.8851223633523659e-003  2.8851223633523659e-003
  4.0378950572742062e+004  1.9544669870205980e+004  5.8646931798225460e+003  2.2875263491008095e+003  1.3382896667167188e-002  4.4004682782770033e-003  4.3359082179108555e-003  3.8551358488234655e-003  3.7112242735588552e-003  3.6936974881882634e-003  1.4466445227867553e-003  1.4466445227867553e-003  1.4464001785086111e-003  4.0366688836002140e-007
  2.3363982050313856e+005  2.4277585618933072e+003  1.0933860475872391e+003  8.7802644588591693e+002  6.7801513295358973e-001  9.5262433714538020e-003  7.3005056412966951e-003  3.4489808783177978e-003  2.5217566768560573e-003  1.0122265399559183e-003  1.0122265399559183e-003  1.0122195614030716e-003  1.0122195614030716e-003  1.0122170107820239e-003
  3.8779429188101152e+004  1.5528843645096400e+004  6.2536605513586037e+003  1.4187821171202456e+003  1.6388372145570429e-002  1.0143115846176443e-002  8.5098522197313287e-004  7.8655848056996547e-004  7.7813312259422673e-004  7.7810256533439315e-004  7.7810256533439315e-004  7.7810256533439315e-004  7.7810256533439315e-004  7.7810247688603340e-004
  2.4435534667615815e+004  1.3528550276907068e+004  8.4878400321844056e+003  1.6973091830988435e+003  3.6748390239154105e-003  3.6732936063685884e-003  3.6690079919594609e-003  3.6689377632797004e-003  3.6667494389917010e-003  1.4292655169469981e-003  1.4292655169469981e-003  1.4292655169469981e-003  1.4292655169469981e-003  6.6986048307171586e-004
  1.9262658647275751e+005  1.1105981814773477e+004  8.2584107158372681e+003  9.7939094280609584e+002  8.4090382279669029e-003  8.4088544320479741e-003  7.5053097056638762e-003  6.6878925567834813e-003  6.6874726309720245e-003  6.6874718603457950e-003  6.6874718603457950e-003  6.6874718603457950e-003  1.3130401161447480e-003  1.3130401161447480e-003
  1.0567642724929535e+005  2.1346356464471042e+004  8.4339477049204706e+003  5.2502604628495953e+002  4.8623941491086953e-002  1.2690806542707378e-002  1.0816412502492767e-002  1.0750584240554417e-002  6.3320870650613870e-003  6.1153790926482543e-003  2.5074041516290890e-003  2.5074041516290890e-003  6.1766934959450737e-004  6.1766516978423169e-004
  6.1694108513277395e+004  1.6981210285443587e+004  1.1604731204875216e+004  6.4161483363416492e+003  1.0700470027302345e-002  9.7361717649846469e-003  6.7416505144137773e-003  5.9762869864812274e-003  5.8986231716744442e-003  5.8802281700991443e-003  5.8501875757315247e-003  5.8501875757315247e-003  5.8501875757315247e-003  5.8498038769130289e-003
  2.1145502724665937e+004  8.9322800751731975e+003  1.7178786020358268e+003  5.6475852376673731e+002  9.1038425763372288e-003  4.0314332121624830e-003  1.8562756087590060e-003  1.8562752443358477e-003  1.4134653874293690e-003  1.3632962413794303e-003  1.2198535509924113e-003  4.6448043298141783e-004  4.6445164258557270e-004  4.6443684425412357e-004
  4.8427177378536413e+004  1.7551259484679460e+004  1.0385393906819332e+004  1.8537179209168494e+003  3.2337468656805868e-002  2.1431714102959631e-002  9.9353046265377998e-003  6.9939158107672483e-003  6.9820766702832771e-003  5.4167033212024762e-003  3.2869645556843352e-003  3.2869645556843352e-003  3.2869645556843352e-003  3.2833588150538162e-003
  2.0957863122898671e+004  5.0082439148139747e+003  3.7373105462860558e+003  3.4317847159560015e+003  1.3308583422542597e-002  1.2870446205113240e-002  1.1293948726290637e-002  3.5368681551517511e-004  4.4470164993981598e-005  4.2762259056416951e-005  4.2762258999573532e-005  4.2338759328686137e-005  4.2310788103350205e-005  4.2305421629862394e-005
  4.1161663635505101e+004  8.9628487086242985e+003  8.7868675099169923e+003  5.2175834524918873e+003  5.5015762044149596e-002  3.8863615250079420e-002  8.6822652734781514e-003  4.5447979563277840e-003  2.5815034573497542e-003  2.5815034572360673e-003  2.5801663633160388e-003  2.5801663625202309e-003  2.5801663622928572e-003  2.5800066445071934e-003
  7.9098838788303066e+004  2.3821445904679043e+004  5.9436009494326936e+003  1.9801712815714491e+003  2.4247244952618985e-001  2.2858452165166909e-002  1.2047122783542363e-002  4.4675637752789044e-004  4.1555116581548646e-004  3.7449000870992677e-004  3.7439917298343062e-004  3.7439917298343062e-004  3.7439917298343062e-004  3.7439838314412555e-004
  6.9117822852111130e+004  2.4460545000057355e+004  1.4231269298142875e+004  5.5540449481632013e+003  1.6009552988407449e-002  1.3622036888648381e-002  1.6601141691126031e-003  1.3345094921533018e-003  1.3344895588716099e-003  1.3344895588716099e-003  1.3344895588716099e-003  1.3344895588716099e-003  1.3344895588716099e-003  1.3344894427405052e-003
  4.5465873561597778e+004  1.9836782639972422e+004  1.0039624256854284e+004  3.9046337970018631e+003  5.0226653302161139e-003  5.0051077809598610e-003  5.0051053420361313e-003  5.0050897165760944e-003  5.0050897165760944e-003  5.0050897165760944e-003  4.9815281937526379e-003  4.9357394408389155e-003  4.1910414205403868e-003  4.1793992406269354e-003
  9.6644640921508311e+004  1.3393512849407591e+004  7.9890666783880970e+003  3.6004163741226962e+003  6.5776239304113915e-003  6.5771117323265571e-003  1.5742270638838818e-003  1.5728018395861909e-003  1.5727681038129049e-003  6.6227187517142738e-005  6.6227187517142738e-005  6.6227187517142738e-005  6.6227187517142738e-005  6.6182609600673459e-005
  2.1904146243545623e+004  1.0102744959943821e+004  7.1604199513077137e+003  3.8693192518884916e+003  1.4091128984659917e-002  2.6693089338323261e-003  2.4660573796495555e-003  1.8298254992146212e-003  1.7512383853954816e-003  1.5951774584550549e-003  1.5883328416634868e-003  1.5880334220241821e-003  1.5880317826031387e-003  1.5880220544204349e-003
  3.2545447379909856e+004  5.9661375039766808e+003  2.3209212486034926e+003  1.1888611622184862e+003  3.3406957269903614e-003  1.7461105716733982e-003  1.6717813041395857e-003  1.4875859717449202e-003  1.4857345370273833e-003  1.4857323944283962e-003  1.4857323872092820e-003  1.4857323871524386e-003  1.4784170173243183e-003  1.4782427333557280e-003
  3.9419405265574087e+005  2.4913664407068936e+004  8.9985266712021057e+003  5.3026358885896589e+003  2.5134842393867984e-003  1.4204875550944962e-003  1.3618442859524293e-003  1.0568876754177836e-003  1.0547794242370401e-003  1.0547750152909430e-003  1.0547750124487720e-003  1.0547750122213984e-003  1.0547750122213984e-003  1.0544299487378339e-003
  1.7302744630025365e+004  1.2401145266096766e+004  8.6599911770922445e+003  7.6264574957063951e+003  2.6104255728512271e-002  1.0985937040345561e-002  6.1989474028223412e-003  5.9225338367809854e-003  5.9222692675575672e-003  5.9222692675575672e-003  4.8911907330193571e-003  4.4688056169093215e-003  4.4687510891208149e-003  4.4683138697791946e-003
  3.2981543504423527e+004  1.6992269554619303e+004  7.2978646182840594e+003  5.3703506776772756e+003  3.4264974416373661e-003  2.1566212275274665e-003  2.0348174693936016e-003  1.4700469617423551e-003  1.4266836216165757e-003  1.4266836215597323e-003  1.4266836215597323e-003  1.4266836215597323e-003  1.4266836215597323e-003  1.4266836215597323e-003
  3.2883069770226750e+004  1.1195375398197033e+004  6.6895859004831646e+003  6.3445325567997670e+003  1.3410555508329480e-001  2.7664314292110248e-002  3.4015358193641987e-003  2.3147317959342217e-003  2.2156136882927058e-003  1.8959588346092460e-003  1.8959588276743489e-003  1.4678145148536714e-003  1.4678145148536714e-003  1.3887892196180474e-003
  5.9241409934718205e+004  2.2847693772183648e+004  1.0287561334599319e+004  3.5424098535024154e+003  2.8726048660303150e-002  2.0216573442951358e-002  4.8052239793605622e-003  4.7947944965471834e-003  4.6587070385726292e-003  3.9007374714401521e-003  3.5893925534651316e-003  2.1717933569789238e-003  2.1717933569789238e-003  2.1690007695838176e-003
  4.4672066189859994e+004  2.4172636786941461e+004  1.8045019599787818e+004  6.2758575165909042e+003  1.3569977610359274e-003  1.1077340924430246e-003  9.9711334678431740e-004  9.8159867951608248e-004  9.7273767693195623e-004  9.7273767693195623e-004  9.6199737430424648e-004  9.6198118558277201e-004  6.4589430564865324e-004  2.5366241351321150e-004
  5.4050912126602401e+004  2.1012606493128998e+004  4.0534237455528191e+003  7.0556579106485231e+002  3.5123496843993962e-003  3.2265815091818695e-003  3.1659396608461066e-003  1.7909934917383907e-003  9.4158416624168240e-004  9.4151774874262628e-004  9.4148501534618845e-004  9.4148382760295135e-004  9.4148382748926451e-004  9.4146843485987119e-004
  3.4076692852497086e+004  1.4432494594115440e+004  6.3019696717307179e+003  3.4601748489201441e+003  7.3885066709067360e-003  6.0095065148857429e-003  4.8566265411977838e-003  4.5908329091162159e-003  3.7383644180408737e-003  2.7147209126496818e-003  2.7147207425173292e-003  2.1865058142793714e-003  2.1847428395176394e-003  5.8467032107500927e-004
  4.5796165503024822e+004  3.6564474364923648e+004  1.5284448960294601e+004  6.5352679614374183e+003  2.0150547982211719e-003  1.9224227846734721e-003  1.9163325446811541e-003  1.9158492523274617e-003  1.9152352539890671e-003  1.9125196775462427e-003  1.9124316993384127e-003  1.9124316037277822e-003  1.9124316036140954e-003  1.9124043188298856e-003
  2.4340357653723851e+004  3.7903507048418451e+003  3.0513628329083854e+003  2.7986371441403417e+003  3.8590913371763236e-003  3.6645044987153597e-003  2.1456254524423457e-003  2.1043062137096058e-003  2.0944823774016186e-003  2.0944811627146009e-003  2.0944810398759728e-003  2.0944810398759728e-003  2.0944442528048057e-003  2.0940360956842596e-003
  1.3762385469415342e+005  2.6854559088675669e+004  4.7965941267725893e+003  2.0637218517794126e+003  1.9563985947002038e-003  1.2029339641230763e-003  1.0812722698005928e-003  1.0630279183487801e-003  9.9720433735228653e-004  8.6330294033132304e-004  8.5218876142789668e-004  8.5216247492780894e-004  8.5216247344988005e-004  8.5214611698347653e-004
  5.4836534328802438e+004  3.3167143043197662e+004  8.5832269074380783e+003  5.8151150587800039e+003  7.8115054736827005e-003  6.8615275405363718e-003  6.0260417229187624e-003  5.9902665464051097e-003  5.9792540446323983e-003  5.9792540395733340e-003  5.9071862821724608e-003  2.8863077203027387e-003  1.8419902497726071e-003  6.8093504609123556e-004
  3.1724256752130077e+004  1.7611994196429412e+004  8.6964622693763558e+003  4.9749384182283120e+003  2.5520153388185918e-002  2.5520153388185918e-002  1.8185161887913637e-003  1.0249203311900601e-003  1.0174266667490883e-003  1.0173988492852004e-003  1.0173988492852004e-003  1.0173988492852004e-003  1.0173988492852004e-003  1.0173912808113528e-003
  3.1960620499743178e+004  1.6663937554754775e+004  1.4738066749175867e+004  6.1897453743957713e+003  2.4734893451295648e-002  2.2741232357077479e-002  8.0476172853991557e-003  4.8337501700643770e-003  4.8262615920293683e-003  1.0816841906944319e-003  1.0816841892165030e-003  1.0816841891596596e-003  1.0816841891596596e-003  5.6791367103414814e-004
  3.7670826424295017e+004  2.8142643273045036e+004  1.3970029070050778e+004  3.2120693759423157e+003  1.6078722393217504e-002  1.6078722393217504e-002  7.4398353943934126e-003  5.6931063117531266e-003  1.1264042881293790e-003  1.1253571005909180e-003  7.7821569874458874e-004  7.7821569874458874e-004  7.7821569874458874e-004  7.6274518096397514e-004
  5.7188661764295131e+004  1.0969934208332541e+004  1.0550728596769575e+004  1.3690351915799622e+003  3.8347162801528611e-003  3.4840486806047011e-003  2.5534636661177501e-003  2.5299816059032310e-003  2.5299782443539698e-003  2.5299777796590206e-003  2.5299529635844920e-003  2.5299529635844920e-003  2.5299529635844920e-003  2.5299529635844920e-003
  1.9618735707930085e+004  1.6596943836486662e+004  1.1283123073906138e+004  7.1254362941138061e+003  2.1568066073086811e-002  9.9330673526196733e-003  8.1793142017545506e-003  7.5466700124593444e-003  1.0167906046945063e-003  9.1554290713702358e-004  9.1553219243678541e-004  9.1553219243678541e-004  9.1553219243678541e-004  9.1553219237994199e-004
  1.6461563743536779e+004  5.9842410355325383e+003  4.1417402711565992e+003  3.7357904904623874e+003  2.9125837144022171e-002  8.1977821632790437e-003  8.1977821632790437e-003  4.2977327514677199e-003  2.9535850025013133e-003  2.9471190997583108e-003  2.9467887551959393e-003  2.9460142289394753e-003  1.4650640688387284e-003  2.8975122268093401e-004
  2.0775452226571279e+005  1.8621912896084115e+004  1.1621455111108036e+004  3.6784283845556279e+003  2.5859987425178588e-003  2.5360615780414264e-003  2.1965790344893321e-003  1.5861766482316852e-003  1.5861598273545496e-003  6.5445515679130040e-004  6.5445515667761356e-004  6.5445515667761356e-004  6.5435562709126316e-004  6.5415125106937921e-004
  7.3989081595461525e+004  2.2868323624764995e+004  1.3380297218314534e+004  3.3534377102907233e+003  6.3955750485433782e-003  6.3955750485433782e-003  6.3940022200199564e-003  6.3840222373414690e-003  3.1429855955593666e-003  3.1429855955593666e-003  2.9882961333669300e-003  2.9882961333669300e-003  2.9882961333669300e-003  2.9882961333669300e-003
  1.5581819736875950e+004  1.4434851576212610e+004  1.3199422323468918e+003  5.7923480869925686e+002  6.2671822569200231e-003  6.2671822569200231e-003  1.4642080433304727e-003  7.4290399140863883e-004  7.4109657748522295e-004  7.4107262656752937e-004  7.4107262656752937e-004  7.4107262656752937e-004  7.4107262656752937e-004  7.4107244637389158e-004
  2.3904576959970160e+004  1.7935535435765880e+004  1.0015945939170899e+004  2.9828666006727431e+003  3.2451131411050937e-002  2.6809585601199615e-002  6.1665351375381761e-003  6.1524075338752482e-003  6.1510294156619238e-003  1.9609936290976293e-003  7.8707287696033745e-004  7.8304813303020637e-004  7.8292575329896863e-004  7.7499779865775054e-004
  4.6744225029142333e+004  2.0069545676719110e+004  1.9655280709529608e+004  1.4625755607860312e+003  6.1249461211332346e-003  2.0853050001505835e-003  2.0257332710116316e-003  1.2760271725369421e-003  1.2722785799610392e-003  1.2710388341474754e-003  1.2710388318737387e-003  1.2710174915468997e-003  1.2710174915468997e-003  1.2070674490587407e-003
  8.9733827128120116e+004  2.2572821100482277e+004  1.0864062346580213e+004  3.0875055630925885e+003  4.7879269233703781e-003  4.7879269233703781e-003  4.7859408547310522e-003  2.5954733608273273e-003  2.1772519608589391e-003  2.1772145358340822e-003  1.2714483718241354e-003  1.2714483718241354e-003  1.2714483718241354e-003  9.9622090579032374e-004
  5.7694059155320923e+004  2.2465307229027305e+004  1.0852134487349509e+004  5.0686973687536874e+003  3.0933984776879697e-003  2.3416173356167747e-003  1.8555217259859091e-003  1.8530545060571058e-003  1.1575515367781009e-003  1.1563801695047005e-003  1.1129548415169666e-003  6.3210584301032213e-004  6.3209211219827921e-004  5.4721550009162456e-004
  6.4104470593305552e+004  1.4525918117114421e+004  2.7463118850428377e+003  1.7445362548441594e+003  3.4682112130894893e-003  2.8493524979467111e-003  2.8493524979467111e-003  2.5352268339133843e-003  2.5325242773419632e-003  2.5325238154323415e-003  2.5325238154323415e-003  2.5285258979010905e-003  8.5932774084085395e-004  3.7117464876246231e-004
  1.7651636420210310e+004  9.6861602020609425e+003  7.7823218782094582e+003  6.3464959016815474e+003  3.1601108624954577e-003  1.6097932565344308e-003  1.6097932565344308e-003  8.5461304877298971e-004  8.3628146171577100e-004  7.6089621200026158e-004  7.6087308758587824e-004  7.6087308411842969e-004  7.6087308377736917e-004  7.5771221855802651e-004
  4.8423612482613993e+004  1.8435542660415605e+004  1.1173830803942161e+004  7.0984736725275570e+003  2.4540700271586502e-002  7.9458668965912693e-003  6.6338328488200204e-003  6.4301037836003161e-003  6.4293452497850012e-003  6.4293332276861292e-003  3.9131333232944598e-004  3.9131333232944598e-004  3.9131333232944598e-004  3.9121189450952443e-004
  4.5601759389088089e+004  1.1783539251972588e+004  4.4514384258210212e+003  1.7998979495965082e+003  2.3962490737634994e+000  1.3347297174107098e-002  2.2760871904665692e-003  1.6598046485682971e-003  1.6594880185039074e-003  1.6594860772443099e-003  6.0451439100006610e-004  6.0442670041993551e-004  6.0442629569479323e-004  5.3828362217700487e-004
