  4.9609038796542725e+006  1.0228901670068488e+006  1.4800504647449145e+005  9.1217205311570751e+002  1.9808350632213615e+002  8.6406224041662654e+001  2.2835996186925968e+001  1.6928211439649203e+001  1.5425804050887336e+001  1.5425804050887336e+001  1.5424843239408801e+001  1.5244580899842731e+001  1.3043371435178187e+001  9.0213396664551055e+000
  6.1881197200494232e+006  1.4894465091153309e+006  2.0367178651729220e+005  3.2087764030421999e+002  3.1713666745094906e+002  7.2965355912800987e+001  3.3567135380482796e+001  1.6241022870617144e+001  9.4713190625502648e+000  9.4563307954192624e+000  9.4563307954192624e+000  9.4563307954192624e+000  9.4563307954192624e+000  9.4563307954192624e+000
  6.7856880172277270e+006  8.7963883128897438e+005  1.7366664170567851e+005  1.4627017573831768e+002  1.4108691704373086e+002  9.7262020481040281e+001  4.1628152386658712e+001  1.5174121482067676e+001  1.4370275754186423e+001  1.4370275754186423e+001  1.4370275754186423e+001  1.2977112960357090e+001  1.2977112960357090e+001  1.2977112960357090e+001
  2.5543317284867992e+006  6.3454269967118173e+005  7.0288063125561064e+004  6.3951685678294098e+002  2.7085832463319275e+002  5.6076750246370693e+001  2.8112801164721986e+001  2.0328355707443052e+001  1.9806344929446368e+001  1.6261900038267640e+001  8.5259649291242567e+000  8.5259649291242567e+000  8.5259649291242567e+000  8.4670792674510267e+000
  5.3452085196290268e+006  7.3156285963791900e+005  9.4937394871554774e+004  7.6323314995032888e+002  4.5646884185641898e+002  7.1882576236686873e+001  4.7052552758621005e+001  9.7952859279648692e+000  9.7952859279648692e+000  9.7952859279648692e+000  9.7952859279648692e+000  9.7952859279648692e+000  9.7540223654452802e+000  9.7540223654452802e+000
  4.2210815408103475e+006  4.1505021398843947e+005  1.6601318450430545e+005  5.3869526036971865e+002  3.5610735814084455e+002  1.2735095182313489e+002  3.8206909635080592e+001  1.8488123183319658e+001  9.7276461013937023e+000  9.7276461013937023e+000  9.7276461013937023e+000  9.7276461013937023e+000  9.7276461013937023e+000  9.7276461013937023e+000
  2.2983583820612119e+006  3.1464805951760459e+005  8.2695643376679407e+004  2.0525779330903106e+002  2.0058668370094665e+002  9.4448538231079283e+001  3.1211341784852266e+001  1.8915766058115423e+001  1.6514054722100809e+001  1.0582590206505529e+001  8.8962274018274456e+000  8.8962274018274456e+000  8.8962274018274456e+000  8.8933771467904990e+000
  7.3555535642697075e+006  8.1756215170576144e+005  1.9094130506691310e+005  2.5489401200605084e+002  2.3437435574394067e+002  9.7474706613473472e+001  1.3585949943442984e+001  1.3585949943442984e+001  1.2005276701971752e+001  1.1578922559002649e+001  1.1210021734861357e+001  1.1210021734861357e+001  1.1210021734861357e+001  1.1210021734861357e+001
  8.3675547846010979e+006  8.1142906070758949e+005  1.5321029271798983e+005  3.9785889474322653e+002  3.9190766956297057e+002  6.2865629995527343e+001  4.4298580452709075e+001  1.9934018408359407e+001  1.7626021425957560e+001  1.7520772900810925e+001  1.3285806381434440e+001  1.3285806381434440e+001  1.3285806381434440e+001  1.3285797093069505e+001
  6.4917890755382339e+006  1.9016248235985991e+006  1.8249857719687224e+005  1.7014585339091218e+002  1.6656212250790941e+002  7.0964473028466500e+001  2.6142922939395930e+001  2.6142922939395930e+001  1.2755191937001655e+001  1.2755191937001655e+001  1.2755187088100001e+001  1.2755173306313736e+001  1.1290430228621744e+001  9.6788404660501328e+000
  5.3233225535368798e+006  7.3541678199704911e+005  1.1059065919787688e+005  1.1929762551553249e+003  1.3332179775277905e+002  5.8300215796964267e+001  2.4527768429152502e+001  1.8148836751751560e+001  1.1184861923375138e+001  7.2424286538314391e+000  7.2419898236100835e+000  7.2419758912619727e+000  7.2419758912619727e+000  7.2419758844264379e+000
  5.8682548588630101e+006  1.7609455461789833e+006  2.5948647428728652e+005  8.9702917090147275e+002  4.4973341562496830e+002  8.3307811759164224e+001  3.2739803123784213e+001  2.7414926307002361e+001  1.7294510800423950e+001  9.9132632095306690e+000  9.9132632095306690e+000  9.9132632095306690e+000  9.9132632095306690e+000  9.5625916826336379e+000
  9.0583812489292640e+006  6.0409919525592204e+005  1.4203747700206310e+005  1.1635528118336970e+002  1.1557532053643286e+002  9.1049092376379349e+001  1.9838924460011185e+001  1.9838924460011185e+001  1.3917504396175218e+001  8.8333290820694401e+000  8.8333290820694401e+000  8.8312907927147535e+000  8.8312907927147535e+000  8.8312907927147535e+000
  4.5407268277847776e+006  6.6836267611498875e+005  1.7490950094306172e+005  3.4444784648118093e+002  2.8300406752167282e+002  6.9965322137672047e+001  4.8043791073785087e+001  2.4069136352342412e+001  1.3284524117581213e+001  1.2663629194460100e+001  1.2663629194460100e+001  1.2663629194460100e+001  1.1736480879343844e+001  1.1736480879343844e+001
  8.8447502203133386e+006  9.4550923785935261e+005  1.7841970405933261e+005  1.2739287747860590e+002  1.2566657875685291e+002  1.0995749539793132e+002  4.6111637230556653e+001  1.7603948566098097e+001  1.3817643568617086e+001  1.3817643568617086e+001  1.3817643568617086e+001  1.3817643568617086e+001  1.3817643568617086e+001  1.3817643547374701e+001
  3.2156913462014147e+006  2.4186774577347460e+005  1.7623101370825924e+005  2.4058849602196960e+002  1.0111711440542786e+002  7.3758672470483816e+001  2.7563954979566688e+001  2.0104788444310771e+001  2.0104788444310771e+001  1.7630999776700264e+001  1.7630999776700264e+001  1.7630999776700264e+001  1.7287440834850486e+001  1.2080944324520715e+001
  4.0230022497233129e+006  7.4582959231177927e+005  9.5780303321345884e+004  4.0926704894907334e+002  3.0948316121488938e+002  7.4310223734061765e+001  1.7457646539105099e+001  1.7457646539105099e+001  1.5666470523122598e+001  1.1110229599435570e+001  1.1110229599435570e+001  1.1110229599435570e+001  1.1110229599435570e+001  1.1110229599435570e+001
  6.4648999822161617e+006  1.7631437739865533e+006  1.7134775993452396e+005  6.9837617229641955e+002  2.8068568095156729e+002  8.3568411195750059e+001  2.5488569737165790e+001  2.0979276736765769e+001  1.9342140344516338e+001  1.9338435130412563e+001  1.8285324311584645e+001  1.3105236011812622e+001  1.3105236011812622e+001  1.3105236011812622e+001
  4.0306674394440688e+006  9.0795719640548958e+005  1.8792117823974096e+005  3.9802159810825901e+002  3.7599048276342091e+002  6.4772059237061967e+001  4.3898821176379897e+001  1.2266152856155941e+001  1.2266152856155941e+001  1.2266152856155941e+001  1.1829325970178843e+001  1.1829325970178843e+001  1.1829325970178843e+001  1.1829325970178843e+001
  9.1724573141772375e+006  1.3825279200727018e+006  2.1453166706547077e+005  4.3620916935391483e+002  4.3598615192766351e+002  5.4718394664324023e+001  4.1996636239027794e+001  2.1496986097225090e+001  9.9547457293815569e+000  9.9547457293815569e+000  9.9547457293815569e+000  9.9547457293815569e+000  9.9538604175006640e+000  9.9538604175006640e+000
  9.3093398537164070e+006  8.0912052066190646e+005  1.7353779785377969e+005  1.0593859827561864e+003  8.7425644801896078e+002  1.0959406077691460e+002  4.4179180097430844e+001  1.6063768465695375e+001  1.6063768465695375e+001  1.1464280844009181e+001  1.1464280844009181e+001  1.1464280844009181e+001  1.1464280844009181e+001  9.9752559455741903e+000
  5.2599377097077947e+006  1.3380086191072944e+006  1.2430270131801082e+005  4.7616383789324709e+002  4.5003243827853385e+002  7.1336216496355064e+001  4.5106722079058727e+001  1.4077029068826278e+001  1.2500311884209395e+001  1.2500127337103550e+001  1.2500127337103550e+001  1.2500127337103550e+001  1.2500127337103550e+001  1.2500127337103550e+001
  3.9962110137422490e+006  1.1486496472484069e+006  1.7381969076721751e+005  2.9696675712457795e+002  2.9664204081023536e+002  7.5431156273491524e+001  4.1261565702646294e+001  1.8827399217758511e+001  1.3607757852728582e+001  1.3606540742747939e+001  1.3606540742747939e+001  1.3606540742747939e+001  1.3606540742747939e+001  1.3606540742747939e+001
  8.6356230605342649e+006  1.0881226790274188e+006  8.0155300718032406e+004  3.5262675288588025e+002  2.9376317271415496e+002  7.8900867887082768e+001  2.2178202782783046e+001  1.2164999625935934e+001  1.2164999625935934e+001  1.2088061429520621e+001  1.2088061429520621e+001  1.2088061429520621e+001  1.2088061429520621e+001  1.2088061429520621e+001
  6.1476810054268362e+006  5.2584328047581553e+005  1.1250870037291343e+005  1.6766300602866449e+003  2.0100349717865242e+002  7.4941926668102269e+001  2.3586325889591308e+001  1.3166480558697231e+001  1.3150552305910878e+001  1.3150552305910878e+001  1.3150552305910878e+001  8.4713088294538466e+000  8.4713088294538466e+000  8.4713088294538466e+000
  9.0852550103355478e+006  7.8322900144758238e+005  2.4382272126230583e+005  4.3905880245090020e+002  2.6209937714490775e+002  9.3477196373459037e+001  2.0362510827640335e+001  1.6592392831708821e+001  1.6592392831708821e+001  1.6390187023251428e+001  1.6390187023251428e+001  1.5698515689861551e+001  1.2626122086066516e+001  1.0524280087756779e+001
  7.4524963579185335e+006  6.6121944544419798e+005  1.5343044952625668e+005  3.2536056883517767e+002  3.2461295721328884e+002  8.5156928475448922e+001  1.9694512512624897e+001  1.8256003242072893e+001  1.8256003242072893e+001  1.6898673533951523e+001  1.6898673533951523e+001  1.6898673533951523e+001  1.6898673533951523e+001  1.3049375265668459e+001
  9.6775541355089508e+006  8.2024642515993468e+005  1.5944415328886555e+005  9.8192218094555665e+002  2.0854286605189191e+002  7.0542103857214897e+001  3.7263032885731036e+001  2.3098674844681909e+001  2.0684125376475549e+001  1.8352387194570156e+001  1.8246177175163666e+001  9.4892437195021557e+000  9.4892437195021557e+000  9.4185064715147746e+000
  7.6357956958466517e+006  5.3950448793792189e+005  1.5759937384830313e+005  3.9873442063969355e+002  2.4433738938224815e+002  1.4006040873214624e+002  4.1867561470813371e+001  1.4999098502475363e+001  1.2268414582243622e+001  1.2268414582243622e+001  1.2268414582243622e+001  1.1048714349027478e+001  1.1048714349027478e+001  1.1048714349027478e+001
  4.1474854868247155e+006  1.3197983415974677e+006  6.1794458804695401e+004  2.4241822475511094e+002  1.2236169004091084e+002  8.5570622762817493e+001  2.4145972961424604e+001  2.4145972961424604e+001  1.7246899460629720e+001  1.7246899460629720e+001  1.4363708860459610e+001  1.4108779694213354e+001  1.3576613393462821e+001  1.3544352527755791e+001
  1.2184545383783875e+007  5.3788858312013699e+005  2.1824557062665492e+005  6.5149325258888257e+002  1.3716896178229717e+002  7.3589321806793805e+001  3.9597512084069422e+001  1.4976949144193441e+001  1.4976949144193441e+001  1.0307919249272118e+001  9.9660482499016325e+000  9.9537810067565715e+000  9.9537810067565715e+000  9.9428579861721573e+000
  6.0187616414626194e+006  5.9935530421338999e+005  2.0761302477546668e+005  6.5199263143253484e+002  1.9953719986508236e+002  7.5050253198817245e+001  1.3415876794701944e+001  1.3379420668498824e+001  1.3379420668498824e+001  1.3379420668498824e+001  1.3379420668498824e+001  1.3379420668498824e+001  1.3379420668498824e+001  1.2631194363332270e+001
  7.0302764298589854e+006  8.9853597038342117e+005  1.3712590165039146e+005  3.3044035914553456e+002  3.1795268578111427e+002  8.4277582068446691e+001  4.4688120511274974e+001  7.9656573043819208e+000  7.9656573043819208e+000  7.9656573043819208e+000  7.9656573043819208e+000  7.9457827807163994e+000  7.9457827807163994e+000  7.9457827807163994e+000
  6.5300608830995401e+006  6.6822284595910402e+005  1.4570854949840857e+005  1.0474115120515098e+003  3.6742412208234236e+002  1.0056856825243335e+002  4.7190985400672389e+001  1.0471795591125783e+001  1.0471795591125783e+001  1.0471795591125783e+001  1.0471795591125783e+001  1.0471795591125783e+001  1.0471795591125783e+001  1.0440553483931126e+001
  8.8525341095960885e+006  5.2558534969371057e+005  1.5511647567997189e+005  4.1736292096938837e+002  1.9506114480822635e+002  9.3759462790208318e+001  2.9574321069695543e+001  2.0001099202445403e+001  1.4487307018427600e+001  1.1576388355246081e+001  1.1575013354735574e+001  1.0571017246878228e+001  1.0571017246878228e+001  1.0571017246878228e+001
  9.9108234424160346e+006  1.0568444278301874e+006  1.7364420169843239e+005  2.6740035870643487e+002  2.6352367708515794e+002  6.9627344626035210e+001  4.6623159154305995e+001  1.2284903434827811e+001  1.2237021891829045e+001  1.2236675449009681e+001  1.1448796652808369e+001  1.1448796652808369e+001  1.1448796652808369e+001  1.1448796652808369e+001
  3.5417278193611507e+006  5.0353605856015894e+005  1.6949607295924783e+005  9.5103258203769201e+002  2.6711769863951577e+002  8.6230468471578433e+001  4.1910658220957657e+001  1.4578215706752417e+001  1.4578215706752417e+001  1.4578215706752417e+001  1.4578215706752417e+001  1.4578215706752417e+001  1.4578215706752417e+001  1.4578215706752417e+001
  9.5523644507081676e+006  6.5608987375929987e+005  1.7053365546860956e+005  3.9596459870382319e+002  1.8397187038221637e+002  8.0192501309487170e+001  2.1253209886576087e+001  1.7028127614344612e+001  1.5133339836264440e+001  1.5129845237473774e+001  1.5129845237473774e+001  1.5129845237473774e+001  1.3404840890778360e+001  1.3404317526795467e+001
  7.0124228937913654e+006  5.7618120290382253e+005  2.0567310647951081e+005  3.8469385124819769e+002  3.8171267166066923e+002  6.3787537333007776e+001  4.4137679176137226e+001  3.8585802381119038e+001  1.0556411918555114e+001  1.0556411918555114e+001  1.0556411918555114e+001  1.0556411918555114e+001  1.0556411918555114e+001  8.7589945629169961e+000
  5.2290550350498781e+006  6.7720779533910728e+005  2.5425467451617686e+005  4.5528492981385284e+002  2.3999112555368856e+002  7.6229142215706815e+001  3.2263648454283384e+001  1.9855608777354746e+001  1.2588228617427148e+001  1.2531557411519998e+001  1.2530916347378252e+001  1.2530916347378252e+001  1.0422629377258545e+001  8.7614544635837319e+000
  3.2036873423896427e+006  7.5512502415725111e+005  1.1991905634750011e+005  4.1991901383346681e+002  3.0588319604964431e+002  6.9863874404920352e+001  4.0451363962444020e+001  2.9619211136656304e+001  1.6690980463769165e+001  9.5765638332270555e+000  9.5613334713332279e+000  9.5613334713332279e+000  9.5546026756537685e+000  9.5546026756537685e+000
  3.3890573023788137e+006  5.5910614516306226e+005  1.3468036327992054e+005  5.0966787303750743e+002  2.6584443965981336e+002  9.5833621264962176e+001  3.4519878632768041e+001  1.9397193468614660e+001  1.8004003907921515e+001  1.8004003907921515e+001  1.8004003907921515e+001  1.5093264147164291e+001  1.5093264147164291e+001  7.8711651314249593e+000
  9.1350697798297610e+006  9.6670050427156850e+005  2.6916915025686251e+005  3.6040687843956448e+002  3.5783859232882992e+002  2.3780989243884733e+001  2.1897539117909218e+001  2.1897539117909218e+001  1.7215207727853794e+001  9.6091982439770618e+000  9.5859352463387495e+000  9.5859352463387495e+000  9.5859352463387495e+000  9.5859352463387495e+000
  2.8010164334825310e+006  9.3258981974619045e+005  1.5738009998342535e+005  3.0620205805142268e+002  2.1861143567235695e+002  8.7683144118074551e+001  3.9293595440273521e+001  1.5325634131933157e+001  1.5325634131933157e+001  8.1685344196966980e+000  8.1685344196966980e+000  8.1685344196966980e+000  8.1685344196966980e+000  8.1685094976487562e+000
  8.0912030577219082e+006  6.9656806598814239e+005  1.3702854123554684e+005  2.4327033384649303e+002  2.4316705552317080e+002  2.7375460773670738e+001  2.7375460773670738e+001  1.1088536002524506e+001  1.1088536002524506e+001  1.1088536002524506e+001  1.1088536002524506e+001  1.1088536002524506e+001  1.1076164429072151e+001  1.1076164429072151e+001
  7.2939273179492541e+006  3.0981897596279054e+005  1.7586330270635764e+005  4.3472373957998775e+002  1.1859933523873406e+002  8.6281411852049359e+001  2.4757095526483681e+001  2.4757095526483681e+001  1.7192493208840460e+001  1.4409330463882725e+001  1.4409330463882725e+001  1.4023104337065661e+001  1.3665750728496278e+001  1.3659872646835311e+001
  4.3804296132695852e+006  6.9032093667482072e+005  2.2874432602043165e+005  4.3679555857545438e+002  1.1333171795337034e+002  8.6741420946814969e+001  4.8919301663157967e+001  2.9940092740499040e+001  1.6835930693585624e+001  1.6834709708051150e+001  1.6834709708051150e+001  1.6834709708051150e+001  1.5410895884511319e+001  1.5410895884511319e+001
  8.0216161037960723e+006  1.0532569128236908e+006  1.8308953940978533e+005  6.4365532379920205e+002  4.5404157547666659e+002  7.7445992788549120e+001  4.5940608545478426e+001  1.2851979365864509e+001  1.1985675033379493e+001  1.1985649148306265e+001  1.1984289129566605e+001  1.1983994751793034e+001  1.1983994751793034e+001  1.1345535768122318e+001
  4.3121016177633954e+006  1.0971216713275102e+006  3.0183563917762757e+005  1.0575993818060042e+003  2.2916715115231500e+002  9.4846201682332776e+001  4.0324370243004068e+001  3.4722844511479934e+001  1.3721847282037970e+001  1.3721847282037970e+001  1.0734382086242704e+001  1.0734382086242704e+001  8.0993559978385292e+000  8.0643714226475822e+000
  6.8606196184670487e+006  9.3098377467488090e+005  1.7003533811422484e+005  6.7477041159964529e+002  4.8435442889666319e+002  6.6825709216349878e+001  4.7915149429644089e+001  2.3292316961374809e+001  2.3292316961374809e+001  1.1614421951284385e+001  7.9554120077602875e+000  7.9554120077602875e+000  7.9554120077602875e+000  7.9554120077602875e+000
  2.9205640466355560e+006  7.2577559165425878e+005  1.5327814105033132e+005  9.2692509837967236e+001  9.1280512900184021e+001  6.0125911026802441e+001  3.5799460614797681e+001  2.6256500799895321e+001  1.6862086201983630e+001  8.2476608980693982e+000  8.2476608980693982e+000  8.2476608980693982e+000  8.2476608980693982e+000  8.2476600661877910e+000
