  8.9782749941990687e+000  6.8075665258858180e+000  6.7961433324131804e+000  4.6216142011072634e+000  4.3559102590985503e+000  3.4063343349462230e+000  2.7881168752643362e+000  2.1006132211797421e+000  1.9194928177428210e+000  1.5479119873432410e+000  1.4413752211725068e+000  1.2645970595374365e+000  1.1645715910185572e+000  1.1350275155870122e+000
  1.1426680521190633e+001  8.9794202237286527e+000  8.9321593064672697e+000  7.2276039241148737e+000  4.1989568793788976e+000  2.7369170380407013e+000  2.4943888864903556e+000  2.2903057796239636e+000  2.1956810797180424e+000  1.7979318909868880e+000  6.7953797071197641e-001  5.1526269913790657e-001  5.0309603806101677e-001  4.7420399451698358e-001
  9.3754953102768468e+000  8.5066472679810659e+000  7.1917717740526541e+000  6.2870730581653334e+000  4.5933262255736054e+000  3.9696372431709506e+000  2.5743501608729957e+000  1.8867161448417846e+000  1.4858773569122832e+000  1.4753345901677903e+000  1.3543525385748580e+000  1.1502818292101438e+000  7.5406211122071909e-001  7.5258490331952999e-001
  1.0428165183044939e+001  7.3243176883322576e+000  7.3243176883322576e+000  7.0645082128880858e+000  5.0275581188025171e+000  3.3692465987469404e+000  2.1147669376933891e+000  1.9133478923631628e+000  1.5123346786864431e+000  9.4424144640981922e-001  6.5274027669772750e-001  6.2374667974063414e-001  6.1289697438110124e-001  4.3592771644364348e-001
  9.8368754360567436e+000  7.5879878544628809e+000  6.4302278981573409e+000  5.8413695772537721e+000  4.5738746810535531e+000  2.3919799287668866e+000  2.3007610298587906e+000  1.7050863189709844e+000  1.5617400286803331e+000  1.3247496616595527e+000  1.2371192989013480e+000  1.2371192989013480e+000  1.2347389462339606e+000  1.1057880714006387e+000
  9.4028611869149472e+000  8.4256115822337279e+000  7.0118371960131753e+000  6.2754803374321000e+000  5.5415371879496433e+000  3.8067493211663077e+000  2.2867825165409386e+000  2.2867825165409386e+000  2.1959614711724953e+000  1.7327731487331448e+000  1.6042168624321675e+000  1.6042168624321675e+000  1.0037290899415439e+000  5.3289632918517782e-001
  1.1521107156499738e+001  7.9960973006745917e+000  7.6128873545072793e+000  6.4635180351675672e+000  5.3196887289961978e+000  3.5864886526991313e+000  2.2813078257476036e+000  1.4528919766174795e+000  1.3977294188072165e+000  1.2798282520666362e+000  1.2019010467456610e+000  1.1153742290199489e+000  1.0105428122228659e+000  1.0020462674958708e+000
  1.0123611889148037e+001  7.4988778447705045e+000  7.0461666218578785e+000  6.1667244614386618e+000  5.4485653863446259e+000  3.8545543715688382e+000  2.9795156404766203e+000  2.8003046846175721e+000  2.2715190762701241e+000  1.8500204243066491e+000  1.5793168556460842e+000  1.2507180012744357e+000  1.2402623788823348e+000  1.1823791383103526e+000
  1.0913769624360270e+001  8.3771683525690150e+000  8.0524832931671426e+000  7.0242190284567414e+000  4.7021311336673079e+000  1.9353810512844802e+000  1.7610240381927724e+000  1.5551930085339336e+000  1.5212366288344583e+000  1.1863018909670018e+000  9.2865210216189098e-001  9.1797253556808300e-001  9.1151485972022783e-001  8.6396954647216262e-001
  8.6298845187743609e+000  7.3008039345439784e+000  7.1526544375262802e+000  5.2601050948594548e+000  4.9259794640761356e+000  3.7339883001427552e+000  3.0793703559885444e+000  1.6759405967201246e+000  1.5714617659042460e+000  1.5121234644850574e+000  1.5121234644850574e+000  1.1791090948386227e+000  9.0954003256945271e-001  8.9177673501490062e-001
  1.0840126071528289e+001  8.1997197864527607e+000  6.0571686232151478e+000  5.5611732552375770e+000  4.7117081804125291e+000  3.3556722930341039e+000  2.2330921584269845e+000  1.7791857623077476e+000  1.2049915311150698e+000  9.6092693145669728e-001  8.1037022636940037e-001  7.6906498068512974e-001  7.4743872711167114e-001  5.1467348679670977e-001
  1.1397108629196168e+001  8.3384333902255321e+000  8.2561108970919577e+000  6.2049715247868562e+000  4.5789956410292234e+000  3.6608593022259583e+000  2.3566018484441429e+000  1.6166094393209960e+000  1.1778282202859600e+000  1.1134844658093925e+000  1.0439549485272437e+000  1.0305810710832475e+000  5.9994010603452352e-001  5.5159969402086517e-001
  9.7879754885428838e+000  8.9764856984504604e+000  5.7612899655496221e+000  5.7612899655496221e+000  5.3372179296073909e+000  3.7693219379752918e+000  3.0382955378158840e+000  3.0382955378158840e+000  2.2289824811913377e+000  1.9873068075927449e+000  1.8733483488558704e+000  1.7048512590801010e+000  1.3873507617331597e+000  1.2576287604804293e+000
  9.5945918406881674e+000  7.4983800282279844e+000  7.1871226141869329e+000  6.8087555175316083e+000  4.4590713908380621e+000  2.4746115465411549e+000  1.9897248637121265e+000  1.3236550202161652e+000  1.1769345341384678e+000  1.1577863878778771e+000  7.6952877904568595e-001  7.6539440082819965e-001  7.5760692806500174e-001  7.5715360910214713e-001
  8.9737729118899097e+000  8.2197022133894961e+000  7.4570225151948080e+000  5.7576794809212970e+000  4.8174346199981528e+000  4.2994677096436362e+000  2.2749719159949109e+000  1.5132202027182302e+000  1.4267005651825002e+000  1.1813995379606013e+000  1.1354356695586603e+000  1.0814890399019532e+000  1.0714560890039593e+000  6.9444902690634080e-001
  1.0389437999148754e+001  8.1970835811293910e+000  5.8069092483005988e+000  5.0539874842039580e+000  4.1315809107329642e+000  2.8469539619596844e+000  2.7976723377423696e+000  2.5379891076765944e+000  1.6572878829344972e+000  1.3102601772966409e+000  1.2935502424448941e+000  8.8897555092046332e-001  7.5337203647245587e-001  7.1816991258413054e-001
  8.9849091063215383e+000  7.7864911463228736e+000  6.3406962968570042e+000  5.8624772705348960e+000  5.1244961022758844e+000  3.4076209153449781e+000  2.2290395301355375e+000  1.7639011846316635e+000  1.4422923454402508e+000  1.4341395665799155e+000  1.3906859856763276e+000  1.0256551084606826e+000  9.6024035214622927e-001  8.8781812913998692e-001
  9.0130027488214637e+000  8.7099590894958965e+000  6.9643563945345477e+000  4.7520015701838929e+000  3.7892345957690168e+000  2.5311408148003238e+000  2.0898060635536240e+000  1.4956737798884205e+000  1.4623011109180197e+000  1.4478555491631369e+000  1.3738596589959116e+000  1.2349229881489237e+000  1.1860985646080735e+000  1.0396171072759444e+000
  1.0118056202174671e+001  8.5478486509447293e+000  8.5478486509447293e+000  6.1626833044603018e+000  4.9220830826168367e+000  2.9522003981088574e+000  1.8124959081441148e+000  1.7744881594750268e+000  1.0554106684775206e+000  1.0466405290685543e+000  1.0304946878040937e+000  1.0297761582708063e+000  1.0296665730137420e+000  9.8345522628380877e-001
  1.1014771050042214e+001  9.4667359323879055e+000  8.3759402515916008e+000  7.5448467875244205e+000  5.0265105111077446e+000  2.8929812545535469e+000  2.2757029216645606e+000  2.1493769035434980e+000  1.8848481211613262e+000  1.2955677994277721e+000  1.0447421140685265e+000  9.7115567910850586e-001  9.1408776707100969e-001  7.9834372074026305e-001
  9.9210241654872107e+000  8.9405328667162394e+000  6.0104159257597303e+000  5.8596272222401922e+000  4.1172409959348215e+000  2.5543704633847710e+000  1.5296974551055200e+000  1.3047518570941747e+000  1.1892528926554178e+000  1.0855993478273831e+000  1.0024885444177016e+000  9.9811230597185840e-001  9.7805827779279753e-001  9.5781021183131543e-001
  1.0388913466460622e+001  6.7899485086409186e+000  6.7899485086409186e+000  6.3191859744690646e+000  5.5518349874613477e+000  2.7618886900631878e+000  2.5899126708283120e+000  1.8063531036616496e+000  1.5191997617453126e+000  1.0634761911178430e+000  1.0114714122819350e+000  9.7885765039006856e-001  9.7069798594463919e-001  9.6946328383705804e-001
  1.0893859117168972e+001  7.8188988204700536e+000  6.7096973819697041e+000  5.1470385589349235e+000  4.2433851684349975e+000  2.5801417793791188e+000  2.2831825737398503e+000  2.1615642640260830e+000  1.8501197026610043e+000  1.7008339584273244e+000  1.6365576802145370e+000  1.5013399898618900e+000  1.4420323483300308e+000  1.3788536895739298e+000
  9.1575466705783128e+000  8.7855901195791830e+000  6.2272776655648840e+000  5.0650220446698313e+000  4.1356630607751868e+000  3.7540466198900049e+000  2.1085619081920868e+000  1.9390525008088844e+000  1.3030450295404989e+000  1.2356873460543056e+000  1.2004516380123960e+000  1.2002043482541467e+000  9.2476717360489147e-001  9.0253345466885548e-001
  9.1761366227309509e+000  8.8479209658313493e+000  8.1783541098907335e+000  6.7622465380198946e+000  5.7533941453310717e+000  3.4253369965596221e+000  2.6261603588119442e+000  2.1149126770778821e+000  1.6714238641014845e+000  1.6293549940965022e+000  1.3882238859029030e+000  1.3656038949699223e+000  1.3537353112459414e+000  1.0793808473296167e+000
  8.3971847693055679e+000  8.2521103166102421e+000  8.0841838451329977e+000  6.9688696220491693e+000  4.9161752909279812e+000  3.7887033727835160e+000  3.6316300142010505e+000  2.8356759624276719e+000  2.3037410883504208e+000  2.2561984628557639e+000  1.8942518514296580e+000  1.5756699413950628e+000  1.4549790273615599e+000  1.2437389799883931e+000
  1.0260017976383551e+001  7.3555291882195206e+000  7.0997869298056457e+000  5.9004619792899575e+000  4.5369399724820596e+000  3.1301467705072810e+000  2.2428590387091845e+000  1.5294653529268771e+000  1.3808851478468114e+000  1.2920643328742472e+000  1.1827833309196194e+000  1.0975438967411719e+000  1.0975438967411719e+000  1.0975438967411719e+000
  1.0381307047178325e+001  8.1748298660620549e+000  7.7661383797981216e+000  6.9833812372580724e+000  4.9777022103812669e+000  3.0614456871149969e+000  1.9825792555767521e+000  1.8339001382746574e+000  1.0240330245248970e+000  1.0040459046786054e+000  1.0001623992945952e+000  9.9989242870890394e-001  9.9688718591573888e-001  9.6493048292620642e-001
  1.0357348828450768e+001  8.9549102890239283e+000  7.5235422283981279e+000  6.7048121527238891e+000  6.0729945054958989e+000  3.6466562437379935e+000  2.5485040729547563e+000  1.5592026933730949e+000  1.4839720929136320e+000  1.1045185310098304e+000  9.1331387268917297e-001  7.0085022609180214e-001  6.5424949787905007e-001  6.5185464964611128e-001
  1.0176554663733327e+001  8.0691460288607004e+000  6.2950633745593905e+000  5.8429092297732268e+000  3.2608214331336285e+000  1.5650433351220272e+000  1.4432956531011314e+000  1.3555345555304257e+000  1.1936378116664628e+000  1.1454072155702306e+000  1.1258802595323232e+000  1.0766906657105437e+000  1.0763501345850273e+000  1.0739270807025605e+000
  8.7966586031478755e+000  6.7204051855155740e+000  6.3022150609207301e+000  5.7629829942477500e+000  4.9669323895648176e+000  3.4136370797281188e+000  2.5262992935911370e+000  2.4424499524396879e+000  1.8511778128328160e+000  1.7446678404676277e+000  1.7005932769478704e+000  1.6066750047267533e+000  1.3789660210748025e+000  1.3579909663503713e+000
  1.0406225149303282e+001  8.3852150016138012e+000  7.9278865410745993e+000  5.6621356208607949e+000  5.4273790121699221e+000  3.6100107150086842e+000  2.7704953055873602e+000  1.9815722235380235e+000  1.9284864527282934e+000  1.3418139224507968e+000  1.3197315101896265e+000  1.0849739057566694e+000  7.6556588201071918e-001  7.2269894706357718e-001
  8.7635506191301147e+000  8.3231787327044913e+000  8.1672627839573124e+000  6.0457246250823573e+000  3.8753694596566675e+000  3.7285702740990700e+000  1.9995578953468112e+000  1.8155142712123506e+000  1.6334519776175966e+000  1.5874562574670108e+000  1.5720844363019069e+000  1.4754127226157152e+000  1.3479774498435972e+000  1.2334685545278035e+000
  9.7128521403507193e+000  8.3496136107352186e+000  7.2373444875784116e+000  6.2745065278760421e+000  4.8301863959489992e+000  2.1136391995078156e+000  1.6493595100234870e+000  1.3878886064853759e+000  1.2517375580076759e+000  1.1779416069733770e+000  1.0502315178050594e+000  9.9777785366700300e-001  9.9649425057498320e-001  9.6093521749241972e-001
  1.0796881210244237e+001  9.1999912839296485e+000  7.7897890998139019e+000  6.8740687453214377e+000  5.3629881016773879e+000  3.7489828708950199e+000  3.0096217902445233e+000  1.9177590043555028e+000  1.7916915199966752e+000  1.2202522172336785e+000  1.1616776701026765e+000  1.1611626063007634e+000  1.1611626063007634e+000  8.6461690670648750e-001
  8.6420428371180833e+000  6.5839683853379256e+000  6.5839683853379256e+000  5.9702873224474615e+000  4.6660410535999972e+000  3.1938143501804461e+000  2.4356592747095647e+000  2.1970439277048399e+000  1.8644632607406493e+000  1.7270138577650869e+000  1.6139458621411222e+000  1.2790269245740546e+000  1.1071865077441316e+000  1.1002885366459623e+000
  8.2946564711145356e+000  7.5198138678373425e+000  6.0705161190701347e+000  5.3709744746008710e+000  3.4147802902489275e+000  2.6043579377715105e+000  2.1991518066876097e+000  1.8634820653710449e+000  1.4738195004468935e+000  1.3779812380746534e+000  1.2343979217101833e+000  1.1680447856298315e+000  1.0237863297667218e+000  9.4350243202040929e-001
  9.0763839548241094e+000  7.1920977979208374e+000  6.9789903484770548e+000  5.8167070099704006e+000  4.3248138979271289e+000  3.4825213572235043e+000  2.2898867947498047e+000  1.4005809841038399e+000  1.3311751338791282e+000  1.1779959670557218e+000  1.1621671938142981e+000  1.0667222820140978e+000  9.8153417038281532e-001  8.0652608672198767e-001
  9.2561929043731652e+000  8.6583936799682988e+000  8.0416566647892296e+000  6.8237455060378807e+000  6.0907792040025015e+000  3.9793138358727447e+000  2.9510679555642128e+000  2.6343167817793756e+000  1.7461509640787654e+000  1.0634900302854930e+000  1.0634900302854930e+000  1.0634900302854930e+000  1.0634900302854930e+000  7.4387795207428553e-001
  1.0886439301712926e+001  1.0030686851816313e+001  7.2708101189274430e+000  7.2708101189274430e+000  5.2838993126358673e+000  3.8650288196934071e+000  2.6738550770652409e+000  1.9015911505488248e+000  1.2144135043969300e+000  1.1012199702121279e+000  8.4969136397489820e-001  8.0052040747500541e-001  7.7896729283952482e-001  7.3614019011358778e-001
  8.3809268109765753e+000  6.8072341628095501e+000  6.7711533641315782e+000  5.9491536952248225e+000  4.7487742638897998e+000  2.2453198754915320e+000  2.1042080364729827e+000  9.9468487512058346e-001  8.6216944051977862e-001  8.2711259495226841e-001  7.4041139717303395e-001  5.2057394267694690e-001  4.8072135146787787e-001  4.5589605326699711e-001
  1.1287249293962986e+001  8.9939320217482646e+000  7.6253166309737708e+000  6.3564189798822781e+000  5.2756443906770301e+000  4.1935392019299798e+000  2.7713046247509965e+000  2.1051625043960485e+000  1.5473236840591653e+000  1.5091606680534824e+000  1.4292109348799613e+000  1.2931423758492429e+000  1.2924674605206974e+000  1.1884864157199218e+000
  1.0515037949998828e+001  9.2852335236311774e+000  8.3716484819076413e+000  6.8712143468065960e+000  6.2275921984556817e+000  4.8252247902113368e+000  2.3920548375529052e+000  2.2805929928225623e+000  1.5862289958554356e+000  1.4211770212829151e+000  6.2994650419261689e-001  6.0605934459022137e-001  4.9690632810336410e-001  4.9356237522931679e-001
  8.5323435716110225e+000  7.0047390791194175e+000  7.0047390791194175e+000  6.2880553494812830e+000  4.8393233580278547e+000  3.1442648838752802e+000  2.7270212003611505e+000  2.5912957613678600e+000  2.0723672323871369e+000  2.0084507267320078e+000  1.9493264323713220e+000  1.0855309478979507e+000  9.5755642510107464e-001  8.5614240881602655e-001
  1.0099898291972181e+001  8.3865122646567443e+000  8.3683634915951188e+000  6.7632433124607587e+000  5.6894878723794591e+000  2.3832556595980350e+000  2.2166154315058293e+000  2.1038015089960709e+000  2.1038015089960709e+000  2.0817626517412009e+000  1.6442763556995033e+000  1.1870806623687713e+000  1.0802172332679447e+000  7.7669391484266725e-001
  1.0192131110051264e+001  1.0015362533109851e+001  8.1714581688675025e+000  6.4880767805675532e+000  5.4576088272000334e+000  3.8002395294316784e+000  2.9865237644912668e+000  2.6878184049189713e+000  1.4952620558121907e+000  1.2023446905820947e+000  5.1334054404071594e-001  4.4620173356383930e-001  4.4188663095121683e-001  2.7353762696805006e-001
  9.4215343239084177e+000  7.4444933506487132e+000  6.7935013900191734e+000  6.2311408992837869e+000  4.1434245309754942e+000  2.2101145408621505e+000  1.7761486317820072e+000  1.7100677102223472e+000  1.3235441149855660e+000  1.2897852899006921e+000  1.0299102012085086e+000  9.7262562025787247e-001  9.7063396928263046e-001  9.6912614996608681e-001
  7.7175172706436115e+000  7.7175172706436115e+000  6.3411267915926146e+000  5.8092911875668278e+000  5.4447103490358586e+000  2.3334580714190452e+000  1.7250330454003233e+000  1.6624702970358385e+000  1.4419711577043017e+000  1.4286021700908123e+000  9.4191138845530986e-001  9.1768817092690824e-001  8.7179441278294689e-001  8.6726873091902235e-001
  1.0681392999741206e+001  8.1291517597288703e+000  7.0380572358309337e+000  4.9893861711116188e+000  4.7401031317921252e+000  3.9073885849636554e+000  2.4922610666378660e+000  2.3196614689630906e+000  2.3039967756951683e+000  2.0762128032165492e+000  2.0432155885775956e+000  1.9354238308516187e+000  1.7495126260322422e+000  1.7135504011904459e+000
  9.3628117239173889e+000  6.5622465522897073e+000  6.5406545155090043e+000  5.3424730319201217e+000  5.1195323010576885e+000  3.2345817097285590e+000  2.8831473751101839e+000  1.8012392442186638e+000  1.4990488220001907e+000  1.3255664340522344e+000  1.1435533467724781e+000  8.7998298084573889e-001  7.6085489845161192e-001  6.9485902933092802e-001
  7.6808101922405285e+000  7.2823310683121463e+000  6.8513404672459046e+000  6.4812392793953677e+000  6.1096550550114443e+000  4.3833911790300135e+000  2.8904893693913891e+000  1.7453985837094024e+000  1.2730848438728799e+000  1.0051101273778613e+000  7.4862956189815577e-001  7.4802661987826014e-001  7.4802661987826014e-001  6.7795556404962554e-001
