  3.9892426860860769e+002  3.5776426134337180e+002  3.4681473343213793e+002  3.3262839699268170e+002  3.2945747474572727e+002  3.2945747471074856e+002  3.2945747471074856e+002  3.2945747471074856e+002  3.2945747471074856e+002  3.2945747471074856e+002  3.2945747471074628e+002  3.2945747471074628e+002  3.2945747471074628e+002  3.2945747471074628e+002
  4.2710103002643018e+002  3.4070775235610245e+002  3.3579037072413848e+002  3.3291849970462999e+002  3.2945747471075538e+002  3.2945747471075538e+002  3.2945747471075538e+002  3.2945747471075538e+002  3.2945747471075538e+002  3.2945747471075538e+002  3.2945747471075538e+002  3.2945747471075538e+002  3.2945747471073173e+002  3.2945747471073173e+002
  3.5251012299203694e+002  3.4446595266273289e+002  3.3658679522408784e+002  3.3245445600048652e+002  3.2945747471084314e+002  3.2945747471084314e+002  3.2945747471075811e+002  3.2945747471075811e+002  3.2945747471075811e+002  3.2945747471075811e+002  3.2945747471075811e+002  3.2945747471075811e+002  3.2945747471075811e+002  3.2945747471075811e+002
  3.8024662280582015e+002  3.6342995363272212e+002  3.4281484133538288e+002  3.3217056786458397e+002  3.2945747471102095e+002  3.2945747471077539e+002  3.2945747471077539e+002  3.2945747471077539e+002  3.2945747471077539e+002  3.2945747471077539e+002  3.2945747471077539e+002  3.2945747471077539e+002  3.2945747471077539e+002  3.2945747471077539e+002
  3.7538219966434463e+002  3.5239325338659910e+002  3.3609472514487879e+002  3.3039697030458547e+002  3.2945747471084724e+002  3.2945747471084724e+002  3.2945747471084724e+002  3.2945747471084724e+002  3.2945747471084724e+002  3.2945747471084724e+002  3.2945747471084724e+002  3.2945747471084724e+002  3.2945747471084724e+002  3.2945747471080949e+002
  4.0771098171023368e+002  3.5580550793044677e+002  3.3706209873324269e+002  3.3166281250483735e+002  3.2945747471225832e+002  3.2945747471099867e+002  3.2945747471094319e+002  3.2945747471083632e+002  3.2945747471081677e+002  3.2945747471081677e+002  3.2945747471081677e+002  3.2945747471081677e+002  3.2945747471081677e+002  3.2945747471081677e+002
  3.7413043707301313e+002  3.4711831202818121e+002  3.3711633370431218e+002  3.3310211532183303e+002  3.2945747471821960e+002  3.2945747471101367e+002  3.2945747471089999e+002  3.2945747471089999e+002  3.2945747471089999e+002  3.2945747471089999e+002  3.2945747471076174e+002  3.2945747471076174e+002  3.2945747471076174e+002  3.2945747471076174e+002
  3.7874843825518747e+002  3.5022756966766610e+002  3.3457390897192181e+002  3.3247439324686729e+002  3.2945747471083450e+002  3.2945747471083450e+002  3.2945747471074856e+002  3.2945747471074856e+002  3.2945747471074856e+002  3.2945747471074856e+002  3.2945747471074856e+002  3.2945747471074856e+002  3.2945747471073810e+002  3.2945747471073719e+002
  3.7499056061093415e+002  3.3809857732213914e+002  3.3729391273950978e+002  3.3263090307237917e+002  3.2945747471109144e+002  3.2945747471104278e+002  3.2945747471104278e+002  3.2945747471104278e+002  3.2945747471086179e+002  3.2945747471086179e+002  3.2945747471086179e+002  3.2945747471086179e+002  3.2945747471081086e+002  3.2945747471081086e+002
  4.0408586076742904e+002  3.4505002745824095e+002  3.3896416918512841e+002  3.3179812106366808e+002  3.2945747471167306e+002  3.2945747471167306e+002  3.2945747471074856e+002  3.2945747471074856e+002  3.2945747471074856e+002  3.2945747471074856e+002  3.2945747471074856e+002  3.2945747471074856e+002  3.2945747471074856e+002  3.2945747471074856e+002
  3.7689640275991860e+002  3.3610624849735996e+002  3.3225617561612762e+002  3.3123155546720000e+002  3.2945747471650611e+002  3.2945747471105415e+002  3.2945747471096774e+002  3.2945747471072082e+002  3.2945747471072082e+002  3.2945747471072082e+002  3.2945747471072082e+002  3.2945747471072082e+002  3.2945747471072082e+002  3.2945747471072082e+002
  3.9607922109222091e+002  3.5751270100572674e+002  3.4017978724627619e+002  3.3468373318061140e+002  3.2945747507769147e+002  3.2945747471076311e+002  3.2945747471076311e+002  3.2945747471076311e+002  3.2945747471076311e+002  3.2945747471076311e+002  3.2945747471076311e+002  3.2945747471076311e+002  3.2945747471075265e+002  3.2945747471074992e+002
  3.7219114132468894e+002  3.5315543726460874e+002  3.3889123661162239e+002  3.3182517413036749e+002  3.2945747472235553e+002  3.2945747471359073e+002  3.2945747471175446e+002  3.2945747471081586e+002  3.2945747471076857e+002  3.2945747471075038e+002  3.2945747471074765e+002  3.2945747471074765e+002  3.2945747471074765e+002  3.2945747471074765e+002
  4.1573004176597988e+002  3.4378891781920674e+002  3.3897724373077199e+002  3.3108002084950931e+002  3.2945747657110360e+002  3.2945747471156119e+002  3.2945747471074674e+002  3.2945747471074674e+002  3.2945747471074674e+002  3.2945747471074674e+002  3.2945747471074674e+002  3.2945747471074674e+002  3.2945747471074674e+002  3.2945747471074628e+002
  4.0488975069269691e+002  3.4807052188799071e+002  3.4089424134952424e+002  3.3484547572373003e+002  3.2945747471124378e+002  3.2945747471091727e+002  3.2945747471091727e+002  3.2945747471080949e+002  3.2945747471080949e+002  3.2945747471080949e+002  3.2945747471079630e+002  3.2945747471079130e+002  3.2945747471079130e+002  3.2945747471079130e+002
  3.7094734770069135e+002  3.3929646517462879e+002  3.3316645110812624e+002  3.3158105699573298e+002  3.2945747473951315e+002  3.2945747471078812e+002  3.2945747471078812e+002  3.2945747471078812e+002  3.2945747471078812e+002  3.2945747471078812e+002  3.2945747471078812e+002  3.2945747471078812e+002  3.2945747471078812e+002  3.2945747471078812e+002
  4.5153289021588262e+002  3.5515816656438665e+002  3.3684490249398368e+002  3.3182637246812192e+002  3.2945747471099776e+002  3.2945747471099776e+002  3.2945747471098275e+002  3.2945747471098275e+002  3.2945747471084360e+002  3.2945747471084360e+002  3.2945747471084360e+002  3.2945747471084360e+002  3.2945747471084360e+002  3.2945747471084360e+002
  3.8607079600901443e+002  3.5151690536961542e+002  3.4005998781445987e+002  3.3087413894546171e+002  3.2945747471080767e+002  3.2945747471080767e+002  3.2945747471080767e+002  3.2945747471080767e+002  3.2945747471080767e+002  3.2945747471080767e+002  3.2945747471080767e+002  3.2945747471080767e+002  3.2945747471074083e+002  3.2945747471074083e+002
  3.8585463635687574e+002  3.5342003372002637e+002  3.3455067637684351e+002  3.3234379119939558e+002  3.2945747471109098e+002  3.2945747471106642e+002  3.2945747471106642e+002  3.2945747471079949e+002  3.2945747471079949e+002  3.2945747471079949e+002  3.2945747471079949e+002  3.2945747471079949e+002  3.2945747471079949e+002  3.2945747471079949e+002
  3.7585921869875574e+002  3.5190983744887217e+002  3.4558296277085719e+002  3.3347660731432870e+002  3.2945747471197092e+002  3.2945747471080358e+002  3.2945747471080358e+002  3.2945747471072627e+002  3.2945747471072627e+002  3.2945747471072627e+002  3.2945747471072627e+002  3.2945747471072627e+002  3.2945747471072627e+002  3.2945747471072627e+002
  3.6084329431931201e+002  3.4382022802943357e+002  3.3413646863050644e+002  3.3182129566308777e+002  3.2945747471262075e+002  3.2945747471095729e+002  3.2945747471095729e+002  3.2945747471095729e+002  3.2945747471074947e+002  3.2945747471074947e+002  3.2945747471074947e+002  3.2945747471074947e+002  3.2945747471074947e+002  3.2945747471074947e+002
  3.7525991359730597e+002  3.4405385174001231e+002  3.3883341516370456e+002  3.3099667089382274e+002  3.2945747471089544e+002  3.2945747471078539e+002  3.2945747471078539e+002  3.2945747471078539e+002  3.2945747471074401e+002  3.2945747471074355e+002  3.2945747471074355e+002  3.2945747471074355e+002  3.2945747471074355e+002  3.2945747471074355e+002
  3.7859071385343032e+002  3.4563705088600773e+002  3.3740193609902599e+002  3.3264282211561203e+002  3.2945747471080767e+002  3.2945747471080767e+002  3.2945747471080767e+002  3.2945747471080767e+002  3.2945747471074219e+002  3.2945747471072900e+002  3.2945747471072900e+002  3.2945747471072900e+002  3.2945747471072900e+002  3.2945747471072900e+002
  3.8106610832410433e+002  3.4294308557553813e+002  3.3683493665524520e+002  3.3233118119638493e+002  3.2945747471089680e+002  3.2945747471089680e+002  3.2945747471089680e+002  3.2945747471085269e+002  3.2945747471085269e+002  3.2945747471073992e+002  3.2945747471073992e+002  3.2945747471073992e+002  3.2945747471073992e+002  3.2945747471073992e+002
  3.5356017853325193e+002  3.4160420484688939e+002  3.3680958946792498e+002  3.3169599434423844e+002  3.2945747471726600e+002  3.2945747471087907e+002  3.2945747471087907e+002  3.2945747471087907e+002  3.2945747471074037e+002  3.2945747471074037e+002  3.2945747471074037e+002  3.2945747471074037e+002  3.2945747471074037e+002  3.2945747471074037e+002
  4.1223434398349173e+002  3.6245474035853795e+002  3.4062057095205273e+002  3.3345183079906519e+002  3.2945751729821995e+002  3.2945747471105688e+002  3.2945747471105688e+002  3.2945747471075811e+002  3.2945747471075811e+002  3.2945747471075811e+002  3.2945747471075811e+002  3.2945747471075811e+002  3.2945747471075811e+002  3.2945747471075811e+002
  3.8881797314660889e+002  3.4069080159450095e+002  3.3455820844048867e+002  3.3218058170967061e+002  3.2945747540255979e+002  3.2945747471078585e+002  3.2945747471078585e+002  3.2945747471078585e+002  3.2945747471078585e+002  3.2945747471078585e+002  3.2945747471078585e+002  3.2945747471078585e+002  3.2945747471077721e+002  3.2945747471077721e+002
  3.8131584523395168e+002  3.5286131874138300e+002  3.3606648551272019e+002  3.3285617570726117e+002  3.2945747471102004e+002  3.2945747471102004e+002  3.2945747471088589e+002  3.2945747471087952e+002  3.2945747471087952e+002  3.2945747471087952e+002  3.2945747471087952e+002  3.2945747471087952e+002  3.2945747471087952e+002  3.2945747471087952e+002
  3.7552544074568050e+002  3.4347547644246697e+002  3.3354459361597128e+002  3.3263310122857001e+002  3.2945747471169716e+002  3.2945747471169716e+002  3.2945747471169716e+002  3.2945747471075265e+002  3.2945747471075265e+002  3.2945747471075265e+002  3.2945747471075265e+002  3.2945747471075265e+002  3.2945747471075265e+002  3.2945747471075265e+002
  4.1228371702860068e+002  3.4542589358754321e+002  3.3824986040019257e+002  3.3157617565125929e+002  3.2945747471299183e+002  3.2945747471261075e+002  3.2945747471081722e+002  3.2945747471081722e+002  3.2945747471081722e+002  3.2945747471075993e+002  3.2945747471075993e+002  3.2945747471075993e+002  3.2945747471075993e+002  3.2945747471075993e+002
  3.4545818015843361e+002  3.3971538728923451e+002  3.3869709346179843e+002  3.3247833751760527e+002  3.2945747643401455e+002  3.2945747471100412e+002  3.2945747471100412e+002  3.2945747471099639e+002  3.2945747471075492e+002  3.2945747471075492e+002  3.2945747471075492e+002  3.2945747471075492e+002  3.2945747471075492e+002  3.2945747471075492e+002
  3.8036180809155849e+002  3.3409656348933868e+002  3.3398885596578975e+002  3.3202938935479415e+002  3.2945747471111281e+002  3.2945747471074856e+002  3.2945747471074492e+002  3.2945747471074492e+002  3.2945747471074492e+002  3.2945747471074492e+002  3.2945747471074492e+002  3.2945747471074492e+002  3.2945747471074492e+002  3.2945747471074446e+002
  3.8753480888642935e+002  3.5109522892254108e+002  3.3991606888917977e+002  3.3229849138450345e+002  3.2945747471206460e+002  3.2945747471099912e+002  3.2945747471098048e+002  3.2945747471096229e+002  3.2945747471091227e+002  3.2945747471075538e+002  3.2945747471075538e+002  3.2945747471075538e+002  3.2945747471075538e+002  3.2945747471075219e+002
  3.6391385382816134e+002  3.4891973322765216e+002  3.3361169634837415e+002  3.3086823976954611e+002  3.2945747471082814e+002  3.2945747471082814e+002  3.2945747471082814e+002  3.2945747471076265e+002  3.2945747471076265e+002  3.2945747471076265e+002  3.2945747471075993e+002  3.2945747471075993e+002  3.2945747471075993e+002  3.2945747471075083e+002
  3.8669318531102135e+002  3.6065168573348728e+002  3.3811751758887840e+002  3.3069210658179009e+002  3.2945747471099639e+002  3.2945747471099639e+002  3.2945747471099639e+002  3.2945747471078266e+002  3.2945747471078266e+002  3.2945747471075720e+002  3.2945747471075720e+002  3.2945747471075720e+002  3.2945747471075720e+002  3.2945747471075674e+002
  3.7328661503442254e+002  3.4255741872216004e+002  3.3546914487581489e+002  3.3351875573176994e+002  3.2945747471082723e+002  3.2945747471082723e+002  3.2945747471077993e+002  3.2945747471074719e+002  3.2945747471074719e+002  3.2945747471074537e+002  3.2945747471074537e+002  3.2945747471074537e+002  3.2945747471074537e+002  3.2945747471074537e+002
  4.5977857916843004e+002  3.5574992091177546e+002  3.3833942917837021e+002  3.3192093164180733e+002  3.2945747490671738e+002  3.2945747471237200e+002  3.2945747471118148e+002  3.2945747471090817e+002  3.2945747471079676e+002  3.2945747471079358e+002  3.2945747471079358e+002  3.2945747471072900e+002  3.2945747471072809e+002  3.2945747471072809e+002
  3.9133473677152324e+002  3.3988368204823291e+002  3.3654714474896446e+002  3.3291282820970491e+002  3.2945747484643198e+002  3.2945747471125742e+002  3.2945747471125742e+002  3.2945747471087907e+002  3.2945747471078494e+002  3.2945747471078494e+002  3.2945747471078494e+002  3.2945747471078494e+002  3.2945747471078494e+002  3.2945747471078494e+002
  4.2570017036497848e+002  3.5498588013137487e+002  3.4063940578695519e+002  3.3512240488904627e+002  3.2945747717996255e+002  3.2945747471091045e+002  3.2945747471074674e+002  3.2945747471074674e+002  3.2945747471074674e+002  3.2945747471074674e+002  3.2945747471074674e+002  3.2945747471074674e+002  3.2945747471074446e+002  3.2945747471074174e+002
  3.8781061366493032e+002  3.5180887277639522e+002  3.3722832793938915e+002  3.3183338482688669e+002  3.2945747471104096e+002  3.2945747471104096e+002  3.2945747471082814e+002  3.2945747471082814e+002  3.2945747471082814e+002  3.2945747471081950e+002  3.2945747471081950e+002  3.2945747471081950e+002  3.2945747471081950e+002  3.2945747471077902e+002
  4.0427128033797271e+002  3.4874282207262695e+002  3.3733159151841119e+002  3.3101927751533367e+002  3.2945747471252889e+002  3.2945747471094728e+002  3.2945747471094728e+002  3.2945747471094728e+002  3.2945747471088043e+002  3.2945747471076129e+002  3.2945747471075720e+002  3.2945747471075720e+002  3.2945747471075720e+002  3.2945747471075674e+002
  3.6250036666367942e+002  3.4415292940474365e+002  3.3532034507758635e+002  3.3224327786408685e+002  3.2945747471091727e+002  3.2945747471078539e+002  3.2945747471078539e+002  3.2945747471078539e+002  3.2945747471078539e+002  3.2945747471078539e+002  3.2945747471078539e+002  3.2945747471072900e+002  3.2945747471072900e+002  3.2945747471072809e+002
  3.8516011141053787e+002  3.5020362326968689e+002  3.3361099107934342e+002  3.3092896343474013e+002  3.2945747471080540e+002  3.2945747471080540e+002  3.2945747471077675e+002  3.2945747471077675e+002  3.2945747471077675e+002  3.2945747471077675e+002  3.2945747471077675e+002  3.2945747471077675e+002  3.2945747471077675e+002  3.2945747471077675e+002
  4.1359359601806773e+002  3.5036393991171963e+002  3.3654499344382839e+002  3.3214061726545970e+002  3.2945747471086588e+002  3.2945747471086588e+002  3.2945747471075538e+002  3.2945747471075538e+002  3.2945747471075538e+002  3.2945747471075538e+002  3.2945747471075538e+002  3.2945747471075538e+002  3.2945747471075356e+002  3.2945747471075356e+002
  4.2380706931316763e+002  3.4442154922843338e+002  3.4003317923457598e+002  3.3202121486241367e+002  3.2945747471121285e+002  3.2945747471089544e+002  3.2945747471089544e+002  3.2945747471086088e+002  3.2945747471086088e+002  3.2945747471084678e+002  3.2945747471084678e+002  3.2945747471084678e+002  3.2945747471081859e+002  3.2945747471081404e+002
  4.1872615864550608e+002  3.5854121480224103e+002  3.4184168188497188e+002  3.3124361812815187e+002  3.2945747590995734e+002  3.2945747471075993e+002  3.2945747471075993e+002  3.2945747471075993e+002  3.2945747471075993e+002  3.2945747471075993e+002  3.2945747471075993e+002  3.2945747471075993e+002  3.2945747471075993e+002  3.2945747471075993e+002
  4.0445102343697999e+002  3.5623151093765637e+002  3.4243252013254823e+002  3.3370352889177502e+002  3.2945747471376262e+002  3.2945747471092000e+002  3.2945747471092000e+002  3.2945747471092000e+002  3.2945747471079630e+002  3.2945747471079630e+002  3.2945747471079630e+002  3.2945747471077584e+002  3.2945747471077584e+002  3.2945747471077584e+002
  4.4181300321264098e+002  3.4348909487040510e+002  3.3841911494871374e+002  3.3180400993813646e+002  3.2945747471085861e+002  3.2945747471080676e+002  3.2945747471080676e+002  3.2945747471080676e+002  3.2945747471080676e+002  3.2945747471072491e+002  3.2945747471072400e+002  3.2945747471072400e+002  3.2945747471072400e+002  3.2945747471072400e+002
  3.5413613273582860e+002  3.4291217661917017e+002  3.3831192757058079e+002  3.3274477238327427e+002  3.2945747471118011e+002  3.2945747471118011e+002  3.2945747471094319e+002  3.2945747471094319e+002  3.2945747471094319e+002  3.2945747471094319e+002  3.2945747471090681e+002  3.2945747471090681e+002  3.2945747471090681e+002  3.2945747471073491e+002
  3.5636311853340158e+002  3.3838085579459448e+002  3.3678562941044629e+002  3.3212493475263091e+002  3.2945747471550658e+002  3.2945747471074674e+002  3.2945747471074674e+002  3.2945747471074674e+002  3.2945747471074674e+002  3.2945747471074674e+002  3.2945747471074674e+002  3.2945747471074674e+002  3.2945747471074674e+002  3.2945747471074264e+002
  3.4587627508539526e+002  3.4365414827768382e+002  3.3926975201276309e+002  3.3216718068265345e+002  3.2945747471229106e+002  3.2945747471137929e+002  3.2945747471084405e+002  3.2945747471081313e+002  3.2945747471081313e+002  3.2945747471081313e+002  3.2945747471081313e+002  3.2945747471081313e+002  3.2945747471081313e+002  3.2945747471081313e+002
