  5.1977476134400558e+003  1.6324667522181303e+003  8.6947561307974411e+002  2.1079253001796587e+001  3.2056547832279421e+000  3.2056547832279421e+000  3.2056547832279421e+000  3.2056547832279421e+000  3.2056547832279421e+000  3.2056547832279421e+000  3.2056547832279421e+000  2.3077779505740637e-002  2.3077779505740637e-002  2.3077779505740637e-002
  4.9426839768862455e+003  1.2961121974459054e+003  8.9509122638403960e+002  3.4334368503152746e-002  0.0000000000000000e+000  0.0000000000000000e+000  0.0000000000000000e+000  0.0000000000000000e+000  0.0000000000000000e+000  0.0000000000000000e+000  0.0000000000000000e+000  0.0000000000000000e+000  0.0000000000000000e+000  0.0000000000000000e+000
  2.9281412452266036e+003  1.8520461437439449e+003  7.9671476289595739e+002  2.6153788813388132e+001  2.3848808013975940e+001  2.3062907548109820e+001  2.3062907548109820e+001  2.3062907548109820e+001  2.2737641445337886e+001  1.8531562141153529e+001  3.6715446933612839e-003  3.6715446933612839e-003  3.6715446933612839e-003  3.6715446933612839e-003
  6.4537593574537968e+003  2.2001691118230497e+003  9.0369310690674547e+002  1.9947410316370053e+001  1.7916416315112713e+001  1.7916416315112713e+001  1.6125401818842988e+001  1.6125401818842988e+001  1.6125401818842988e+001  1.4726145099048722e+001  1.4726145099048722e+001  1.4726145099048722e+001  1.4726145099048722e+001  1.4726145099048722e+001
  5.2060863144439691e+003  2.0468628768243971e+003  7.3401834128507153e+002  2.2255114582958470e+001  9.2576533016060125e+000  5.2022786038037339e-001  5.2022786038037339e-001  5.2022786038037339e-001  0.0000000000000000e+000  0.0000000000000000e+000  0.0000000000000000e+000  0.0000000000000000e+000  0.0000000000000000e+000  0.0000000000000000e+000
  3.7474287124533530e+003  1.2655296659243650e+003  7.5296405553879413e+002  2.5352994119864036e+001  1.3919529207895152e+001  1.3919529207895152e+001  1.3919529207895152e+001  1.3919529207895152e+001  1.3919529207895152e+001  1.3919529207895152e+001  1.3919529207895152e+001  1.3919529207895152e+001  1.3919529207895152e+001  1.3919529207895152e+001
  5.1140963111321680e+003  1.4174291230991314e+003  8.0932352201773801e+002  2.5889942842209166e+000  2.5889942842209166e+000  0.0000000000000000e+000  0.0000000000000000e+000  0.0000000000000000e+000  0.0000000000000000e+000  0.0000000000000000e+000  0.0000000000000000e+000  0.0000000000000000e+000  0.0000000000000000e+000  0.0000000000000000e+000
  3.1725727475511740e+003  1.1293127680713123e+003  6.4766011165981899e+002  2.4124372191019063e+001  2.4124372191019063e+001  2.4124372191019063e+001  1.0822017388134896e+001  1.0822017388134896e+001  1.0822017388134896e+001  1.0822017388134896e+001  1.0822017388134896e+001  3.3513410349082733e+000  5.8284991911989437e-002  5.8284991911989437e-002
  4.1985071224499998e+003  1.9188993483691561e+003  9.1192933275287669e+002  2.4617465730353558e+001  1.2979260284801455e+001  2.4605481014982615e+000  2.4442048211538463e+000  2.4442048211538463e+000  2.4442048211538463e+000  6.5425820139353164e-007  6.5425820139353164e-007  6.5425820139353164e-007  6.5425820139353164e-007  6.5425820139353164e-007
  4.6793159760438230e+003  1.7560874570879901e+003  7.9716941927986591e+002  2.6037967055493482e+001  2.4619567224225818e+001  2.3616124245570518e+001  1.0284718512093662e+001  1.0284718512093662e+001  1.0284718512093662e+001  1.0284718512093662e+001  5.5945391078860780e+000  4.2018242362801743e+000  4.2018242362801743e+000  3.9866238640591973e+000
  4.9352161765432820e+003  9.9013478374838746e+002  6.5795776727664315e+002  6.8201371889187385e+001  2.2625861425501625e-001  2.2625861425501625e-001  2.2625861425501625e-001  2.2625861425501625e-001  2.2625861425501625e-001  2.2625861425501625e-001  2.2625861425501625e-001  2.2625861425501625e-001  2.2625861425501625e-001  2.2625861425501625e-001
  5.5306315000031727e+003  1.3432230736430351e+003  7.6555291610593258e+002  9.9534193190172005e+000  1.4194236046853348e-001  1.4194236046853348e-001  1.4194236046853348e-001  1.4194236046853348e-001  1.4194236046853348e-001  1.4194236046853348e-001  1.4194236046853348e-001  1.4194236046853348e-001  1.4194236046853348e-001  0.0000000000000000e+000
  3.7687202096780420e+003  1.4453824529408496e+003  7.6548953412526794e+002  7.1689641687919220e+001  7.1689641687919220e+001  2.7512043995411659e+000  2.7512043995411659e+000  2.7512043995411659e+000  2.7512043995411659e+000  2.7512043995411659e+000  2.7512043995411659e+000  2.7512043995411659e+000  2.7512043995411659e+000  2.6792070338042322e+000
  6.3998569675837934e+003  2.0892039633076488e+003  1.2467980613252553e+003  2.3847766833936191e+001  2.3847766833936191e+001  2.0007587884513612e+001  3.9866238543338000e+000  3.9866238543338000e+000  3.9866238543338000e+000  3.9866238543338000e+000  3.9866238543338000e+000  3.9866238543338000e+000  3.9866238543338000e+000  3.9866238543338000e+000
  6.2449729271408696e+003  1.8408651465707426e+003  7.8467743090571685e+002  2.7863605264712021e+001  2.1711596520806950e+001  2.1711596520806950e+001  2.1711596520806950e+001  2.1711596520806950e+001  2.1711596520806950e+001  2.1711596520806950e+001  1.7377628607805775e+001  1.7377628607805775e+001  1.7377628607805775e+001  1.7377628607805775e+001
  6.0207919689184437e+003  1.8397416480152569e+003  1.0303329051977657e+003  2.6537039891293716e+001  3.5317474505006885e-002  3.5317474505006885e-002  3.5317474505006885e-002  3.5317474505006885e-002  3.5317474505006885e-002  3.5317474505006885e-002  3.5317474505006885e-002  3.5317474505006885e-002  3.5317474505006885e-002  3.5317474505006885e-002
  5.2001710953027105e+003  1.7667770611609449e+003  8.0454353244524464e+002  2.6923122458011051e+001  2.6923122458011051e+001  2.3581563486966559e+001  2.1567427199002680e+001  1.6011857376714943e+001  4.5918460878353926e+000  5.6977925616479297e-003  5.6977925616479297e-003  5.6977925616479297e-003  5.6977925616479297e-003  5.6977925616479297e-003
  4.2988660682798909e+003  1.6171380469530341e+003  7.1230132407394717e+002  1.7216469629428275e+001  1.0584452023158804e+001  4.9288611181217448e+000  4.9288611181217448e+000  3.5474672383907091e-001  3.5474672383907091e-001  3.5474672383907091e-001  3.5474672383907091e-001  3.5474672383907091e-001  3.5474672383907091e-001  3.5474672383907091e-001
  6.4759726028785153e+003  1.8755691946882257e+003  9.5844975245512023e+002  0.0000000000000000e+000  0.0000000000000000e+000  0.0000000000000000e+000  0.0000000000000000e+000  0.0000000000000000e+000  0.0000000000000000e+000  0.0000000000000000e+000  0.0000000000000000e+000  0.0000000000000000e+000  0.0000000000000000e+000  0.0000000000000000e+000
  3.5972102279087003e+003  2.0342200571716876e+003  1.0316453186637980e+003  2.4614881096996214e+001  1.7799861517216243e+001  1.1450450573405647e+001  1.1450450573405647e+001  1.1450450573405647e+001  1.1450450573405647e+001  1.1450450573405647e+001  6.0969973459304470e+000  6.0969973459304470e+000  6.0969973459304470e+000  6.0969973459304470e+000
  6.8741302035315493e+003  1.8331147096450377e+003  9.3184043109330332e+002  1.8252834483863637e+001  1.8252834483863637e+001  1.7321857790253546e+001  1.7321857790253546e+001  1.7321857790253546e+001  1.7321857790253546e+001  9.5244351887367884e-001  9.5244351887367884e-001  9.5244351887367884e-001  9.5244351887367884e-001  9.5244351887367884e-001
  4.0694748334261458e+003  1.3803350048665850e+003  9.6643253046336122e+002  2.4533320579029180e+001  1.6212376829238394e+001  1.2836244634770424e+001  1.2836244634770424e+001  1.2836244634770424e+001  1.2836244634770424e+001  1.1696445738685952e+000  1.1696445738685952e+000  1.1696445738685952e+000  0.0000000000000000e+000  0.0000000000000000e+000
  5.2215410886855407e+003  1.8098205887320255e+003  5.2802290379897420e+002  2.2087322527420383e-001  3.0131402581901057e-006  1.9747396891034441e-006  1.9747396891034441e-006  1.9747396891034441e-006  1.9747396891034441e-006  1.9747396891034441e-006  0.0000000000000000e+000  0.0000000000000000e+000  0.0000000000000000e+000  0.0000000000000000e+000
  4.4793954769919164e+003  2.0889336603707411e+003  9.7692629484080931e+002  1.5214828200122611e+001  1.5214828200122611e+001  9.7616175007966035e+000  9.4838492402508336e+000  9.4838492402508336e+000  9.4838492402508336e+000  9.4838492402508336e+000  9.4758287451608112e+000  8.0434991174896595e+000  7.5343189865313320e+000  4.9165390897838392e+000
  4.0215026454577928e+003  1.0026315009878936e+003  9.1244227045283878e+002  2.7719361134148926e+001  2.6998122222415134e+001  2.6449419275176865e+001  2.3755905678000033e+001  2.3755905678000033e+001  2.4736528748576347e-002  2.4736528748576347e-002  2.4736528748576347e-002  2.4736528748576347e-002  2.4736528748576347e-002  2.4736528748576347e-002
  4.9934245238042713e+003  2.5466273018384954e+003  8.9208262796880945e+002  2.6416862641418902e+001  1.2033951856166254e+001  1.2033951856166254e+001  1.2033951856166254e+001  1.2033951856166254e+001  1.1617529985836086e+000  1.1617529985836086e+000  1.1617529985836086e+000  1.1617529985836086e+000  1.1617529985836086e+000  1.1617529985836086e+000
  3.8709641157702954e+003  1.9404854768505784e+003  1.0774419347357127e+003  1.1957204708056565e+001  3.9866694356723542e+000  3.9866694356723542e+000  3.9866694356723542e+000  3.4416284171931011e-001  3.4416284171931011e-001  0.0000000000000000e+000  0.0000000000000000e+000  0.0000000000000000e+000  0.0000000000000000e+000  0.0000000000000000e+000
  5.8572344852565848e+003  1.6500933399514861e+003  7.6506273269170174e+002  6.6700064879466822e+001  2.6115928379496893e+001  1.3917651454277745e+001  1.3917651454277745e+001  1.3917651454277745e+001  1.3853560689260235e+001  1.3853560689260235e+001  1.2997072614545175e+001  1.2997072614545175e+001  1.2881076965762190e+001  1.2610391112556556e+001
  4.9228778490629120e+003  1.6748148338154306e+003  8.6196169903726764e+002  2.6168959610000002e+001  2.3237252165657139e+001  5.7780591191658459e-006  5.7780591191658459e-006  2.6621364668244496e-008  2.6621364668244496e-008  2.6621364668244496e-008  2.6621364668244496e-008  2.6604709546518279e-008  2.6604709546518279e-008  2.6143652576138265e-008
  6.1067975629866824e+003  1.1970576329213625e+003  6.7818592139649263e+002  2.2582364675664735e+001  4.9461976953977000e+000  4.9461976953977000e+000  4.9461976953977000e+000  1.9124568126926533e-002  1.9124568126926533e-002  1.9124568126926533e-002  1.9124568126926533e-002  1.9124568126926533e-002  1.9124568126926533e-002  1.9124568126926533e-002
  4.4160235715214822e+003  1.7167100196527135e+003  7.3557092444892351e+002  2.6178715207757364e+001  2.2894909751085265e+001  4.0564524170542313e+000  2.1056463695003913e-003  2.1056463695003913e-003  2.1056463695003913e-003  2.1056463695003913e-003  2.1056463695003913e-003  2.1056463695003913e-003  2.1056463695003913e-003  2.1056463695003913e-003
  5.2841015077987786e+003  2.1196336845982773e+003  8.6426730138577523e+002  2.2099317327056099e+001  1.8388322328402751e+001  1.8388322328402751e+001  1.8388322328402751e+001  1.8388322328402751e+001  1.8388322328402751e+001  1.8388322328402751e+001  1.4575295297662649e+001  1.4575295297662649e+001  1.4575295297662649e+001  1.4575295297662649e+001
  4.4655576963859312e+003  2.2209219408924928e+003  9.7906815184760217e+002  2.2743872693397975e+001  1.0721008382189098e+001  1.0721008382189098e+001  1.0721008382189098e+001  1.0721008382189098e+001  1.0721008382189098e+001  1.0721008382189098e+001  5.8347191272544592e+000  5.8347191272544592e+000  5.8347191272544592e+000  5.8347191272544592e+000
  5.0965192200468127e+003  1.7614803109566828e+003  1.1426698140717319e+003  2.3020172517935407e+001  1.4860406404971741e+001  1.0810744210380108e-001  1.0810744210380108e-001  1.0810744210380108e-001  1.0810744210380108e-001  1.0810744210380108e-001  1.0810744210380108e-001  1.0810744210380108e-001  1.0810744210380108e-001  1.0810744210380108e-001
  4.6916259149131574e+003  1.9726566537469935e+003  7.9132245853393465e+002  2.4457777713587859e+001  1.8819569552533551e+001  1.3599677018419698e+001  1.3599677018419698e+001  6.9952679296402493e+000  6.9952679296402493e+000  6.8743228896937580e-001  0.0000000000000000e+000  0.0000000000000000e+000  0.0000000000000000e+000  0.0000000000000000e+000
  4.6029635740836147e+003  1.5735696786433114e+003  1.0045359841171976e+003  2.3537721333215870e+001  2.3537721333215870e+001  1.9509252524585463e-007  1.9509252524585463e-007  2.2091739992902149e-008  2.2091739992902149e-008  2.2091739992902149e-008  2.2091739992902149e-008  2.2091739992902149e-008  2.2091739992902149e-008  2.1939456473774044e-008
  5.5026471046964634e+003  1.6980536926466680e+003  1.1061464719217688e+003  7.0839171925837718e+001  2.3998217102416675e-007  2.3998217102416675e-007  2.3998217102416675e-007  0.0000000000000000e+000  0.0000000000000000e+000  0.0000000000000000e+000  0.0000000000000000e+000  0.0000000000000000e+000  0.0000000000000000e+000  0.0000000000000000e+000
  6.3540209068779595e+003  1.6936735137365931e+003  1.0276223995151529e+003  1.7038528597890888e+001  6.9167604941711147e+000  6.9167604941711147e+000  6.9167604941711147e+000  6.9167604941711147e+000  6.9167604941711147e+000  6.9167604941711147e+000  6.9167604941711147e+000  6.9167604941711147e+000  6.9167604941711147e+000  2.1628264731094760e-001
  5.7857500375854752e+003  1.2686001026080939e+003  8.2699376951577324e+002  2.7975261465202891e+001  2.5065465616801305e+001  2.4582224567937487e+001  2.2626400953373832e+001  2.2626400953373832e+001  4.7277601352839156e+000  4.7277601352839156e+000  4.7277601352839156e+000  4.7277601352839156e+000  4.7277601352839156e+000  4.7277601352839156e+000
  5.2796457209182499e+003  1.3570579919870502e+003  4.9568453124964947e+002  2.3943561247223954e+001  2.3943561247223954e+001  5.4774304853593776e+000  5.4774304853593776e+000  5.4774304853593776e+000  5.4774304853593776e+000  5.4774304853593776e+000  5.4774304853593776e+000  5.4774304853593776e+000  5.4774304853593776e+000  5.4774304853593776e+000
  5.5213196393225298e+003  2.0702023048700062e+003  9.0496884020962102e+002  0.0000000000000000e+000  0.0000000000000000e+000  0.0000000000000000e+000  0.0000000000000000e+000  0.0000000000000000e+000  0.0000000000000000e+000  0.0000000000000000e+000  0.0000000000000000e+000  0.0000000000000000e+000  0.0000000000000000e+000  0.0000000000000000e+000
  4.3765525918150124e+003  1.1545750824875990e+003  4.4861163102848536e+002  1.4908537344128320e+001  1.4908537344128320e+001  9.4687146478065074e+000  9.4687146478065074e+000  9.4687146478065074e+000  9.4687146478065074e+000  9.4687146478065074e+000  9.4687146478065074e+000  9.4687146478065074e+000  9.4687146478065074e+000  9.4687146478065074e+000
  3.3897598796716961e+003  1.7022848019579469e+003  8.0815562440271515e+002  8.0712504314952866e+000  8.0712504314952866e+000  8.0712504314952866e+000  3.5871453231559940e+000  3.5871453231559940e+000  3.5871453231559940e+000  3.5871453231559940e+000  3.5638650634621172e+000  3.5638650634621172e+000  1.8458361864759354e-004  1.8458361864759354e-004
  4.1950106407810781e+003  1.7110647183267101e+003  7.6004657052797893e+002  2.7715440481166468e+001  2.6304148655045083e+001  2.2083065713942688e+001  2.2083065713942688e+001  2.2083065713942688e+001  1.8665763234372889e+001  1.1717189194211358e+001  8.7508755243471796e+000  8.7508755243471796e+000  4.5318400500298139e+000  4.5318400500298139e+000
  5.8531040540048753e+003  1.5673695922163870e+003  8.5809277240359620e+002  1.4414484645101311e-002  2.6114969386981102e-007  2.6114969386981102e-007  2.6114969386981102e-007  2.6114969386981102e-007  2.6114969386981102e-007  2.6114969386981102e-007  2.6114969386981102e-007  2.6114969386981102e-007  2.6114969386981102e-007  2.6114969386981102e-007
  7.0012700907353083e+003  1.5399914268077057e+003  1.1077540847755449e+003  2.7972980717449957e+001  2.5741544184012582e+001  2.3648129985598757e+001  2.3096519575405637e+001  2.1806723150568587e+001  2.1806723150568587e+001  1.9130238342331779e+001  1.9130238342331779e+001  1.9130238342331779e+001  1.9130238342331779e+001  1.9130238342331779e+001
  6.1055865069012252e+003  1.6252422314627213e+003  9.6778994308141682e+002  2.6937997284696053e+001  3.5687663466341633e+000  3.5687663466341633e+000  3.5687663466341633e+000  3.5687663466341633e+000  3.5687663466341633e+000  3.5687663466341633e+000  3.5687663466341633e+000  3.5687663466341633e+000  3.5687663466341633e+000  8.0644447223221505e-005
  5.6188653224700593e+003  2.1872960453422834e+003  1.0021126343555759e+003  2.0563055135509330e+001  1.8294258860338289e+001  1.3530116865467789e-004  1.3530116865467789e-004  1.3530116865467789e-004  1.3530116865467789e-004  1.3530116865467789e-004  1.3530116865467789e-004  1.3530116865467789e-004  0.0000000000000000e+000  0.0000000000000000e+000
  6.1055865069012252e+003  1.6252422314627213e+003  9.6778994308141682e+002  2.6937997284696053e+001  3.5687663466341633e+000  3.5687663466341633e+000  3.5687663466341633e+000  3.5687663466341633e+000  3.5687663466341633e+000  3.5687663466341633e+000  3.5687663466341633e+000  3.5687663466341633e+000  3.5687663466341633e+000  8.0644447223221505e-005
  6.6506222662134851e+003  1.4366818403405844e+003  6.8845964181758404e+002  1.9451999140396936e+001  1.8467949344456599e+001  1.3412650745023996e+001  1.3412650745023996e+001  1.3412650745023996e+001  1.3412650745023996e+001  1.3412650745023996e+001  0.0000000000000000e+000  0.0000000000000000e+000  0.0000000000000000e+000  0.0000000000000000e+000
  4.2875786799338175e+003  1.8226532419361342e+003  6.8998902584658026e+002  2.8213729620671415e+001  2.3999020734766702e+001  4.7588934596450372e-001  1.1839642866107170e-007  1.1839642866107170e-007  1.1839642866107170e-007  1.1839642866107170e-007  1.1839642866107170e-007  1.1839642866107170e-007  0.0000000000000000e+000  0.0000000000000000e+000
