  3.6497791673194848e+007  6.4351933626383143e+006  6.4338314069083789e+006  4.0083601151006424e+003  3.4198563045344745e+003  1.8937738871218116e+003  1.2603979503440828e+003  5.6739695572617711e+002  5.4344756701305596e+002  5.2177540948139722e+002  5.1776277659994412e+002  5.1734326710075629e+002  5.1362662512236966e+002  5.0692460664890632e+002
  1.8101661679401051e+007  5.5034908957648845e+006  5.0806038940010499e+006  1.5821689517631130e+004  1.0218123033262018e+004  2.4050522572854052e+003  1.1686907107081443e+003  1.1556673555382367e+003  1.0467771031152843e+003  1.0386408393327097e+003  1.0375339324554416e+003  1.0295023974624755e+003  1.0286264373024533e+003  3.6151387356859641e+002
  1.4309050565693324e+007  5.5013854055228410e+006  5.4976469985919809e+006  2.1676108229043311e+003  1.1161424143256677e+003  7.8036125420888902e+002  7.0696761017947711e+002  6.9384617043850722e+002  6.9257091572932632e+002  6.9199966880440343e+002  6.9112565959244512e+002  6.6653507715631667e+002  6.4616720209741652e+002  5.8509342201062509e+002
  3.9632461627891093e+007  1.5141935135333620e+007  9.3667562011454199e+006  8.1021572528217912e+003  4.3929833554789311e+003  2.4107064087636136e+003  2.4008388539811622e+003  2.3673189737913881e+003  1.1872373094674886e+003  1.1840574186451659e+003  1.1743244542387183e+003  1.1671790139888003e+003  9.5662584893564417e+002  8.0211823861248922e+002
  3.2263613075009406e+007  1.5245288428899378e+007  8.6048180096482951e+006  1.5167379673336159e+003  1.2824022437022918e+003  7.6220300944829160e+002  7.5741662996264722e+002  7.4590046305627857e+002  7.4469224638308970e+002  7.4416822748076311e+002  7.1285323197314256e+002  5.6019674934589329e+002  5.5906659286390641e+002  5.5792477378698413e+002
  1.9726107115129724e+007  1.1504030303274848e+007  4.8961354416292459e+006  3.3028368894694351e+004  4.8398279057749105e+003  1.6536446018692754e+003  1.6033409045195690e+003  1.5967249249850547e+003  1.5857631653898707e+003  1.5851909393983860e+003  1.1644392439208659e+003  9.9948787803183677e+002  7.5770705835057743e+002  7.4080986534377917e+002
  2.9054838715254109e+007  8.7019232361466587e+006  2.6132137751417304e+006  4.3975320566677918e+004  1.9850790625590242e+004  7.8870415484013683e+003  9.2008664643391103e+002  8.9701805663487949e+002  8.9281944335414437e+002  7.8462365674719376e+002  6.5810942066225243e+002  6.5635001385173518e+002  6.4954769392720118e+002  6.1477529323918952e+002
  1.6657358055375015e+007  9.7258767309892569e+006  9.7211745929404702e+006  6.4877118807953884e+003  5.7327478484658404e+003  5.0329150100374318e+003  4.9133298775184039e+003  4.8855681383785441e+003  4.8761781417749135e+003  4.7157891694518548e+003  1.6739822145300959e+003  1.6739822145300959e+003  9.5972104141668024e+002  6.9335869331329377e+002
  1.1489079868262975e+007  1.0442372042273451e+007  8.6390473416016176e+006  1.2001192623513656e+004  2.4875911179249724e+003  2.3103404255357764e+003  3.5762936565670452e+002  3.4790115458632545e+002  3.4522106102383123e+002  3.4391156668920667e+002  3.4362321871278709e+002  3.4253304163392386e+002  3.4253304163392386e+002  3.4245948776182968e+002
  1.6795543845992245e+007  1.6794646534993470e+007  1.5764940594081366e+007  9.7201432975473745e+003  1.4236214878565788e+003  1.0736494736929699e+003  4.9441701541604380e+002  4.8361699155783435e+002  4.7548303461174919e+002  4.5454800396523160e+002  4.4587091300274869e+002  4.4039708759284395e+002  4.2870784993036386e+002  4.2160426008779132e+002
  1.2050698951539509e+007  5.4213509113757750e+006  5.1076625468965322e+006  7.7537072114150105e+003  2.4229268051298650e+003  2.2837130275576201e+003  2.2812732660277170e+003  2.2517067572120013e+003  1.5924026837002921e+003  1.0683534072034299e+003  1.0610770491892090e+003  1.0607429877823870e+003  1.0156327802358051e+003  1.0099901741667022e+003
  7.4505305376735227e+006  4.1114769358443208e+006  4.1111175910653183e+006  6.9609759500413020e+003  1.4153009598627241e+003  1.3598610745810884e+003  1.2935804023583560e+003  1.2757506780638955e+003  9.5860556249764886e+002  9.2524091963068076e+002  9.2434286578174942e+002  9.2291027585094207e+002  9.2238928372995088e+002  9.2238081246120237e+002
  2.4100346282284088e+007  2.2690210802723829e+007  8.4007393853098825e+006  1.7210947740435866e+004  7.3112631898335112e+003  1.4867455716688810e+003  1.4541831992107636e+003  8.3782153654005242e+002  7.6437061023947308e+002  7.5867097444691353e+002  6.8633527327864886e+002  5.9131760187491136e+002  5.2888619926932552e+002  3.9026343431171335e+002
  1.1423651286433125e+007  5.6256423132765545e+006  5.6249697355018938e+006  2.6159962453305368e+004  1.6004798234560767e+004  7.0135479607138950e+003  2.7837965439159834e+003  2.7542980649961582e+003  2.4451268988890370e+003  2.2104005650953695e+003  9.8866485148413267e+002  9.8163813168296974e+002  9.7164204745588495e+002  9.6966406160253428e+002
  3.4528671420746744e+007  1.0125832241765223e+007  9.9512351155862026e+006  1.1342861360259314e+004  7.5787089106885614e+003  6.1872848551994266e+003  7.4230017017534465e+002  6.8082042011678550e+002  6.6788490513471152e+002  6.5467697562777721e+002  6.5109050192082577e+002  6.5109050192082577e+002  6.5032840654568008e+002  6.4981945914310472e+002
  1.8795862192510609e+007  1.0406038744035104e+007  8.7007036860744804e+006  2.1711854291600841e+004  6.6217029349037584e+003  6.5515037564325121e+003  6.1173543616264078e+002  6.0183744940981751e+002  5.8667546594456735e+002  5.8016440141772455e+002  5.7883300978901161e+002  5.7866283823420554e+002  5.5874198605196807e+002  5.5739105576429165e+002
  1.1593067001839697e+007  1.1589008070375787e+007  4.6402225926412912e+006  9.3794958167347704e+003  5.2624756936419171e+003  3.3860048493728873e+003  3.3466205417223164e+003  3.3251877567576576e+003  1.9511010671027266e+003  4.2253940321282334e+002  3.8748936947622951e+002  3.6841244826208913e+002  3.6536190273719058e+002  3.4838151114091943e+002
  1.9020655037210412e+007  9.0449799186991658e+006  8.8344595894073248e+006  2.1892587436776710e+004  1.4777148697037141e+004  9.2991431040680782e+003  1.4657242464971241e+003  1.0166169819988318e+003  9.6836338115372928e+002  6.3579000838373668e+002  6.3190154421680518e+002  6.2636588563988153e+002  6.2389442166257413e+002  6.2041804887710168e+002
  2.9102143414639007e+007  2.8861473218144057e+006  2.5803872184420116e+006  1.8701993900832476e+003  1.5326143275564955e+003  1.3687731815815182e+003  1.2743759069842499e+003  1.1295258505771508e+003  1.1250883983417921e+003  1.1195048632299931e+003  1.0879099104051184e+003  1.0867761858677641e+003  1.0744738738201872e+003  9.2170953433047544e+002
  8.8814473544787746e+006  8.8798506833171453e+006  6.6053773801845163e+006  1.4755292748337804e+004  4.7805579805993702e+003  3.1931691421370706e+003  2.2596064040870806e+003  2.2373738389915288e+003  1.4787451457723582e+003  9.0589679236743086e+002  8.9643146175924176e+002  8.8864623983869933e+002  8.5932566817608267e+002  8.5919044770116170e+002
  2.0144897461722776e+007  1.2814750397548888e+007  1.2813263633959085e+007  1.2900764442352347e+004  2.8770244583543354e+003  2.7322710259209598e+003  1.4776919042975733e+003  1.4683497941506835e+003  1.2623602054964213e+003  1.1176530540596823e+003  1.0369527338697653e+003  1.0366132727637496e+003  1.0167983822010342e+003  1.0124583337260146e+003
  2.2017362223458551e+007  4.8092618678046912e+006  4.8082883152688146e+006  9.5976130994733358e+003  7.4052417075616740e+003  3.3996135106648162e+003  1.3621058915399594e+003  9.9691080046815659e+002  9.1658813950200329e+002  9.1499129656867444e+002  8.9720666292759415e+002  8.9332941225002560e+002  8.9098103579315921e+002  8.9056458987286760e+002
  1.6257687001651976e+007  3.7088311732499539e+006  3.7088202243638248e+006  9.2074600187870601e+003  1.5884816558239368e+003  1.1235037979056542e+003  1.0771042544163729e+003  1.0659330211864467e+003  9.9684275594672408e+002  9.9374435158865163e+002  6.3475825220229444e+002  6.1841756876469390e+002  6.1213555864767932e+002  5.7002279499465021e+002
  1.4491970445408052e+007  9.3615582152902223e+006  2.7895838131529274e+006  2.3111742730641112e+004  1.2709951405370488e+004  8.0386775204959895e+002  7.9208712623395650e+002  7.7139353440886771e+002  7.6821927347133442e+002  7.6467207046723524e+002  7.6326712413436053e+002  7.4354207116620546e+002  7.3551813276471694e+002  4.8368041459442520e+002
  1.7089768742278889e+007  1.2725221078935955e+007  3.0387886978878141e+006  3.2052756649376286e+004  1.3465545391863316e+004  3.7037367399350633e+003  9.4196475019248328e+002  9.4086870545571674e+002  8.7213370308980848e+002  8.6453389198092600e+002  8.5491837087892645e+002  8.4694094751999910e+002  8.4211046191699097e+002  8.3798301737399379e+002
  2.9252485794725869e+007  1.2377785763255043e+007  6.4911124739320846e+006  1.1005654328578963e+004  3.5788698281381185e+003  1.7965462392309128e+003  1.7858654403288692e+003  1.2407237433835785e+003  1.2288391230312691e+003  1.2067547653146903e+003  1.2027046696845214e+003  8.7668478396400496e+002  8.7668186568262718e+002  8.6904628250104452e+002
  1.5377021675134143e+007  1.1696628322545394e+007  1.1692805116411507e+007  8.7408430882126886e+003  8.4370526211087636e+003  3.3660120688828902e+003  1.1618173360518622e+003  1.1509425892016479e+003  1.1471602964861581e+003  1.1470732988438431e+003  1.1397112282209291e+003  9.6774041494976791e+002  9.4937900212998875e+002  9.4808051658102977e+002
  5.9427917432954982e+006  3.6436527813461339e+006  3.5753551666300010e+005  2.6071845615668090e+003  1.1712914011485491e+003  1.1449155699927610e+003  9.8446345998795505e+002  7.6788575448594838e+002  7.6753047508384680e+002  7.6524355937829841e+002  7.3298339712725146e+002  7.3163418477268988e+002  7.3060431076179611e+002  7.2961291081615855e+002
  8.5616642818137184e+006  5.8567210614281809e+006  5.8476167847259184e+006  2.1778890804249619e+004  6.2821474578119032e+003  9.1554613455437993e+002  9.1015776643397339e+002  8.9994130542691437e+002  8.8722105798769098e+002  8.8714770332187663e+002  8.8714346642360942e+002  8.8575238903334139e+002  5.3326863715909349e+002  5.2875586671700876e+002
  6.3702208979718219e+006  6.3665479914332228e+006  4.6881632559601236e+006  1.7918146992868609e+004  7.4242209794750834e+003  7.3836403994143984e+003  2.0316306242898045e+003  1.2769353331544726e+003  8.2573097101579333e+002  6.9018467435887032e+002  6.8852182924338194e+002  6.8557769771870244e+002  6.7463088731003199e+002  6.7336652904502216e+002
  2.6146239002236247e+007  4.7958807166619450e+006  4.7938318024990605e+006  6.4058896336714661e+003  2.0351317723376924e+003  9.6314211315703915e+002  9.1824202421434074e+002  9.0948111778482871e+002  8.8751013880983010e+002  7.3016077008674119e+002  7.2433607524900344e+002  7.2297384981112418e+002  5.8417481394572224e+002  5.8303955019379146e+002
  1.5980345601304317e+007  1.5949548139860362e+007  5.7746414833162082e+006  2.2655792866733675e+004  7.7643538133562070e+003  3.2617524814976023e+003  2.2324059000629004e+003  2.2107639483106068e+003  1.0754319741324916e+003  1.0665138665033855e+003  1.0322476483534424e+003  1.0281632695272110e+003  8.5040281101804248e+002  8.4826354452693249e+002
  1.0460241536262577e+007  7.1636623796781227e+006  7.1397211260362966e+006  4.6903305443874713e+004  2.6451715208119303e+003  1.5756028811747474e+003  1.4908357518772882e+003  1.4704030120102971e+003  6.1965015845884000e+002  6.1272954917337620e+002  5.7749109820911963e+002  5.7192748200733877e+002  5.7182792710942340e+002  5.7162954331230912e+002
  3.2895916090232011e+007  5.5886693503969060e+006  5.5877362165100425e+006  1.4383765089703056e+003  1.2255524874060384e+003  1.0821878004105529e+003  1.0472229741205674e+003  1.0176205255168989e+003  9.7614434963038730e+002  6.9644680915189338e+002  6.9204964131440101e+002  6.9009980342511517e+002  6.8878943143333527e+002  6.8841542879149529e+002
  2.0400857181092799e+007  4.8774811235796250e+006  3.5405213252067841e+006  4.0332450418404689e+004  1.4842922838484796e+004  6.4135142342452446e+002  5.4858144165336898e+002  5.0988344223163585e+002  5.0896396972234652e+002  5.0896396972234652e+002  5.0825787749387655e+002  5.0478206862044908e+002  5.0296685152639839e+002  5.0034610039490963e+002
  2.6445664108212967e+006  2.6438804251010101e+006  1.4408754589750161e+006  2.0144548868035283e+004  1.0570027032877868e+004  1.0451966040743215e+004  5.5097036549086406e+003  2.8257034784938078e+003  2.7969424540103801e+003  2.7958786759323575e+003  1.6705835403405617e+003  1.2789902156402295e+003  1.0287039730418478e+003  1.0216907568236056e+003
  1.6759576019750608e+007  5.1557623719818899e+006  4.3261311551206699e+006  5.1323935079632422e+004  2.4141035870584539e+004  2.1551733858513799e+003  2.1421341179659521e+003  2.1259475175058069e+003  1.7077880388278836e+003  1.4782962200554311e+003  1.4712512154097885e+003  1.3402673303939878e+003  1.1910387771524179e+003  1.1889554217179311e+003
  1.1433415679624267e+007  9.8747590874318853e+006  2.4732447897752202e+006  2.5880863630416039e+004  1.4061301295620000e+004  2.0805723498675861e+003  1.2167484513677546e+003  1.0497133288978685e+003  1.0497133288978685e+003  9.4541716719213355e+002  7.7991921586501712e+002  7.6870013283254320e+002  7.6870013283254320e+002  7.6864861809830973e+002
  2.8579173336661942e+007  1.3718776937404061e+007  1.2481090723156560e+007  1.1447473125520159e+004  5.5202204217141398e+003  1.1715060001351130e+003  1.1602729796188419e+003  1.1588214003583626e+003  1.1574505072783982e+003  1.0711752335042611e+003  1.0358104750453963e+003  1.0339280521336909e+003  1.0321487293339596e+003  9.6633578882196343e+002
  9.3786456894747745e+006  5.4394383144807471e+006  5.4394080187250543e+006  5.3228705258624914e+003  1.4617414054369629e+003  1.4617414054369629e+003  1.4617414054369629e+003  8.0025895095858596e+002  7.7693214397729889e+002  4.6328467993205686e+002  4.0261321617577323e+002  3.9514154083242784e+002  3.8284274258465666e+002  3.7204676709229034e+002
  3.5450790708416216e+007  1.3407417499552129e+007  5.7552488735521017e+006  7.8202273029332457e+004  5.1632698983278395e+004  1.6533996817436919e+003  1.4970692412639955e+003  1.4532623769445991e+003  1.4499209010146042e+003  1.4344088504518622e+003  1.1513388751511470e+003  1.1352872546332510e+003  1.0304690322983188e+003  7.1635522875166589e+002
  2.1150540709436480e+007  4.0579794438734241e+006  4.0579460999304238e+006  4.0160233923236956e+004  7.7827353533862079e+003  4.1504681522276596e+003  4.1209732950193657e+003  4.1209732950193657e+003  1.8970551994528778e+003  1.7452566960796380e+003  1.7368946640519330e+003  1.7315395777157155e+003  1.0115352347746443e+003  9.6147660890861698e+002
  2.1809016657955084e+007  4.7675343034393862e+006  3.6208406156255244e+006  7.6482372970259130e+003  3.8773668335485700e+003  2.9183537950969776e+003  2.8753190998360369e+003  8.8247140554019643e+002  8.7147464503026140e+002  8.6894614215554566e+002  8.6785964441117721e+002  8.6514989591158292e+002  8.6237562474627202e+002  7.6880935730296233e+002
  2.7637461692366224e+007  1.5277155796909356e+007  1.3288166814848568e+007  2.4580265571905393e+003  1.8184189084633745e+003  1.7382349175840363e+003  1.3378269677908902e+003  1.3316321475960776e+003  1.0610338163445726e+003  9.8043289307537816e+002  6.8406888169256217e+002  6.7650785092531169e+002  6.6978558527721907e+002  6.6972544912745116e+002
  1.4700380771876043e+007  1.2706676178335434e+007  1.1048380113039583e+007  4.6067408148028835e+003  1.5269878332909216e+003  1.1076686088205770e+003  1.0970461505338294e+003  1.0838224981328085e+003  1.0837502514003590e+003  1.0837260069519143e+003  9.7377951563992247e+002  8.7664543267079307e+002  8.7304137151372515e+002  7.9236674435254827e+002
  1.5372156968777936e+007  7.8159564078182457e+006  3.0094792259256821e+006  3.9649905124230856e+004  1.4068876390861707e+004  5.9901904226351189e+002  5.8792648513891800e+002  5.7998306168638692e+002  5.7873616550180714e+002  5.7700392488313673e+002  5.7205518489862243e+002  5.0436886346706933e+002  4.8811770862394496e+002  4.8758074376546028e+002
  2.0050262090311389e+007  5.9618929565632548e+006  1.1985333074482856e+006  2.8612119667078405e+003  1.5213676861796221e+003  1.3252760801437380e+003  8.0007789947710535e+002  7.7527821588208144e+002  7.6391186316594485e+002  7.5943184361823933e+002  6.7649588191371822e+002  5.8470163487872196e+002  5.8006682066796748e+002  5.7963778686607611e+002
  2.0401209343408372e+007  1.1266449344771085e+007  7.6458360782459853e+006  2.5698222702146722e+004  8.4773025764120794e+003  1.9195221109058175e+003  1.0693122804271634e+003  1.0239175654599776e+003  1.0115764712579576e+003  1.0097505000458714e+003  8.4783638201429494e+002  8.4069303125548959e+002  6.1952550690199041e+002  6.1759857902606109e+002
  1.1334422616343321e+007  1.1331199377894022e+007  9.9968206238932572e+006  1.6927212585873844e+004  7.8832166992833554e+003  8.4177428309382140e+002  8.3109759544106237e+002  8.2508089697031892e+002  7.9431992932955291e+002  7.9431581184144306e+002  7.9345527687673894e+002  7.9307744207538508e+002  7.9307520328206874e+002  7.3241844235201643e+002
  8.0864429926064787e+006  8.0861601518362882e+006  8.0773340862029791e+006  1.3129930248272685e+004  5.0576674344211351e+003  2.9763075836272565e+003  1.1469663412065138e+003  1.0155100566650617e+003  9.7974992376318642e+002  9.1790674378314588e+002  9.0267818411005283e+002  8.9474012724393788e+002  3.6958620283873961e+002  3.6153007529043998e+002
  2.3384724846499372e+007  1.0292295858853709e+007  9.8661990006238837e+006  2.5589229736899535e+004  1.1170668542631251e+004  5.2473362724242670e+003  1.1282768216339555e+003  1.0892590733316283e+003  1.0431223754248576e+003  1.0392222306718440e+003  1.0266005295312507e+003  4.4007741475944522e+002  4.3905876865221762e+002  4.3887157350378538e+002
