  1.2922106373884139e+003  8.9257839642296358e+002  3.1639592438088130e+002  3.1639592438088130e+002  3.1639592438088130e+002  3.1639592438088130e+002  1.9202659240809373e+002  1.7909237312086611e+002  1.6018813061101810e+002  1.6018813061101810e+002  1.6018813061101810e+002  1.4028906570363779e+002  1.4028906570363779e+002  1.4028906570363779e+002
  1.2724016341388656e+003  9.2102955576076147e+002  2.7560274446367475e+002  2.7560274446367475e+002  2.7560274446367475e+002  1.8008725139107378e+002  1.8008725139107378e+002  1.8008725139107378e+002  1.1044036461118310e+002  1.1044036461118310e+002  1.1044036461118310e+002  1.1044036461118310e+002  1.1044036461118310e+002  1.1044036461118310e+002
  1.2349590576010689e+003  9.4572659523500329e+002  3.6216349209150758e+002  1.9600660647108043e+002  1.9600660647108043e+002  1.8506205175980210e+002  1.8008718035950301e+002  1.6118314036550987e+002  1.2536470508177194e+002  1.2536470508177194e+002  1.2536470508177194e+002  1.2536470508177194e+002  1.2536470508177194e+002  1.2536470508177194e+002
  1.2395282846439845e+003  9.4705201597742189e+002  3.9997149994125357e+002  1.9600667209905532e+002  1.9600667209905532e+002  1.2237985314502453e+002  1.2237985314502453e+002  1.2237985314502453e+002  1.2237985314502453e+002  1.2237985314502453e+002  1.2237985314502453e+002  1.2237985314502453e+002  1.2237985314502453e+002  1.2237985314502453e+002
  1.2198742346506967e+003  9.2089066148021743e+002  2.4376436816626210e+002  2.4376436816626210e+002  2.4376436816626210e+002  1.3431924555022306e+002  1.3431924555021851e+002  1.3431924555021851e+002  1.3431924555021851e+002  1.3431924555021851e+002  1.3431924555021851e+002  1.3431924555021851e+002  1.3431924555021851e+002  1.3431924555021851e+002
  1.2868966505712760e+003  9.9168834505332552e+002  3.2137058185471778e+002  2.2486032327190901e+002  1.9302146041977971e+002  1.3332433210727277e+002  1.3332433210727277e+002  1.3332433210727277e+002  1.2635960336582707e+002  1.2635960336582434e+002  1.2635960336582434e+002  1.2635960336582434e+002  1.2635960336582434e+002  1.2635960336582434e+002
  1.2627036205549884e+003  9.3381415717272534e+002  3.7410285275190699e+002  2.0894101870640725e+002  1.5720332428841368e+002  1.5720332428841368e+002  1.5720332428841368e+002  1.5322350321893998e+002  1.5322350321893998e+002  1.5322350321893998e+002  1.5322350321893998e+002  1.5322350321893998e+002  1.5322350321893998e+002  1.5322350321893998e+002
  1.2439573975328062e+003  9.6549022227631440e+002  3.2634556001262581e+002  3.2634556001262581e+002  1.8008728674668851e+002  1.8008728674668407e+002  1.4526387619343882e+002  1.4526387619343882e+002  1.4526387619343882e+002  1.4526387619343882e+002  1.4526387619343882e+002  1.4526387619343882e+002  1.4526387619343882e+002  1.4526387619343882e+002
  1.2181510813864656e+003  9.3182876149196409e+002  3.9002207690097111e+002  1.9003686202126028e+002  1.7113273093645512e+002  1.2635966413886604e+002  1.2635966413886604e+002  1.2635966413886604e+002  1.2635966413886604e+002  1.2635966413886604e+002  1.2635966413886604e+002  1.2635966413886604e+002  1.2635966413886604e+002  1.2635966413886604e+002
  1.2516217226162989e+003  9.7061863546511859e+002  3.0644641436382949e+002  2.4973424927561791e+002  2.4973424927561791e+002  2.4973424927561791e+002  1.6615782944668831e+002  1.5620829438264366e+002  1.5620829438264366e+002  1.4625875446368104e+002  1.3531433100832555e+002  1.3531433100831418e+002  1.3133448470430449e+002  1.3133448470430449e+002
  1.2485069121112037e+003  9.6414977148380558e+002  2.8853703459955250e+002  2.8853703459955250e+002  1.5919325756150215e+002  1.5919325756149681e+002  1.5919325756149681e+002  1.5919325756149681e+002  1.5919325756149681e+002  1.5919325756149681e+002  1.5919325756149681e+002  1.5919325756149681e+002  1.5919325756149681e+002  1.5919325756149681e+002
  1.2438165371908949e+003  9.8326249464784178e+002  3.3927913287976526e+002  3.3927913287976526e+002  2.9251668740215268e+002  1.8804698448340150e+002  1.5322352845347154e+002  1.5322352845347154e+002  1.5322352845347154e+002  1.5322352845347154e+002  1.5322352845347154e+002  1.5322352845347154e+002  1.2834958225305240e+002  1.2834958225305240e+002
  1.2387685496286351e+003  9.6820509631301229e+002  2.8853737419079243e+002  2.8853737419079243e+002  1.4824870285021279e+002  1.4824870285021279e+002  1.4824870285021279e+002  1.4824870285021279e+002  1.4824870285021279e+002  1.4824870285021279e+002  1.4824870285021279e+002  1.4824870285021279e+002  1.4824870285021279e+002  1.4824870285021279e+002
  1.1886136289417600e+003  9.2893726749983648e+002  2.8754195270685364e+002  2.8754195270683545e+002  2.8754195270683545e+002  1.5322350825675505e+002  1.5322350825675505e+002  1.5322350825675505e+002  1.5322350825675505e+002  1.5322350825675505e+002  1.5322350825675505e+002  1.5322350825675505e+002  1.4625879989492239e+002  1.4625879989492239e+002
  1.2244179451123518e+003  9.7651841293757934e+002  3.1440579252317661e+002  2.6963301480228188e+002  2.0993599292239401e+002  1.9302174949651271e+002  1.9302174949651271e+002  1.7809740398810425e+002  1.3033945493599310e+002  1.3033945493599310e+002  1.3033945493599310e+002  1.3033945493599310e+002  1.3033945493599310e+002  1.3033945493599310e+002
  1.2209240952581206e+003  9.8475680139173596e+002  2.5968367776957689e+002  2.5875142206599139e+002  2.2287039993700523e+002  2.1889056874645075e+002  2.1889056874645075e+002  1.5552226043216365e+002  1.2934451103779293e+002  1.2934451103779293e+002  1.2934451103779293e+002  1.2934451103779293e+002  1.2536461907419948e+002  1.2536461907419869e+002
  1.2503001851970821e+003  9.1944686144103457e+002  2.5769373945867665e+002  2.5769373945867665e+002  2.5769373945867665e+002  1.6317298776847713e+002  1.5123344839978392e+002  1.5123344839978392e+002  1.4924359105862663e+002  1.4924359105862663e+002  1.4924359105862663e+002  1.4924359105862663e+002  1.4924359105862663e+002  1.4924359105862663e+002
  1.2439954599469115e+003  9.4773608601003707e+002  2.8953223711923897e+002  2.3779456834701364e+002  1.9302166852676373e+002  1.2436972582796409e+002  1.2436972582796409e+002  1.2436972582796409e+002  1.2436972582796409e+002  1.2436972582796409e+002  1.2436972582796409e+002  1.2436972582796409e+002  1.2436972582796409e+002  1.2436972582796409e+002
  1.2049953938142617e+003  9.2663081723385949e+002  2.7958272710219217e+002  2.7958272710219217e+002  2.7958272710219217e+002  2.0496099507565975e+002  1.5322348810547953e+002  1.5322348810547953e+002  1.5322348810547953e+002  1.5322348810547953e+002  1.5322348810547953e+002  1.5322348810547953e+002  1.1342520647229048e+002  1.1342520647229048e+002
  1.2407018867070867e+003  9.5527450520577895e+002  2.6366353941537864e+002  2.6366353941537864e+002  1.8904182721513553e+002  1.7113259445980134e+002  1.7113259445980134e+002  1.7113259445980134e+002  1.3730420872907189e+002  1.3730420872907189e+002  1.3730420872907189e+002  1.3730420872907189e+002  1.3730420872907189e+002  1.3730420872907189e+002
  1.2080196062934538e+003  9.4771310949186363e+002  2.3878975515447337e+002  2.3878975515447337e+002  2.3878975515447337e+002  1.8506200106239908e+002  1.8108219006856166e+002  1.4526383575457521e+002  1.4526383575457521e+002  1.2735461815814733e+002  1.2735461815813960e+002  1.2735461815813960e+002  1.2735461815813960e+002  1.2735461815813960e+002
  1.2094477552899380e+003  9.5574608557957708e+002  2.4873923466619453e+002  2.4873923466619453e+002  2.4873923466619453e+002  1.6018812557319598e+002  1.6018812557319598e+002  1.4725375391419482e+002  1.4725375391419482e+002  1.4725375391419482e+002  1.4725375391419482e+002  1.4725375391419482e+002  1.4725375391419482e+002  1.4725375391419482e+002
  1.2641743217254234e+003  8.7089339675095971e+002  2.3580467491402965e+002  2.3580467491402965e+002  2.3580467491402965e+002  2.2784494649372868e+002  1.7809724635019506e+002  1.7809724635019506e+002  1.7809724635019506e+002  1.7809724635019506e+002  1.5720331416733779e+002  1.4824872309237651e+002  1.4824872309236639e+002  1.2337480716430082e+002
  1.2962279837007982e+003  9.2952222927465118e+002  3.0147153302535298e+002  3.0147153302535298e+002  3.0147153302535298e+002  1.9202678018088659e+002  1.9202678018088659e+002  1.5222846822990778e+002  1.5222846822990778e+002  1.4426882100769660e+002  1.4426882100769660e+002  1.4426882100769660e+002  1.4426882100769660e+002  1.4426882100769660e+002
  1.2216224363491613e+003  9.7383339752891811e+002  3.5221433960537070e+002  3.5221433960535614e+002  3.5221433960535614e+002  1.4526386103454752e+002  1.4526386103454752e+002  1.4526386103454752e+002  1.4526386103454752e+002  1.4526386103454752e+002  1.4526386103454752e+002  1.4526386103454752e+002  1.4526386103454752e+002  1.4526386103454752e+002
  1.1962233156297673e+003  9.5624079204450663e+002  2.0098117830777392e+002  2.0098117830777392e+002  1.7013762006097159e+002  1.7013762006092065e+002  1.6914265088274885e+002  1.6914265088274885e+002  1.5620833495896966e+002  1.2436966505492296e+002  1.2436966505492296e+002  1.2436966505492296e+002  1.2436966505492296e+002  1.2436966505492296e+002
  1.2636765650679536e+003  8.8931670688749819e+002  3.0545157236838281e+002  2.1093088598574309e+002  1.8406717348956204e+002  1.5521342637094153e+002  1.5521342637094153e+002  1.5521342637094153e+002  1.5521342637094153e+002  1.5521342637094153e+002  1.5521342637094153e+002  1.5521342637094153e+002  1.5521342637094153e+002  1.5521342637094153e+002
  1.1910228502753853e+003  9.7837876957286608e+002  2.2585506391805461e+002  2.2585506391804938e+002  2.2585506391804938e+002  1.5720326351537710e+002  1.5720326351537710e+002  1.5720326351537710e+002  1.5720326351537710e+002  1.2536471515741005e+002  1.2536471515741005e+002  1.2536471515741005e+002  1.2536471515741005e+002  1.2536471515741005e+002
  1.2090628052595264e+003  9.5163832842227293e+002  3.3828484117571656e+002  2.1789536114351472e+002  2.1789536114351472e+002  2.1789536114351472e+002  2.1789536114351472e+002  1.5023857553315372e+002  1.5023857553315099e+002  1.5023857553315099e+002  1.5023857553315099e+002  1.5023857553315099e+002  1.5023857553315099e+002  1.5023857553315099e+002
  1.3099511310957296e+003  9.6690230965592809e+002  3.0644630234009560e+002  3.0644630234006513e+002  3.0644630234006513e+002  1.8506211234994578e+002  1.7312262381609605e+002  1.2635957813129130e+002  1.2635957813129130e+002  1.2635957813129130e+002  1.2635957813129130e+002  1.2635957813129130e+002  1.2635957813129130e+002  1.2635957813129130e+002
  1.2539910622232273e+003  9.6186444397042669e+002  3.9300707170130863e+002  2.0794584687494626e+002  2.0794584687494626e+002  2.0794584687494626e+002  2.0794584687494626e+002  1.6118307455467448e+002  1.3630923455852917e+002  1.3630923455852917e+002  1.3630923455852917e+002  1.3630923455852917e+002  1.3630923455852917e+002  1.3630923455852917e+002
  1.2962161974231226e+003  9.4054134477566913e+002  3.0545156151103151e+002  3.0545156151103151e+002  3.0545156151103151e+002  3.0545156151103151e+002  3.0545156151103151e+002  1.3531429061488518e+002  1.3531429061488518e+002  1.3531429061488518e+002  1.3531429061488518e+002  1.3531429061488518e+002  1.3531429061488518e+002  1.3531429061488518e+002
  1.2763851445105929e+003  9.4351107106329800e+002  2.2883997662783486e+002  2.2883997662783486e+002  2.2883997662783486e+002  2.0794607476277429e+002  2.0794607476277088e+002  2.0794607476277088e+002  1.9899131648213540e+002  1.2934451607561118e+002  1.2934451607561118e+002  1.2934451607561118e+002  1.2934451607561118e+002  1.2934451607561118e+002
  1.1452134226792934e+003  9.6149896116960508e+002  3.1142056472041531e+002  2.6764278663298410e+002  2.6764278663298410e+002  1.8904184741184679e+002  1.8904184741184679e+002  1.8904184741184679e+002  1.8904184741184679e+002  1.8904184741184679e+002  1.6615792049208164e+002  1.6615792049208164e+002  1.4824871800910739e+002  1.4824871800910739e+002
  1.2455573141825894e+003  9.6213367020921601e+002  3.4922910172700585e+002  2.0396574453149174e+002  2.0396574453149071e+002  2.0396574453149071e+002  1.7113271073973135e+002  1.3730415303928885e+002  1.3730415303928885e+002  1.3730415303928885e+002  1.3730415303928885e+002  1.3730415303928885e+002  1.3730415303928885e+002  1.3730415303928885e+002
  1.2968800664445416e+003  9.2442574884663054e+002  2.2784497699441658e+002  1.8406717348957045e+002  1.8406717348956022e+002  1.8406717348956022e+002  1.8406717348956022e+002  1.8406717348956022e+002  1.8406717348956022e+002  1.5421836092666433e+002  1.5421836092666433e+002  1.5421836092666433e+002  1.5421836092666433e+002  1.5421836092666433e+002
  1.3165504395093803e+003  9.7980381806513060e+002  4.6066384288901099e+002  2.3182490001203269e+002  2.0595606038247604e+002  1.4327397319271290e+002  1.4327397319271290e+002  1.4327397319271290e+002  1.4327397319271290e+002  1.4327397319271290e+002  1.4327397319271290e+002  1.4327397319271290e+002  1.4327397319271290e+002  1.4327397319271290e+002
  1.2820250517542886e+003  9.4196099382559487e+002  2.8455731991726407e+002  2.8455731991726407e+002  2.8455731991726407e+002  1.5123348897609867e+002  1.5123348897609867e+002  1.4227889277243037e+002  1.4227889277243037e+002  1.4227889277243037e+002  1.4227889277243037e+002  1.4227889277243037e+002  1.4227889277243037e+002  1.4227889277243037e+002
  1.2300640829779920e+003  9.5980932922447846e+002  2.9749178747657902e+002  2.4153481443678811e+002  2.2884005815091905e+002  1.6018818634623699e+002  1.6018818634623699e+002  1.6018818634623699e+002  1.6018818634623699e+002  1.6018818634623699e+002  1.6018818634623699e+002  1.5620835515568444e+002  1.5620835515568444e+002  1.5620835515568444e+002
  1.2468342246246350e+003  9.4171533940976451e+002  3.0843627152208569e+002  3.0843627152208569e+002  3.0843627152208569e+002  3.0843627152208569e+002  1.5521342133313067e+002  1.4625879481166646e+002  1.4625879481166646e+002  1.4625879481166646e+002  1.4625879481166646e+002  1.4625879481166646e+002  1.4625879481166646e+002  1.4625879481166646e+002
  1.2603776737525445e+003  9.2057357105618939e+002  3.0346161853274089e+002  3.0346161853274089e+002  1.4625880493274781e+002  1.4625880493274258e+002  1.4625880493274258e+002  1.4625880493274258e+002  1.4625880493274258e+002  1.4625880493274258e+002  1.4625880493274258e+002  1.4625880493274258e+002  1.4625880493274258e+002  1.2337477684650867e+002
  1.2828881529573218e+003  9.5302863815656769e+002  2.3381495968610807e+002  2.3381495968610807e+002  2.3381495968610807e+002  1.3033941939748297e+002  1.3033941939748297e+002  1.3033941939748297e+002  1.3033941939748297e+002  1.3033941939748297e+002  1.3033941939748297e+002  1.3033941939748297e+002  1.3033941939748297e+002  1.3033941939748297e+002
  1.2773457519459266e+003  9.6206470833831395e+002  3.1838589277659548e+002  2.4077950647422904e+002  1.6615783952232675e+002  1.6615783952232675e+002  1.5521343649201788e+002  1.5521343649201788e+002  1.5521343649201788e+002  1.5521343649201788e+002  1.5521343649201788e+002  1.5521343649201788e+002  1.4824871800910921e+002  1.4824871800910887e+002
  1.2160793093554630e+003  9.4168941697417677e+002  3.0246650202062415e+002  2.0396612207157671e+002  2.0098127517265129e+002  1.4028895446154797e+002  1.4028895446153240e+002  1.3929407637419683e+002  1.3929407637419501e+002  1.3929407637419501e+002  1.3929407637419501e+002  1.3929407637419501e+002  1.3929407637419501e+002  1.3929407637419501e+002
  1.2201936402353529e+003  9.9610416708291336e+002  3.0843618006082397e+002  1.6814781337173383e+002  1.6814781337173383e+002  1.6814781337173383e+002  1.6814781337173383e+002  1.6814781337173383e+002  1.4327390756475393e+002  1.4327390756475393e+002  1.4327390756475393e+002  1.2934446034039001e+002  1.2934446034039001e+002  1.2934446034039001e+002
  1.2440465196237685e+003  9.6848779252971008e+002  2.7162297349279424e+002  2.7162297349279424e+002  1.4327393788254369e+002  1.4327393788254369e+002  1.4327393788254369e+002  1.4327393788254369e+002  1.4327393788254369e+002  1.4327393788254369e+002  1.4327393788254369e+002  1.4327393788254369e+002  1.3929412180543886e+002  1.3929412180543886e+002
  1.2561274431696020e+003  8.6345319242163373e+002  4.1688555994136027e+002  1.8207714390493049e+002  1.8207714390493049e+002  1.8207714390493049e+002  1.8207714390493049e+002  1.8207714390493049e+002  1.8207714390493049e+002  1.7212765463792618e+002  1.5123355483240084e+002  1.5123355483240084e+002  1.5123355483240084e+002  1.5123355483240084e+002
  1.2275454739017987e+003  9.6156673438068651e+002  2.9450688580698647e+002  2.9450688580698647e+002  2.9450688580698647e+002  1.4128399952620191e+002  1.4128399952620191e+002  1.4128399952620191e+002  1.4128399952620191e+002  1.4128399952620191e+002  1.4128399952620191e+002  1.4028906066581771e+002  1.3145549717349809e+002  1.2536469496069651e+002
  1.3206419110712718e+003  9.8462629076296253e+002  2.8555245172572813e+002  2.8555245172572813e+002  1.9899146344564804e+002  1.9899146344564679e+002  1.6118308985100805e+002  1.6118308985100805e+002  1.6118308985100805e+002  1.6118308985100805e+002  1.5322351334001530e+002  1.5322351334001530e+002  1.5322351334001530e+002  1.5322351334001530e+002
  1.2508251162487327e+003  9.1727349516236609e+002  2.8356242722440197e+002  2.8356242722440197e+002  2.8356242722440197e+002  1.7212760920668063e+002  1.7212760920668063e+002  1.7212760920668063e+002  1.2635968937339851e+002  1.2635968937339851e+002  1.2635968937339851e+002  1.2635968937339851e+002  1.2635968937339851e+002  1.2635968937339851e+002
  1.2796873563599756e+003  9.3853835848407107e+002  3.3131998021383083e+002  2.0695098916721577e+002  1.7809722185188241e+002  1.7809722185188241e+002  1.5222852900295186e+002  1.5222852900295186e+002  1.5222852900295186e+002  1.5222852900295186e+002  1.5222852900295186e+002  1.5222852900295186e+002  1.5222852900295186e+002  1.5222852900295186e+002
