  3.9263635828025812e+008  7.4667220693904907e+007  1.1088244967204785e+007  3.0336422588871828e+003  2.7960523236397848e+003  2.7875509663318626e+003  2.7875509663318626e+003  2.4846439664083027e+003  2.4003926199908601e+003  2.4003926199908601e+003  1.8914346975454755e+003  1.8652187397078533e+003  1.8652187397078533e+003  1.8652005352089745e+003
  4.2306958190193683e+008  9.8476646816920713e+007  1.9046774005566120e+007  4.1511285218724834e+003  3.5275963164556197e+003  3.5275963164556197e+003  3.0882230699040647e+003  2.7774891276076105e+003  2.7774891276076105e+003  2.7774891276076105e+003  2.7475984316249933e+003  2.1433815305545359e+003  2.1433815305545359e+003  2.1419310902832858e+003
  3.8005049812310755e+008  8.2040894471189499e+007  2.1487584810843386e+007  4.6802957643829268e+003  3.5131907336126469e+003  3.4031218184102863e+003  2.9031645756211174e+003  2.7203892898338681e+003  2.7203892898338681e+003  2.7203892898338681e+003  2.7203892898338681e+003  2.7203892898338681e+003  2.1598938319259887e+003  2.1597790660936571e+003
  4.6108272042497116e+008  6.0718140350837484e+007  1.5444942760591330e+007  3.0523414436767453e+003  2.9406806687945063e+003  2.9406806687945063e+003  2.9406806687945063e+003  2.8263609897177566e+003  2.7748488981403552e+003  2.4189899483484696e+003  2.4189899483484696e+003  2.4189899483484696e+003  2.4189899483484696e+003  2.4038746379176409e+003
  4.3668302435287899e+008  8.3801699680546969e+007  3.0035725011701334e+007  2.9267894512546063e+003  2.3978877978364490e+003  2.3978877978364490e+003  2.3978877978364490e+003  2.0686863123492858e+003  2.0686863123492858e+003  2.0677441527729661e+003  2.0677441527729661e+003  2.0677441158117026e+003  2.0677441158117026e+003  2.0676983288020965e+003
  5.0214690609539992e+008  9.4596572417546585e+007  1.7511605995320648e+007  2.8036711054861098e+003  2.8035745207552936e+003  2.8035745207552936e+003  2.8035745207552936e+003  2.7421095168664588e+003  2.7421095168664588e+003  2.4353511196017962e+003  2.1291526940375534e+003  2.1291526940375534e+003  2.1291526940375534e+003  2.1241624887454163e+003
  3.0647936527606833e+008  5.3005466037934981e+007  1.1611556002294598e+007  2.0298492339916356e+003  2.0298492339916356e+003  2.0298492339916356e+003  2.0298492339916356e+003  2.0298492339916356e+003  2.0298492339916356e+003  2.0298492339916356e+003  2.0261603260678548e+003  2.0261603260678548e+003  2.0261603260678548e+003  2.0260132956119633e+003
  3.2753824894812053e+008  9.3508771265795782e+007  1.8028560776223548e+007  3.1310552614006456e+003  3.1310552614006456e+003  2.9954258992690575e+003  2.9950404510549679e+003  2.2802892093513155e+003  2.2802892093513155e+003  2.2802892093513155e+003  2.2087134501418132e+003  2.2087134501418132e+003  2.2087134501418132e+003  2.1964578382964364e+003
  4.8577537585102522e+008  6.8001139819386259e+007  1.8510082918952204e+007  3.8538291506096384e+003  3.4890613618362786e+003  3.1325735192673746e+003  3.1325735192673746e+003  3.1325735192673746e+003  3.1325735192673746e+003  2.3073830086007538e+003  2.3073830086007538e+003  2.1951935260206210e+003  2.1891330729321362e+003  2.1887751367812998e+003
  4.2154164356149197e+008  5.3720445161098935e+007  1.4359111184042735e+007  3.9934339931177547e+003  3.7965736711337795e+003  3.1461714459521872e+003  2.3477950969747271e+003  2.3477950969747271e+003  2.3477950969747271e+003  2.3477950969747271e+003  2.2164426505925203e+003  2.2164426505925203e+003  2.2164426505925203e+003  2.2159697540816151e+003
  2.6398816896255288e+008  6.6626952125428140e+007  2.0791224508080978e+007  2.4578335032111409e+003  2.4578335032111409e+003  2.4578335032111409e+003  2.4578335032111409e+003  2.4578335032111409e+003  2.4578335032111409e+003  2.4578335032111409e+003  2.4578335032111409e+003  2.4578335032111409e+003  2.2026443579732313e+003  2.2026443579732313e+003
  3.1185931301180518e+008  5.9924984289750881e+007  2.1465432751438506e+007  3.1249980395770781e+003  3.1249980395770781e+003  3.1249980395770781e+003  3.1249980395770781e+003  2.7403464187465715e+003  2.6825841734710993e+003  2.6825841734710993e+003  2.6825841734710993e+003  2.3666091475616940e+003  2.3666091475616940e+003  1.9453508730781323e+003
  3.6893440424346638e+008  7.3171115130458459e+007  1.2070181140466010e+007  2.9627807970979047e+003  2.9322254740865765e+003  2.6579668577559241e+003  2.1527766279299249e+003  1.9537923431567342e+003  1.9537923431567342e+003  1.9537923431567342e+003  1.9537923431567342e+003  1.9537923431567342e+003  1.9537923431567342e+003  1.9537224772110585e+003
  3.5973442960782504e+008  7.4943351099780515e+007  1.5227044177514555e+007  3.0277448282827399e+003  2.8345132285591026e+003  2.7806424920280051e+003  2.3478514873422719e+003  2.3478514873422719e+003  2.3478514873422719e+003  2.3478514873422719e+003  2.3478514873422719e+003  2.3478514873422719e+003  2.3478514873422719e+003  2.0823970072510947e+003
  3.1141892867740119e+008  7.4131724480723277e+007  2.4404928847653408e+007  2.4991516008887920e+003  2.4991516008887920e+003  2.4991516008887920e+003  2.4991516008887920e+003  2.4024450277093420e+003  2.2326175179624806e+003  2.2326175179624806e+003  2.2326175179624806e+003  2.0791448892825656e+003  2.0791448892825656e+003  2.0791448892825656e+003
  3.3255958902051300e+008  1.0947666204635729e+008  2.4607554907634765e+007  3.2380843275709231e+003  3.2155260267930898e+003  3.2155260267930898e+003  3.0197823304761187e+003  3.0182717317843062e+003  2.8725797146861223e+003  2.5560869450043992e+003  2.5560869450043992e+003  2.5560869450043992e+003  2.5560869450043992e+003  2.0128516073322189e+003
  3.6504079416897625e+008  1.0292210294631012e+008  2.4108719153871723e+007  5.2797555629426724e+003  4.9961781771467358e+003  3.6155888252038467e+003  3.2413741939900401e+003  2.9197553904599145e+003  2.4063028877486640e+003  2.4063028877486640e+003  2.4063028877486640e+003  2.4063028877486640e+003  2.4063028877486640e+003  2.3685450623367124e+003
  4.6135922811155468e+008  9.6476599168197304e+007  1.3205902185510159e+007  3.6109454039530856e+003  3.6109454039530856e+003  3.6109454039530856e+003  2.9869821132060970e+003  2.9306306330056323e+003  2.6030939771623762e+003  2.4739281319441307e+003  2.4598734856383326e+003  2.4598734856383326e+003  2.3831294286651028e+003  2.3822303020914842e+003
  4.1403924277535343e+008  1.2014311307407065e+008  3.0036410414225001e+007  3.4582891330904140e+003  2.9028691127728107e+003  2.7478084793250127e+003  2.7478084793250127e+003  2.7478084793250127e+003  2.7478084793250127e+003  2.7478084793250127e+003  2.7478084793250127e+003  2.7478084793250127e+003  2.5186116154832634e+003  2.2277374941111157e+003
  3.4314817135550535e+008  6.3068067185181580e+007  1.4039735614794055e+007  3.1167906353854751e+003  3.1167906353854751e+003  2.4921208627811793e+003  2.4921208627811793e+003  2.4921208627811793e+003  2.4921208627811793e+003  2.4921208627811793e+003  2.4921208627811793e+003  2.4921208627811793e+003  2.4921208627811793e+003  2.2822982436320317e+003
  3.2079551701774502e+008  5.1896879834205501e+007  1.9324565377549108e+007  2.6337147346152105e+003  2.5091347443771765e+003  2.5091347443771765e+003  2.5091347443771765e+003  2.5091347443771765e+003  2.4343234001571709e+003  2.4343234001571709e+003  2.4343234001571709e+003  2.2073503116874581e+003  2.2073503116874581e+003  2.2032844973801384e+003
  4.0704139731160873e+008  8.8908899367497176e+007  1.8918236860665608e+007  6.0719166734638420e+003  2.5684019674097608e+003  2.5523327859076198e+003  2.5523327859076198e+003  2.5523327859076198e+003  2.5523327859076198e+003  2.5523327859076198e+003  2.5523327859076198e+003  2.5523327859076198e+003  2.5523327859076198e+003  2.5515873093921791e+003
  4.3020746414988214e+008  7.7434486719119012e+007  2.2312918243587628e+007  3.4805111983253882e+003  3.3200244283609682e+003  3.2664047461786995e+003  2.7841183338287847e+003  2.3555939725735352e+003  2.3555213437685070e+003  2.3555213437685070e+003  2.3555213437685070e+003  2.3555213437685070e+003  2.2842535041124629e+003  1.9172311674969587e+003
  2.8185846300433213e+008  1.0869534652007991e+008  1.9055001101525392e+007  2.7668915875231160e+003  2.7118398447457230e+003  2.7118398447457230e+003  2.2371271875137818e+003  2.2371271875137818e+003  2.1106623512028718e+003  2.1106623512028718e+003  2.1106623512028718e+003  2.1106511844499018e+003  2.1106511844499018e+003  2.1106103671960900e+003
  3.5359856179325157e+008  9.7496387242094249e+007  1.5847739380868016e+007  3.1246990229036619e+003  3.0816527745561434e+003  3.0722044386533253e+003  2.4633223654177909e+003  2.4633223654177909e+003  2.0216687943585230e+003  2.0216687943585230e+003  1.7684984568105592e+003  1.7684984568105592e+003  1.7684984568105592e+003  1.7684752876891907e+003
  2.8577930808788329e+008  6.5304932926208243e+007  1.5554986450185286e+007  3.0176301910549619e+003  3.0176301910549619e+003  3.0176301910549619e+003  2.8414058137683633e+003  2.3011021934695764e+003  2.3009368326492095e+003  2.3008981204668125e+003  2.3008981204668125e+003  2.3008981204668125e+003  2.3008981204668125e+003  2.1233762503411126e+003
  3.7447330944109321e+008  8.3541545449607491e+007  1.7221153306503911e+007  3.3194014938459422e+003  3.2098748248770262e+003  2.8176428702063286e+003  2.8176428702063286e+003  2.0753960483867068e+003  2.0753960483867068e+003  2.0753960483867068e+003  2.0753960483867068e+003  2.0753960483867068e+003  2.0753960483867068e+003  2.0261752667384553e+003
  3.4898961361461407e+008  8.4769223842577383e+007  2.3146384280411579e+007  3.3149666139114943e+003  3.1113264961604427e+003  2.7351088999467847e+003  2.7284606807841246e+003  2.4784392381294847e+003  2.4614079602733327e+003  2.3305844363405349e+003  2.3305844363405349e+003  2.3305844363405349e+003  2.3305844363405349e+003  2.0557442358052258e+003
  5.5093159967432559e+008  5.6765269153081618e+007  2.6107108333519854e+007  2.7890822435341252e+003  2.7890822435341252e+003  2.7890822435341252e+003  2.7890822435341252e+003  2.6412081719395019e+003  2.2398670773316408e+003  2.1610078440123507e+003  2.1610078440123507e+003  2.1610078440123507e+003  1.8716396843861903e+003  1.8716216175360241e+003
  4.3265094802378625e+008  6.6011317965937488e+007  1.1964908729951618e+007  3.4569671074065845e+003  2.6916975640263154e+003  2.6823668497900553e+003  2.6823668497900553e+003  2.6823668497900553e+003  2.6823668497900553e+003  2.4302658556793958e+003  2.4267251453173267e+003  2.4267251453173267e+003  2.2041857236933138e+003  1.8291230663603674e+003
  3.7154137806849205e+008  3.9775167871549971e+007  1.9554860864000462e+007  3.3631709145044588e+003  3.3631709145044588e+003  3.2562746686276723e+003  3.2562746686276723e+003  2.8483365378855469e+003  2.8483365378855469e+003  2.8483365378855469e+003  2.5421907025416822e+003  2.5421907025416822e+003  2.4905321994192636e+003  2.2335747596764340e+003
  4.2782885399229217e+008  1.1162740245934668e+008  1.9918812460220382e+007  4.6077505437769905e+003  2.9699786819281480e+003  2.9692852760313126e+003  2.9692852760313126e+003  2.9692852760313126e+003  2.7431866437538720e+003  2.5736409832464888e+003  2.5736409832464888e+003  2.5736409832464888e+003  2.5736409832464888e+003  2.5016480497799084e+003
  4.8308612945546108e+008  8.1330952002095073e+007  2.2148761430741481e+007  2.5531423302664198e+003  2.4303327163075965e+003  2.4269257365138756e+003  2.4076690590751950e+003  2.3919915186208455e+003  2.3258670255698962e+003  2.2992617287130633e+003  2.2964636468906392e+003  2.0450742809702078e+003  2.0450742809702078e+003  1.6950383412827168e+003
  2.9237451379693675e+008  5.9619107227238365e+007  2.2582056643750384e+007  2.9980814136347772e+003  2.7823535641713115e+003  2.6534107589855739e+003  2.6534107589855739e+003  2.6010067037480921e+003  2.6010067037480921e+003  2.4466659736336169e+003  2.4466659736336169e+003  2.4466659736336169e+003  2.4466659736336169e+003  2.4463873378304652e+003
  2.6991675514252287e+008  1.2713056136953770e+008  1.9729897838628247e+007  3.8856905705552526e+003  3.5432653686136491e+003  2.7643426740626528e+003  2.7643426740626528e+003  2.7643426740626528e+003  2.3139570325340464e+003  2.2895124748346934e+003  2.2895124748346934e+003  2.2895124748346934e+003  2.2895124748346934e+003  1.7784543656572259e+003
  3.8444940359903872e+008  8.7514858271711141e+007  2.8233071211475533e+007  4.2071545379124464e+003  3.2123734095065847e+003  3.2123734095065847e+003  3.1690897205411438e+003  2.5333163525790942e+003  2.5333163525790942e+003  2.5333163525790942e+003  2.5333163525790942e+003  2.3003580775631808e+003  2.3003580775631808e+003  1.8423893353971562e+003
  3.9321284280871814e+008  8.5315169523957580e+007  2.1835039118227430e+007  2.9939488383933422e+003  2.3015984238986548e+003  2.3015984238986548e+003  2.3015984238986548e+003  2.3015984238986548e+003  2.3015984238986548e+003  2.0773021260980622e+003  2.0610117241938933e+003  1.9547401353273635e+003  1.9354728072500966e+003  1.9317630650797073e+003
  3.3253238394642514e+008  8.4604192043495372e+007  1.7382193856857236e+007  3.5829789326307300e+003  3.5829789326307300e+003  3.5505383845550341e+003  3.4490355419186108e+003  3.0635339003462013e+003  3.0635339003462013e+003  3.0635339003462013e+003  3.0615253142531565e+003  2.3910736359536677e+003  2.3910651979098147e+003  2.3908525796014492e+003
  3.8753037103059202e+008  8.2616752260311007e+007  2.7164257299898542e+007  2.7805700051255662e+003  2.7801907031516930e+003  2.7801907031516930e+003  2.7801907031516930e+003  2.4961929830680801e+003  2.4961929830680801e+003  2.4961929830680801e+003  2.4961929830680801e+003  2.4961929830680801e+003  2.4961929830680801e+003  2.4959337368563174e+003
  3.6458665981984949e+008  5.8323837208505549e+007  1.3903361730433213e+007  3.3097138131207066e+003  3.3097138131207066e+003  2.8234110202454449e+003  2.8234110202454449e+003  2.2347610167774446e+003  2.2347610167774446e+003  2.2347610167774446e+003  2.1049033235038660e+003  2.1049033235038660e+003  2.1049033235038660e+003  2.0961567497394290e+003
  3.2001100607368249e+008  8.6398592502841651e+007  2.0835273754124254e+007  2.8561393618933325e+003  2.8485244473808652e+003  2.8223259400808802e+003  2.8081286912416781e+003  2.7166817155828958e+003  2.7166817155828958e+003  2.7166817155828958e+003  2.5630268005218841e+003  2.4704265735228273e+003  2.4704265735228273e+003  2.0304376450758118e+003
  4.0980872876636523e+008  5.2582669281528428e+007  1.7781691908147596e+007  3.5903798271070864e+003  3.2169785698066553e+003  2.8710313784496684e+003  2.8710313784496684e+003  2.8710313784496684e+003  2.8547725473186165e+003  2.7220777192617597e+003  2.7132709816224606e+003  2.6111644849112454e+003  2.5752175140723357e+003  2.5742848784365842e+003
  3.7942849898387611e+008  1.0140829360776104e+008  2.4052198487143964e+007  3.3752049946350035e+003  3.3704485508766302e+003  2.8871286235320631e+003  2.8871286235320631e+003  2.8871286235320631e+003  2.8871286235320631e+003  2.7367549044339557e+003  2.4384802221598611e+003  2.4384802221598611e+003  2.4384802221598611e+003  2.0291035634479176e+003
  4.1736991158853483e+008  7.2985987263781086e+007  1.7109162361971173e+007  2.7586957522762932e+003  2.7586844369080391e+003  2.2705230982002113e+003  2.2705230982002113e+003  2.2705230982002113e+003  2.2705230982002113e+003  2.2705230982002113e+003  2.2705230982002113e+003  2.2705230982002113e+003  2.2705230982002113e+003  2.2558488173030692e+003
  2.8423395060706300e+008  5.8675088949568920e+007  1.2708251819036689e+007  2.8826436883819015e+003  2.8826436883819015e+003  2.7470659577194292e+003  2.7470659577194292e+003  2.7470659577194292e+003  2.4870016249018709e+003  2.4870016249018709e+003  2.4870016249018709e+003  1.7836566480208276e+003  1.7836566480208276e+003  1.7834292272697239e+003
  5.1627140156206769e+008  9.9782309184823245e+007  2.4925317718650427e+007  3.6133370312103234e+003  2.8044901387837454e+003  2.8044901387837454e+003  2.8044901387837454e+003  2.8044901387837454e+003  2.8044901387837454e+003  2.3732929107092677e+003  2.3732929107092677e+003  2.3732929107092677e+003  2.3732929107092677e+003  2.3671239834601492e+003
  3.6539730259515852e+008  5.3003708933999687e+007  2.0604930305314966e+007  2.6076318894199385e+003  2.6076318894199385e+003  2.6076318894199385e+003  2.6076318894199385e+003  2.6076318894199385e+003  2.6076318894199385e+003  2.6076318894199385e+003  1.9349524782424432e+003  1.9349524782424432e+003  1.7937248573859815e+003  1.7917873890885376e+003
  2.0396866834058729e+008  8.4208736410651684e+007  1.7492941169686157e+007  2.7975038373116895e+003  2.5845097194841019e+003  2.5845097194841019e+003  2.5845097194841019e+003  2.5845097194841019e+003  2.2632271861086638e+003  2.2632271861086638e+003  2.2632271861086638e+003  2.2632271861086638e+003  2.2632271861086638e+003  2.2627226914868643e+003
  4.9308849531259429e+008  8.0775359418256998e+007  2.4082266624331784e+007  3.5399612760567161e+003  2.9658749874884079e+003  2.9658749874884079e+003  2.4264183071119551e+003  2.2445040176002676e+003  2.2444614506130420e+003  2.2444614506130420e+003  2.2444614506130420e+003  2.2444614506130420e+003  2.2259524524990320e+003  2.0217360815921693e+003
  3.6203520399264115e+008  1.0885306946641108e+008  1.5325860797319833e+007  3.2090620731859071e+003  3.1988617321858364e+003  2.7056451514933360e+003  2.7056451514933360e+003  1.9624399568614826e+003  1.9624399568614826e+003  1.9624399568614826e+003  1.9624399568614826e+003  1.9167102941021167e+003  1.9167102941021167e+003  1.9166774645460428e+003
  4.1666859771552104e+008  1.0702603442402133e+008  1.3992808270712988e+007  2.8895058151774392e+003  2.8895058151774392e+003  2.8571857428474677e+003  2.8139989304270830e+003  2.7674104262353021e+003  2.7674104262353021e+003  2.4890368228320567e+003  2.1180357224197560e+003  2.1180357224197560e+003  2.0460828855774735e+003  2.0135498252446414e+003
