  7.0625474880780862e+005  3.3236424013777525e+005  1.5055031526186023e+005  2.2652985406374137e+003  2.2652985406374137e+003  1.2324446861044944e+003  1.2324446861044944e+003  1.2324446861044944e+003  1.2324446861044944e+003  9.4422096127905752e+002  9.4422096127905752e+002  9.4422096127905752e+002  9.4422096127905752e+002  8.9599782445574374e+002
  9.1246432903885678e+005  1.9820984685229935e+005  6.6668297626412561e+004  1.9459586053515013e+003  1.9459586053515013e+003  1.9459586053515013e+003  1.9459586053515013e+003  1.9459586053515013e+003  1.9459586053515013e+003  1.9459586053515013e+003  1.9459586053515013e+003  1.9459586053515013e+003  1.5170812620279503e+003  8.2904631922860108e+002
  1.1284016477119799e+006  3.1789321375086514e+005  1.7209790759971994e+005  4.6733914962282233e+003  3.8281151761059527e+003  8.4142322797657380e+002  8.4142322797657380e+002  8.4142322797657380e+002  8.4142322797657380e+002  8.4142322797657380e+002  8.4142322797657380e+002  8.4142322797657380e+002  8.4142322797657380e+002  6.5111142525698142e+002
  8.4806271516367025e+005  2.6279445759491273e+005  1.6427556510461072e+005  1.6599839902289650e+003  1.6599839902289650e+003  1.6599839902289650e+003  1.6599839902289650e+003  1.6599839902289650e+003  1.6599839902289650e+003  1.5649154615555944e+003  1.5649154615555944e+003  1.5649154615555944e+003  1.5649154615555944e+003  1.5649154615555944e+003
  8.0415961904158583e+005  3.6281836279688607e+005  2.0825005712652131e+005  2.7752767956471089e+003  2.4055150442941349e+003  1.5621809449182401e+003  1.5621809449182401e+003  1.5621809449182401e+003  1.5621809449182401e+003  1.5621809449182401e+003  1.5621809449182401e+003  1.5621809449182401e+003  1.5621809449182401e+003  1.4122448358675338e+003
  7.5124599505696399e+005  2.0412963868026366e+005  1.2107875548435144e+005  2.7766912023730792e+003  2.7766912023730792e+003  2.7766912023730792e+003  2.7766912023730792e+003  2.7766912023730792e+003  2.7766912023730792e+003  2.7766912023730792e+003  2.7570370978022856e+003  2.7570370978022856e+003  1.9171911318637231e+003  1.1234814356505503e+003
  4.6573542518134107e+005  1.3447815442784812e+005  9.6554879723648555e+004  1.7756961338554156e+003  1.7756961338554156e+003  1.7756961338554156e+003  1.7756961338554156e+003  1.7010096838992040e+003  1.5681912797588375e+003  1.5681912797588375e+003  1.4767694046534443e+003  1.4767694046534443e+003  1.4767694046534443e+003  1.2985574841845291e+003
  8.4506558150723705e+005  2.9611723484154651e+005  9.7228286378162593e+004  4.5937926606055753e+003  3.0029289187605318e+003  2.2884399439224271e+003  2.2884399439224271e+003  1.9976781176897366e+003  1.9976781176897366e+003  1.8000168232674559e+003  1.8000168232674559e+003  1.8000168232674559e+003  1.8000168232674559e+003  1.7535999532847854e+003
  3.6548465575772926e+005  2.2940412848750423e+005  1.4398373123111657e+005  2.6965175194570838e+003  2.0976575316823837e+003  1.3484019882784551e+003  1.3484019882784551e+003  1.3484019882784551e+003  1.3484019882784551e+003  1.3484019882784551e+003  1.3232445177299778e+003  1.3232445177299778e+003  1.3232445177299778e+003  1.3213970318296078e+003
  7.0702615027831751e+005  1.9906285607873477e+005  1.7534641744740284e+005  2.3468676718932384e+003  1.9212431908671733e+003  1.9212431908671733e+003  1.1862114036008988e+003  1.1862114036008988e+003  1.1862114036008988e+003  1.1862114036008988e+003  1.1862114036008988e+003  1.1862114036008988e+003  1.1862114036008988e+003  1.1367525319414854e+003
  7.6642363756302523e+005  3.3930326354944700e+005  1.1873865425947020e+005  3.0537510367788409e+003  2.9855642561997392e+003  2.4036963697396404e+003  2.4036963697396404e+003  2.4036963697396404e+003  1.7137089741423461e+003  1.7137089741423461e+003  1.7137089741423461e+003  1.7137089741423461e+003  1.7137089741423461e+003  1.7137089741423461e+003
  8.2840696126312215e+005  2.1145091732299546e+005  1.3986892834489283e+005  3.1298404540016836e+003  2.4820118918032967e+003  1.8885915873925233e+003  1.8885915873925233e+003  1.8885915873925233e+003  1.8885915873925233e+003  1.4691747504214090e+003  1.4691747504214090e+003  1.4691747504214090e+003  1.4691747504214090e+003  9.9525215470044122e+002
  7.0246728331781877e+005  3.8417481917263515e+005  1.6673831596464396e+005  3.0169047285546385e+003  2.4068321610166986e+003  1.6743015028667214e+003  1.5798915771086322e+003  1.5798915771086322e+003  1.5798915771086322e+003  1.5798915771086322e+003  1.5706873007382674e+003  1.5706873007382674e+003  1.5706873007382674e+003  1.3797534738218483e+003
  8.9184914674190828e+005  2.6842806283230754e+005  1.9098626083148824e+005  5.1809144868173789e+003  2.5741547384522055e+003  2.4735770889611085e+003  1.5572324496249530e+003  1.5572324496249530e+003  1.5572324496249530e+003  1.5572324496249530e+003  1.5572324496249530e+003  1.5133212343549721e+003  1.5133212343549721e+003  8.2988442185649183e+002
  3.4776062196204613e+005  1.5766526123230183e+005  1.0809688179746224e+005  2.9739377833348317e+003  2.9739377833348317e+003  1.5061413105221300e+003  1.5061413105221300e+003  1.5061413105221300e+003  1.5061413105221300e+003  1.5061413105221300e+003  1.5061413105221300e+003  1.5061413105221300e+003  1.5061413105221300e+003  8.1940380615157210e+002
  6.0238657674758020e+005  2.6374774078295898e+005  1.5056325981990897e+005  3.3740267191979092e+003  1.7973127671802013e+003  1.7973127671802013e+003  1.7973127671802013e+003  1.7973127671802013e+003  1.7973127671802013e+003  1.5543975441631555e+003  1.2021603323442760e+003  1.2021603323442760e+003  1.2021603323442760e+003  8.6920825470744785e+002
  4.3496182301710674e+005  3.0851116433354543e+005  1.2636758021489720e+005  2.7291818090099896e+003  2.7291818090099896e+003  2.7291818090099896e+003  2.7291818090099896e+003  2.0736100424944534e+003  2.0736100424944534e+003  2.0736100424944534e+003  1.9832177584239689e+003  1.9832177584239689e+003  1.9832177584239689e+003  1.0834471225968950e+003
  6.2100358794572600e+005  1.6464001048432378e+005  1.2143062865544349e+005  3.2370468889051172e+003  2.1978849939342963e+003  1.4060791768235968e+003  1.4060791768235968e+003  1.4060791768235968e+003  1.4060791768235968e+003  9.8873944639111960e+002  9.8873944639111960e+002  9.8873944639111960e+002  9.8873944639111960e+002  8.8700526959261197e+002
  1.0208019221947646e+006  2.8399359220734489e+005  1.6502058707315649e+005  3.8638980745303379e+003  1.7946860216904488e+003  1.7946860216904488e+003  1.7946860216904488e+003  1.4660715326429536e+003  1.3984776662712475e+003  1.3984776662712475e+003  1.3984776662712475e+003  1.3984776662712475e+003  1.3749343219846314e+003  1.2960017871981763e+003
  5.2688226799305668e+005  2.5063237774059540e+005  9.7542617365336686e+004  4.0454485509250044e+003  2.6522544915457511e+003  2.6436770636354295e+003  2.1788512734702108e+003  2.1788512734702108e+003  1.9530398537186684e+003  1.9530398537186684e+003  1.6754231175159621e+003  1.6754231175159621e+003  1.6754231175159621e+003  1.1613674929218505e+003
  7.8255968329407915e+005  3.0567494232301036e+005  1.4572761980647518e+005  3.4283460055329033e+003  3.2502973340645131e+003  1.8041494761718486e+003  1.8041494761718486e+003  1.8041494761718486e+003  1.2411660171771746e+003  1.2411660171771746e+003  1.2411660171771746e+003  1.2411660171771746e+003  1.2411660171771746e+003  1.0863729864838119e+003
  8.1534538674931275e+005  3.3814577151666454e+005  1.7056489778064174e+005  4.2036883353863541e+003  3.5944780428813792e+003  2.2832929360260659e+003  2.2832929360260659e+003  1.7043561752996011e+003  1.7043561752996011e+003  1.7043561752996011e+003  1.7043561752996011e+003  1.7043561752996011e+003  1.6360700299661576e+003  1.6360700299661576e+003
  1.1070921770690791e+006  2.1151910062656103e+005  1.5843300286277258e+005  2.9816900688900560e+003  2.9816900688900560e+003  2.9816900688900560e+003  2.2767452497996774e+003  2.2767452497996774e+003  2.2767452497996774e+003  2.2767452497996774e+003  2.1292974740795617e+003  2.1292974740795617e+003  1.8373139489196028e+003  1.8373139489196028e+003
  6.7248209354195627e+005  2.5753496786507117e+005  1.2756232464449415e+005  2.4917681476104626e+003  2.4917681476104626e+003  2.4338065522979114e+003  1.7442792708411844e+003  1.7442792708411844e+003  1.0169038774186993e+003  1.0169038774186993e+003  1.0169038774186993e+003  1.0169038774186993e+003  1.0169038774186993e+003  8.0347473759813010e+002
  8.7260436792460922e+005  2.0878939147220852e+005  1.2180288675093203e+005  4.0053519541715450e+003  2.0381432859607339e+003  2.0381432859607339e+003  2.0381432859607339e+003  2.0381432859607339e+003  2.0381432859607339e+003  2.0008115717070123e+003  1.4222383582324092e+003  1.4222383582324092e+003  1.4222383582324092e+003  1.4089271930913583e+003
  8.6395420150982216e+005  2.8050561899429082e+005  1.6921448622392595e+005  5.4088924386700382e+003  5.4088924386700382e+003  2.4833107752520573e+003  2.0765432427084070e+003  1.6990998761147603e+003  1.6159639287941955e+003  1.6159639287941955e+003  1.3596347716501923e+003  1.3596347716501923e+003  1.3596347716501923e+003  1.1963472092110987e+003
  7.4599015059112071e+005  2.6010995621756656e+005  1.2885084776518220e+005  3.1064834752177612e+003  2.9903867158905032e+003  2.9903867158905032e+003  1.8882087573193849e+003  1.0478688988392678e+003  1.0478688988392678e+003  1.0478688988392678e+003  1.0478688988392678e+003  1.0478688988392678e+003  1.0478688988392678e+003  8.3153507775112303e+002
  7.9107802175161266e+005  3.0891190208465676e+005  1.5486555474267295e+005  2.9217313453253428e+003  2.9217313453253428e+003  2.2899488164802551e+003  1.6639564394350882e+003  1.6639564394350882e+003  1.6639564394350882e+003  1.6639564394350882e+003  1.6639564394350882e+003  1.4349624202674586e+003  1.2827406248368861e+003  1.2821019859190083e+003
  7.7702822069861507e+005  2.7021485776440997e+005  1.5084961502116575e+005  4.8482956925720373e+003  3.1470666448930315e+003  3.1470666448930315e+003  2.6080393154256890e+003  2.1000337572291246e+003  2.1000337572291246e+003  2.1000337572291246e+003  2.0956602844713234e+003  2.0956602844713234e+003  1.7418557923189128e+003  1.0879682595319819e+003
  7.5958509235757159e+005  3.2134675338713237e+005  2.1983629377299803e+005  2.8788946319320530e+003  2.2943064032744232e+003  1.4221445443332996e+003  1.4221445443332996e+003  1.4221445443332996e+003  1.4221445443332996e+003  1.4221445244615570e+003  1.4221444306829490e+003  1.4221444306829490e+003  1.4221444306829490e+003  1.4221444212158704e+003
  1.4680090633037533e+006  3.0336668900591653e+005  1.2410702642103014e+005  2.7267419492361632e+003  2.0252350602122842e+003  1.1865991128047281e+003  1.1861342979851397e+003  1.1861342979851397e+003  1.1861342979851397e+003  1.0107825556031494e+003  1.0107825556031494e+003  1.0107825556031494e+003  1.0107825556031494e+003  1.0022606835488732e+003
  9.3834062259614293e+005  3.2889196147273947e+005  1.6058198877022232e+005  4.4358643885623751e+003  2.4425246258886664e+003  1.6698322845932707e+003  1.6698322845932707e+003  1.6698322845932707e+003  1.6698322845932707e+003  1.6698322845932707e+003  1.6698322845932707e+003  1.6698322845932707e+003  1.6698322845932707e+003  1.4009549029820228e+003
  5.8665408222026832e+005  3.1389063795755256e+005  1.3373224588438420e+005  2.8777629646699388e+003  1.7271630647351303e+003  1.1321940435679453e+003  1.1321940435679453e+003  1.1321940435679453e+003  9.7471078491121989e+002  9.7471078491121989e+002  9.7471078491121989e+002  9.7471078491121989e+002  9.7471078491121989e+002  6.3851833289151455e+002
  6.0403988740858505e+005  2.2005603037182312e+005  1.5844963549009507e+005  1.5747813643311665e+003  1.5747813643311665e+003  1.5747813643311665e+003  1.4445672562527761e+003  1.4445672562527761e+003  1.4445672562527761e+003  1.4445672562527761e+003  1.4445672562527761e+003  1.4445672562527761e+003  1.4445672562527761e+003  1.0451328783190479e+003
  4.5094721450388350e+005  1.2336048818481481e+005  8.4747277178542892e+004  4.1863297796380357e+003  2.8360778425705739e+003  2.3936710577592739e+003  2.3936710577592739e+003  2.3936710577592739e+003  1.8637103483730980e+003  1.8637103483730980e+003  1.8637103483730980e+003  1.8637103483730980e+003  1.8637103483730980e+003  1.4922470649373736e+003
  8.5159952257116744e+005  2.8089871295283380e+005  1.5155327638376187e+005  3.0103686111301340e+003  3.0103686111301340e+003  2.7303002196145271e+003  1.8475398351962012e+003  1.8475398351962012e+003  1.8475398351962012e+003  1.5951517024729092e+003  1.5951517024729092e+003  1.5951517024729092e+003  1.5951517024729092e+003  1.0403174809450247e+003
  1.1459194268714718e+006  1.0563686391299142e+005  1.0429524234558255e+005  5.9554740789680509e+003  4.3300054955794230e+003  2.9819420857489858e+003  1.5685066160105034e+003  1.5685066160105034e+003  1.5685066160105034e+003  1.5685066160105034e+003  1.5685066160105034e+003  1.5685066160105034e+003  1.5685066160105034e+003  1.4245003378359525e+003
  8.8619441695646942e+005  1.7570584957538871e+005  1.1632942776944031e+005  1.2006657436090509e+003  1.2006657436090509e+003  9.2140415660730787e+002  9.2140415660730787e+002  9.2140415660730787e+002  9.2140415660730787e+002  9.2140415660730787e+002  9.2140415660730787e+002  9.2140415660730787e+002  9.2140415660730787e+002  6.6003442466906881e+002
  3.5272982046952151e+005  2.2076669902472722e+005  8.3143869960033539e+004  3.5692736679290192e+003  2.0136294406731158e+003  2.0136294406731158e+003  2.0136294406731158e+003  2.0136294406731158e+003  2.0136294406731158e+003  2.0136294406731158e+003  2.0136294406731158e+003  9.0742667924002944e+002  9.0742667924002944e+002  9.0742667924002944e+002
  6.3197033537167206e+005  2.4724079297418118e+005  1.0674571161105082e+005  4.2288416526460114e+003  1.9290369647838043e+003  1.9290369647838043e+003  1.9290369647838043e+003  1.9290369647838043e+003  1.3907454047485244e+003  1.1292324155184797e+003  1.1292324155184797e+003  1.1292324155184797e+003  1.1292324155184797e+003  9.7021328359543577e+002
  1.2022199049577555e+006  2.6372765383202379e+005  1.3765781442370309e+005  2.3079832036201205e+003  2.3079832036201205e+003  1.8719588667725875e+003  1.5189800011389452e+003  1.5189800011389452e+003  1.5189800011389452e+003  1.5189800011389452e+003  1.5189800011389452e+003  1.5189800011389452e+003  1.5189800011389452e+003  1.4747725241712214e+003
  9.5844209040628420e+005  2.7918103822858236e+005  1.1242357701657555e+005  5.2964279145125620e+003  2.1370236537596047e+003  2.1370236537596047e+003  2.1370236537596047e+003  2.1370236537596047e+003  2.1370236537596047e+003  2.0326219999592122e+003  2.0061316372384081e+003  1.9038670572133597e+003  1.9038670572133597e+003  1.0331999956386676e+003
  1.0083161975776816e+006  3.2309476101624413e+005  1.8776016408462689e+005  5.3601595906360490e+003  4.1573024570178732e+003  2.2350188822702767e+003  2.1576234721499159e+003  1.8237058294467051e+003  1.3450025178613532e+003  1.3450025178613532e+003  1.3450025178613532e+003  1.3450025178613532e+003  1.3450025178613532e+003  8.4801333649359594e+002
  9.3924836049904767e+005  2.8796737446188187e+005  1.5517836041511057e+005  1.9020731623393376e+003  1.9020731623393376e+003  1.9020731623393376e+003  1.9020731623393376e+003  1.2220503635547366e+003  1.2220503635547366e+003  1.1455883734154904e+003  1.1455883734154904e+003  1.1455883734154904e+003  1.1455883734154904e+003  1.1455556797098361e+003
  5.8635879203534452e+005  2.3773567368811410e+005  1.3806192433547188e+005  5.2106395005249651e+003  3.2418280527856505e+003  2.3345315145924942e+003  2.3345315145924942e+003  2.3345315145924942e+003  2.3345315145924942e+003  2.3345315145924942e+003  1.9250581886971249e+003  1.4694008875583804e+003  1.4694008875583804e+003  9.5416839259795233e+002
  5.3745628932308604e+005  2.7260070990615187e+005  1.0532428135541247e+005  3.0946811567743689e+003  2.8583940991973004e+003  2.6556721970887802e+003  2.5358036118293130e+003  2.3314151401881754e+003  2.2626194384696519e+003  1.9416659272675388e+003  1.9416659272675388e+003  1.9416659272675388e+003  1.8148994796195357e+003  1.2201841336225207e+003
  8.4428405110155512e+005  2.8729763383005268e+005  9.3505011579766986e+004  5.7352705216008890e+003  2.9659262557075417e+003  2.9376759147973535e+003  2.2608224042018610e+003  1.2215957231095208e+003  1.2215957231095208e+003  1.2215957231095208e+003  1.2215957231095208e+003  1.2215957231095208e+003  1.2215957231095208e+003  1.2184960936825246e+003
  5.2422176876743662e+005  3.2315921393832442e+005  1.8864697797801864e+005  2.5755973884383602e+003  2.4363735946405486e+003  2.4363735946405486e+003  2.4363735946405486e+003  1.6741820804344006e+003  1.6741820804344006e+003  1.1580462815395304e+003  1.1580462815395304e+003  1.1580462815395304e+003  1.1580462815395304e+003  6.8157702811192485e+002
  7.2188513823820523e+005  2.5409396726812562e+005  1.5883301199970458e+005  2.1000672226172956e+003  2.1000672226172956e+003  2.1000672226172956e+003  2.1000672226172956e+003  2.1000672226172956e+003  2.1000672226172956e+003  1.6050952783018965e+003  1.6050952783018965e+003  1.6050952783018965e+003  1.2034949521157196e+003  7.7156111691791466e+002
  5.3108701071094861e+005  3.0717707869970548e+005  1.2370831501869021e+005  1.8375567446364039e+003  1.8375567446364039e+003  1.7323516575233352e+003  1.7323516575233352e+003  1.7323516575233352e+003  1.7323516575233352e+003  1.7323516575233352e+003  1.5674347014995501e+003  1.5674347014995501e+003  1.5674347014995501e+003  1.5674347014995501e+003
  8.8535431557046412e+005  3.1795873331514618e+005  1.8146595857921574e+005  3.6731835303636535e+003  2.7438399914866495e+003  2.4873316338114782e+003  1.6795586523567072e+003  1.6795586523567072e+003  1.6795586523567072e+003  1.6795586523567072e+003  1.6795586523567072e+003  1.6795586523567072e+003  1.6795586523567072e+003  1.4752210051238499e+003
