  3.0722603298823742e+002  1.3330404737507388e+002  1.2391849524000486e+002  9.1287421595236992e+001  3.5957027091162217e+001  1.1802937144879479e+001  1.0528213056995583e+001  9.1268580010896585e+000  9.0960004299965931e+000  8.8762584102646542e+000  8.5220047356058330e+000  8.3117013365965704e+000  7.8952088731559797e+000  7.3870397449393295e+000
  3.0474154707449543e+002  1.2136199389052172e+002  8.7807387738421312e+001  5.2478914149122829e+001  2.4254690276479778e+001  1.2028233169324722e+001  1.0034010604675586e+001  9.0769196952467155e+000  8.9129014758036647e+000  8.6633416323932124e+000  8.5781967645098121e+000  8.3769984073394426e+000  8.2548971847547818e+000  8.1017961791553716e+000
  3.9879262300601886e+002  1.8379818095041765e+002  9.1016822680488758e+001  9.0028464524037645e+001  3.0406114323898464e+001  1.4855959758164317e+001  1.1439888762986811e+001  1.0278779764046021e+001  9.6570103376620864e+000  9.5557922337607124e+000  9.2876762070704899e+000  8.9727707752085735e+000  8.8365726415602239e+000  8.8185520951603849e+000
  2.2067109819659299e+002  1.7128203524901392e+002  9.9749785839759625e+001  5.8122241080744743e+001  2.3811363241542949e+001  1.1617882417765941e+001  1.0526115490626580e+001  1.0388310920420281e+001  9.8547689490314951e+000  8.9559909945160143e+000  8.7063725099667408e+000  8.4883013029414087e+000  7.9005790440846795e+000  7.6617743191450245e+000
  2.7261654589959517e+002  1.4426570927963280e+002  9.7722670900184539e+001  7.5591808498403907e+001  2.8143616953427909e+001  1.5469364244740973e+001  9.4708944762182909e+000  9.4560378779524399e+000  9.2850301413102443e+000  8.8086078412695770e+000  8.6051572178587321e+000  8.5908684793005250e+000  8.5154756481081222e+000  8.3013200926070567e+000
  2.8535296583612262e+002  2.0649037573112491e+002  1.0968805251086928e+002  1.0086617740619909e+002  4.5590383498048595e+001  1.4141138350670872e+001  1.0731557584943857e+001  9.2511930982877857e+000  9.0905724682381788e+000  9.0010642875372469e+000  8.9123878177861116e+000  8.8942163373953917e+000  8.8429744671025219e+000  8.7028882830418297e+000
  1.9773023602406874e+002  1.0894617292452176e+002  5.6583071732608687e+001  3.8942075241862312e+001  2.6854047578217433e+001  1.3774111243258403e+001  1.0560805561739926e+001  9.2827274532871797e+000  8.6580667854159401e+000  7.8645343115560991e+000  7.7742313571131945e+000  7.7294858151381050e+000  6.7961238206110011e+000  6.6641088239032342e+000
  2.1100697753591703e+002  1.5631834509430564e+002  9.8263463322205780e+001  6.6075146299534936e+001  2.6403479900725642e+001  1.3040773418851359e+001  1.0379155343564435e+001  9.9679906730061703e+000  9.1723782504725477e+000  8.6705436291315436e+000  8.5453003826316944e+000  7.6951860802591909e+000  7.1233060385084173e+000  7.1233060385084173e+000
  2.2681755155686278e+002  1.4509447965452637e+002  7.1549990877012306e+001  6.3291915305076600e+001  3.3205994937095511e+001  1.3306471543287444e+001  1.0104734308616571e+001  8.7484406942510304e+000  8.3631567407780949e+000  7.7885461268379004e+000  7.7885461268379004e+000  7.5856641437785584e+000  7.5856641437785584e+000  7.3524072124582744e+000
  2.6945203751242025e+002  1.6852693961261912e+002  1.1105862441865179e+002  8.1324731926956247e+001  2.2852470190186068e+001  1.2529334243759195e+001  1.0244571036128718e+001  9.8668460817718824e+000  9.4230169837383073e+000  8.6799080885339208e+000  8.4541633495337010e+000  8.3167350664714377e+000  8.0596951887216619e+000  7.8951844079965667e+000
  2.3222744826228973e+002  1.5172609248615117e+002  6.0020676410914803e+001  5.0012398963483292e+001  2.0414979285478012e+001  1.2653236871982926e+001  9.7014338366416268e+000  8.9664156916619504e+000  8.8636336278602812e+000  8.3391368867066831e+000  8.3273327122167302e+000  8.0506331095161840e+000  7.9448128566691594e+000  7.4825477078925360e+000
  2.9554233936490573e+002  1.3743190642341392e+002  8.8149297140549379e+001  5.9219193751770035e+001  2.6443544252389756e+001  1.1982281136214624e+001  1.0833969825191389e+001  1.0269276133503809e+001  1.0069217421500980e+001  9.9256446621452596e+000  9.6170725213323749e+000  9.5343682797283691e+000  9.1183984088263514e+000  8.5619667924358964e+000
  3.0377021599622094e+002  1.3607133550241997e+002  1.0276452186886399e+002  7.9848360271040747e+001  2.3420064406647498e+001  1.2319563804223890e+001  1.0917146929701858e+001  9.7185018326883892e+000  8.9182138374392252e+000  8.6846863194350590e+000  8.4761461435643923e+000  7.7084859842073001e+000  7.6671841942493302e+000  7.4380894624255234e+000
  2.7260686218052979e+002  1.4915716436014554e+002  9.8729249986685772e+001  6.7689054886920530e+001  2.7088748279240690e+001  1.4121512652360934e+001  1.1764248177596301e+001  9.3543277977801154e+000  8.8706484423291840e+000  8.6767801635248816e+000  8.5989098548359379e+000  8.5682361247529570e+000  8.5168477476236149e+000  8.4325638634975348e+000
  2.4307371545759452e+002  1.3255420066924876e+002  9.4325851181879671e+001  7.7328376658397019e+001  2.6656838563294968e+001  1.3743954251542391e+001  1.0868820759032133e+001  1.0457623643691932e+001  9.4241414505413559e+000  8.5491986902525241e+000  8.2378321596947899e+000  7.8859128468682229e+000  7.8083917064723209e+000  7.3729734534267664e+000
  2.6279562352544008e+002  1.6893980655863652e+002  1.1086366819131104e+002  8.7818641977303741e+001  3.2994174420497984e+001  1.4226805760215939e+001  1.0878872038957525e+001  1.0464034855913496e+001  1.0258714064924334e+001  9.1253221743484119e+000  8.4679256508070466e+000  8.3815601977626102e+000  8.3607402428363002e+000  8.3023463980782708e+000
  2.6551037946859196e+002  1.6467339414856588e+002  1.1345829846074525e+002  4.8667776025375815e+001  2.7659376904638748e+001  1.1918043733238619e+001  9.6523644851351946e+000  9.2012107064870179e+000  8.4451056902282744e+000  8.4451056902282744e+000  8.4256138282241864e+000  8.2559636708458584e+000  8.2408096922054028e+000  7.9613485747906907e+000
  2.4018202334052785e+002  1.2029145832108748e+002  7.9625558526000532e+001  6.7437813511141485e+001  2.4664791130104732e+001  1.4303823352833888e+001  9.4562142238387423e+000  8.4667148214141434e+000  8.1009474346103616e+000  8.0518016178389189e+000  8.0395570270607095e+000  8.0388230900794042e+000  7.9043809452277856e+000  7.8840915755245078e+000
  2.1850987995975220e+002  1.5281852984796888e+002  1.0532672447775508e+002  6.7357500617580172e+001  2.4309170960242454e+001  1.1408346856224625e+001  9.7991314868811514e+000  8.8227861798600316e+000  8.8042359236237644e+000  8.3908415371136016e+000  7.7699881314790673e+000  7.6213966648001588e+000  7.5866371057966262e+000  7.5832279802627909e+000
  2.1862848306739079e+002  1.2996423055793002e+002  8.5945973363541043e+001  7.7974494917117227e+001  2.5996424445482489e+001  1.3411923111877286e+001  1.0870668087829927e+001  1.0212302068181543e+001  9.8666338498680943e+000  9.8426714296031150e+000  9.6023583919838984e+000  9.2510032062818937e+000  9.2078980089854667e+000  8.8789070126758816e+000
  2.6114143512110104e+002  1.6876890049102212e+002  1.1155074320257063e+002  6.3923042533319403e+001  2.9518259091442133e+001  1.3951968743842144e+001  1.1690288866871242e+001  1.0666785721017504e+001  1.0075105102424914e+001  9.9684725550400799e+000  8.5674101349602552e+000  8.2069410669455465e+000  8.1606739259634651e+000  7.8645085195655611e+000
  2.5846531587060872e+002  1.0212623392956857e+002  8.7529144279859565e+001  7.2689716389580326e+001  3.9513229424806923e+001  1.3906692109065489e+001  1.0720121590202325e+001  9.3383052318758928e+000  8.7448989767024159e+000  8.7386789519123340e+000  8.6535294500613418e+000  7.8821054467675822e+000  7.5264603595951485e+000  7.2177068165510718e+000
  2.8231517098129507e+002  1.1455753346716278e+002  8.4984593086143377e+001  7.3163639689017828e+001  3.2660022730204673e+001  1.4778152826952692e+001  8.8177272731390985e+000  7.9260462521608588e+000  7.4897570577907118e+000  7.4634751330445397e+000  6.9499244945573082e+000  6.1852261392466517e+000  5.9915541502659835e+000  5.5584543352592846e+000
  2.5897571745830601e+002  1.5233981001833354e+002  1.1139270092015818e+002  8.7569517535212754e+001  2.7027481514941655e+001  1.1320069021912786e+001  1.0566201988403009e+001  9.2837952816105371e+000  9.0375148618072672e+000  8.4786794949138766e+000  8.3946221354788122e+000  8.3944105213395233e+000  8.2407478994086887e+000  8.2322607087266988e+000
  2.4399128948239559e+002  1.3734075863997964e+002  8.5074402508835647e+001  8.4320794526000327e+001  3.2023922203842176e+001  1.5683537268203509e+001  1.1468978771225693e+001  9.8068663620040297e+000  9.4873396806078745e+000  9.4699862439435947e+000  9.2161794464714148e+000  9.1970651361054934e+000  9.1801348687149584e+000  9.1392371630918205e+000
  3.0959398732198133e+002  1.6724787372104674e+002  1.1555444345566048e+002  7.5773198611205089e+001  2.9874615236560885e+001  1.2208031633856763e+001  8.2797453206667342e+000  7.9194689664409452e+000  7.5843396113443760e+000  7.5628197916228146e+000  7.4547960800020974e+000  7.4230577952741896e+000  7.3993719245950160e+000  7.3196016910537764e+000
  3.1505245665948860e+002  1.3098176364768256e+002  6.9868214401745945e+001  5.4482456476405332e+001  1.9634351333613722e+001  1.0604606117065259e+001  9.4668748690376106e+000  8.8453138062220660e+000  8.6169337354613162e+000  8.2637406823464516e+000  7.5139459219863056e+000  6.9642838605543602e+000  6.8930934741315468e+000  6.8447350303104031e+000
  2.3734214449629553e+002  1.0293625004421006e+002  9.2208667020742269e+001  5.0398800843110621e+001  2.8785504166754436e+001  1.3258649303535094e+001  1.0705634234393528e+001  8.7633815906958716e+000  8.5606779687657308e+000  8.0788707335098024e+000  7.8859775359733248e+000  7.8761060363415254e+000  7.5881738371033407e+000  7.4952887861193176e+000
  2.5224046987807696e+002  1.4306879286490948e+002  1.2180558042839834e+002  1.0212203929497082e+002  4.4148930169904361e+001  1.6410311401815761e+001  1.0121947732982790e+001  8.6037504692990296e+000  8.2870293099597347e+000  7.9687254307802959e+000  7.3976646435235125e+000  6.7886802764860477e+000  5.8305115311445661e+000  5.1635496441035684e+000
  2.1924426781786178e+002  1.1729630694578236e+002  6.6524016293328714e+001  5.4888183238644388e+001  1.9576380115042639e+001  1.1714090495682285e+001  1.0228934700752916e+001  9.5219819391566034e+000  9.1383998696344406e+000  8.3828787651759740e+000  7.6489904895208838e+000  7.6310249036594087e+000  7.6110839910613777e+000  7.4755172455106731e+000
  3.6889779703729346e+002  1.3742802590275983e+002  1.0508106911574555e+002  6.8869533739859662e+001  2.5997978684630198e+001  1.4296320095314059e+001  9.2004183684891814e+000  9.1815859864441336e+000  9.0633067713288256e+000  8.9534293966503355e+000  8.3592650711923397e+000  8.2604476512460678e+000  8.2604476512460678e+000  8.2604476512460678e+000
  2.8342731889063543e+002  1.1921045495032240e+002  5.1414605860786878e+001  4.4954894104340838e+001  2.2764497644611311e+001  1.2638636336524542e+001  1.1508002926098015e+001  1.0344591513787918e+001  9.1794395897525192e+000  8.1917907136491976e+000  8.0181567811484911e+000  7.7069408422569268e+000  7.3000672211148867e+000  7.3000672211148867e+000
  2.9156013593353100e+002  1.2498995544638115e+002  7.7446265621072371e+001  6.3366586669166736e+001  2.7940007385864874e+001  1.3421852317633920e+001  1.0560152944948413e+001  1.0231901202835161e+001  9.5280429318684128e+000  9.2872747560488733e+000  8.8897506214718760e+000  8.2090799555746798e+000  8.1263304860674452e+000  7.9390343702934842e+000
  3.2555962915562623e+002  1.3787084299768549e+002  1.1250466955095862e+002  5.1820868086545488e+001  2.8999307354484927e+001  1.1442892793266537e+001  9.9675090989746877e+000  9.5382587023004817e+000  9.3122937947284754e+000  9.2221039471282893e+000  8.9873265112191802e+000  8.6857995903328629e+000  7.8247049901945047e+000  7.3089276636524119e+000
  3.6392044903853775e+002  1.4022110902539043e+002  9.4010247631561015e+001  9.1898446668476254e+001  3.6994151460835155e+001  1.2983463597259288e+001  1.0474347600903002e+001  9.9741641317414178e+000  8.9786328459811102e+000  8.5870470347663286e+000  8.0307902781050871e+000  7.7538717334289231e+000  7.6114574536754844e+000  7.3974484085997574e+000
  2.0519887994069768e+002  1.5145899344000463e+002  1.0709681848480159e+002  8.9521923284588865e+001  2.7408922531879170e+001  1.4562514274217847e+001  1.0016949393379718e+001  9.7376470042136134e+000  9.2180305794033757e+000  9.0588398639526986e+000  8.5894633452994640e+000  8.1909056217241414e+000  7.8965785777800193e+000  7.3898776142114002e+000
  3.9483979290002299e+002  1.4945086485872844e+002  9.9540767157176560e+001  7.8911972526145973e+001  4.6365567802831947e+001  1.2359608882378780e+001  1.0074557027017136e+001  8.4962537980497927e+000  8.2922522130256766e+000  8.1280800516847194e+000  7.9296739009280373e+000  7.9296739009280373e+000  7.9152810049799882e+000  7.6357817817747673e+000
  2.7009261165389398e+002  1.0945000387905111e+002  8.2180015301928961e+001  6.2411531919715344e+001  2.1710915369331133e+001  1.2007430850610945e+001  1.1511758065124241e+001  9.6149881679241389e+000  9.2116873950049012e+000  8.2846342663199266e+000  8.2714061811609554e+000  8.2058301540359935e+000  7.9561965422126377e+000  7.6212659023976812e+000
  2.6972091908026323e+002  1.5581803470233035e+002  1.1852840095989836e+002  8.2499164476495253e+001  4.0491147389040407e+001  1.3952701310970497e+001  9.2190984926724013e+000  8.8127011561948621e+000  8.4999889135783633e+000  8.4124653153974123e+000  8.4100814090211315e+000  8.4079342159166117e+000  7.7947914632545690e+000  7.1397669630853215e+000
  2.9414846692687070e+002  1.4951331392436941e+002  9.0915045470183486e+001  7.4059169228331939e+001  2.7520541669513022e+001  1.1162856766452478e+001  9.6915934412020306e+000  9.3211772771953747e+000  8.8933530716003588e+000  8.7313659010953870e+000  8.5282935653719960e+000  8.5142367060855122e+000  8.4096553308004331e+000  8.3112430822986880e+000
  2.5038389584038214e+002  1.3465236756547847e+002  9.1109063293600911e+001  6.4367257899513106e+001  2.2546012979844136e+001  1.2077586851091155e+001  9.7662913607696282e+000  9.2357300967114497e+000  8.7788515722459124e+000  8.0595694864266534e+000  7.7229600343196125e+000  7.6434454923614794e+000  7.3989409087275817e+000  7.3554274620735214e+000
  3.1289434390920133e+002  1.3156849951307277e+002  8.3786767876575595e+001  8.1845746133071998e+001  2.1883449516005612e+001  1.3546442481716440e+001  9.7479895216583827e+000  9.3708725601431979e+000  8.6866084595992561e+000  8.1088659244778682e+000  8.0107237229692601e+000  7.9712225273704007e+000  7.9572923764078496e+000  7.6147937437795008e+000
  2.6062087328731968e+002  1.2091945546998272e+002  8.1109303091425545e+001  7.0526438864697411e+001  2.7400214644199423e+001  1.2024452957795120e+001  9.7857858428853888e+000  9.3317019017636085e+000  8.8037307696133666e+000  8.6884632515805151e+000  8.6197321649826790e+000  8.4404123672882179e+000  7.9490079167705971e+000  7.8326400135936183e+000
  2.6373848356259032e+002  1.5939129394879410e+002  1.0702292769711471e+002  9.3394428165935778e+001  2.7900925886712457e+001  1.4286174680868498e+001  1.1425006845229746e+001  1.0529430561225809e+001  9.6660560890643410e+000  8.7450265599134127e+000  8.6672168061695629e+000  8.3178941695098274e+000  8.1889533438027229e+000  8.0070582596808890e+000
  2.0642356620456940e+002  1.4709091427098429e+002  9.9170646766063783e+001  7.5867803550099097e+001  4.8000544675493529e+001  1.4047569777023455e+001  1.0757145004936319e+001  1.0029284043857615e+001  9.3448203019931952e+000  9.0663203104174954e+000  8.1086304623711385e+000  7.9968374573211349e+000  7.9862258972552809e+000  7.3836276444014857e+000
  2.6180037190104622e+002  1.2729571155414260e+002  9.9064853523118927e+001  5.8145700862191234e+001  2.8062292008006807e+001  1.2415655083390675e+001  1.1398497452353467e+001  8.4650849603690403e+000  7.9765008738213510e+000  7.9665982911353694e+000  7.7530422206218645e+000  7.6219821263835001e+000  6.9344885336677180e+000  6.4962878789449405e+000
  2.4296571412635922e+002  1.1613286613910145e+002  6.1390943655423825e+001  6.1051086103021817e+001  2.7688682351307079e+001  1.0473638998737670e+001  9.6470074356082023e+000  9.0571060476975163e+000  8.7587803864885245e+000  8.4651676876542297e+000  8.0746257153223269e+000  7.8799711435499376e+000  7.7210056444107522e+000  7.6947360886649676e+000
  2.0506378419177690e+002  1.3239454438652660e+002  1.1129547671376167e+002  6.9485069723200468e+001  3.3909415774397075e+001  1.7216998753385496e+001  1.2164085247371531e+001  1.0484590266699342e+001  9.6962155533603891e+000  8.5415869508681226e+000  8.3720835311671635e+000  8.1477802749707280e+000  7.7133424992259734e+000  6.9075725938807864e+000
  2.6565661605768128e+002  1.6086832278184920e+002  9.3132375240856391e+001  8.5287800025587330e+001  3.7816957769559622e+001  1.3251277407959606e+001  1.0755827191217804e+001  9.8469915863008737e+000  9.7056114636225175e+000  9.0250748268047118e+000  9.0209525009324807e+000  8.9294034801346243e+000  8.6472589311688353e+000  8.2620616227304708e+000
  2.3023995734143591e+002  1.4592898325356305e+002  1.0707383004892927e+002  5.8539653184953295e+001  3.3627220179688948e+001  1.3039259688113589e+001  1.0160434716254940e+001  9.7001607558399883e+000  8.5097487907503364e+000  8.1334483302134686e+000  8.1039303374520841e+000  8.0479965771805837e+000  7.9857508017141754e+000  7.8797815024061038e+000
  3.1432921507216179e+002  1.2163466013871880e+002  6.4674562704617983e+001  6.1388296760328330e+001  2.0653683446231526e+001  1.1852973078106288e+001  1.0344757672364494e+001  9.6534560000832244e+000  9.6131780371306377e+000  9.0598238251868679e+000  8.9007409202044983e+000  8.8673484058513168e+000  8.8500222976717851e+000  8.0365823013476074e+000
