  1.5281421277054205e+009  4.3387500051575321e+008  1.2713403590548301e+008  3.2538100175965292e+002  2.8918048640205234e+002  2.0256681980560506e+002  1.2612271912361598e+002  1.0918092390040465e+002  1.0576554606712580e+002  9.0352562305577749e+001  7.5453985500934095e+001  7.4925568062617003e+001  6.4252172500814595e+001  6.4252172345789631e+001
  2.7637961119214358e+009  5.4933015550359917e+008  1.1043211470826945e+008  3.2721415500937883e+002  2.7537212894664481e+002  1.9871187952088439e+002  1.8850890651662053e+002  1.2909005684833505e+002  9.2354803040054094e+001  8.2172544618562142e+001  7.5691371681145938e+001  7.3144097669477787e+001  7.2519303780351720e+001  7.1619911988753756e+001
  2.8591256042062392e+009  4.8766003915459818e+008  1.6557660487482205e+008  5.0780711237647893e+002  3.9109325198208126e+002  2.6752245532179541e+002  1.9748991899817952e+002  1.8818819984372294e+002  1.0481215782113895e+002  1.0296644555531975e+002  9.9272141873374039e+001  9.8283650017155423e+001  9.8283650017155423e+001  6.9341870370579272e+001
  1.9651851774875486e+009  6.0372065254997790e+008  9.2171711592892289e+007  2.3639941029959027e+002  2.3256554499864160e+002  1.3840646367890417e+002  1.2543160780023754e+002  1.2346245178389586e+002  1.2346245178389586e+002  1.1040909619291756e+002  1.0564603101722560e+002  9.0486682595227421e+001  7.9803734138902200e+001  7.4819547106565551e+001
  2.0422248761875982e+009  4.7183908793482798e+008  1.1968012759214985e+008  5.3906155305817629e+002  3.8450175652673579e+002  1.6003537436807687e+002  1.2317070127911234e+002  9.2865342578294303e+001  9.2865342578294303e+001  9.2865342578294303e+001  8.9846190130491323e+001  8.9303041141391532e+001  8.8809884494438620e+001  8.8809704860323109e+001
  2.4641689434047890e+009  4.3968610201328135e+008  8.9066338013275489e+007  3.4065551832036772e+002  1.7646275346687844e+002  1.2757541635317466e+002  1.2380799405836137e+002  1.1101809989141293e+002  9.3237821033606906e+001  7.5747428014421757e+001  6.8519363673563475e+001  6.8293706323782772e+001  6.8293705771793839e+001  6.6273173392976560e+001
  1.9573138325717664e+009  8.1002741846554756e+008  1.2260294841745137e+008  5.0541555348791826e+002  3.2766724878346577e+002  1.5127518216936869e+002  1.5127518216936869e+002  1.3164753691757005e+002  1.2328043714160822e+002  1.2328043714160822e+002  7.5756455716950086e+001  6.6855753545166181e+001  6.6855753545166181e+001  6.4086724325888099e+001
  3.9161890454109888e+009  6.5545358665165675e+008  1.8916753712554818e+008  4.2720380800401108e+002  3.7982948998686470e+002  1.3804882404680143e+002  1.3690061507834889e+002  1.2705338920270970e+002  8.9191207755459800e+001  8.7653656564101539e+001  8.7653656564101539e+001  8.7104554381199932e+001  8.3977507440409227e+001  8.1851914038869381e+001
  2.7326208426767030e+009  7.1022368054971910e+008  1.5253918573275286e+008  3.8400801990531636e+002  2.3835310525130603e+002  1.6161693178140399e+002  9.3776883012180861e+001  8.8967533228377306e+001  8.7940491625851337e+001  8.7852361945701659e+001  8.3852153701728412e+001  8.2065144904375757e+001  8.2065144904375757e+001  8.0230972341967117e+001
  2.5558137683288980e+009  3.1193558275497562e+008  9.5101165837067261e+007  2.6654106034314509e+002  2.4224492626518850e+002  1.8585441614235151e+002  1.5119990795171270e+002  1.5119990795171270e+002  8.8452663723599926e+001  7.5954660227581371e+001  6.1885517658854951e+001  6.0681622393505450e+001  5.9722771865133382e+001  5.9722771540644089e+001
  1.1181726154955139e+009  2.9440965678173113e+008  1.7402570865061527e+008  4.4721892001988135e+002  3.1266775653943387e+002  2.5476809627149214e+002  1.3769782195399625e+002  1.1612987393017556e+002  1.0273619135998615e+002  6.9705233867901143e+001  6.9705233867901143e+001  6.5734533729625355e+001  6.5734533729625355e+001  6.4057628385499356e+001
  4.3955034516121130e+009  5.7552935199199331e+008  1.6201216285434771e+008  4.0273434845376687e+002  3.6962557457245748e+002  1.5454131974586358e+002  1.4558243057502273e+002  1.1839868764470657e+002  1.0666617675407292e+002  1.0247787214084565e+002  8.9443513398605774e+001  8.9373884423563140e+001  8.9373884423563140e+001  5.6338815088826323e+001
  2.4570668548757510e+009  6.4548275900388896e+008  1.5217449557066998e+008  2.9013929841332447e+002  2.8743021656367500e+002  1.5701393789405984e+002  1.4545491496576506e+002  1.3727725131987813e+002  1.3727725131987813e+002  1.3374746943657374e+002  1.3238986258049476e+002  1.3101012163912014e+002  1.2892265766469836e+002  1.1357054518901123e+002
  1.9430548562299492e+009  6.4776915900837505e+008  1.6170870486115962e+008  3.3608940109832020e+002  2.9781359274325587e+002  1.5567510058031280e+002  1.4937010899201914e+002  8.0200527275362674e+001  8.0200527275362674e+001  7.6594700026688770e+001  6.8401217040810934e+001  6.7695587576085245e+001  6.6951848157818858e+001  5.3982176449534336e+001
  4.2965389964254456e+009  6.8181543247060728e+008  1.4612123906423977e+008  3.2102163575529221e+002  2.8239543936728569e+002  1.2484830169821544e+002  1.2194062740898107e+002  1.1780706449157469e+002  1.1652560489028178e+002  1.0346876660977819e+002  8.2117644343618394e+001  8.1452999087179023e+001  7.6445575549854766e+001  7.6445526390097484e+001
  2.8392722613449111e+009  4.6670105259429771e+008  9.6914522555338964e+007  3.9781121328481458e+002  1.8524789197058362e+002  1.5422424610056100e+002  1.4944517797929916e+002  1.4944517797929916e+002  1.2143949210100800e+002  9.0877677305518773e+001  8.8946886185910444e+001  8.5318833808337786e+001  6.9878578430356811e+001  6.9878198629910685e+001
  2.8903916448923273e+009  4.6200786598151666e+008  7.7015704089346156e+007  3.0645949342878157e+002  3.0645949342878157e+002  2.2688240309432967e+002  1.4090844432301947e+002  1.2521461951404513e+002  1.0894868745608665e+002  9.4309377545035886e+001  8.9303753139681703e+001  8.9303753139681703e+001  8.8377931143317483e+001  7.2499352698096118e+001
  2.7543134330881486e+009  3.4041132572926265e+008  1.3574312638556281e+008  2.3083906369256511e+002  1.8547035609045861e+002  1.8547035609045861e+002  1.3235342486830018e+002  1.0493965776878144e+002  1.0493965776878144e+002  9.3904701887687224e+001  7.3410440764482246e+001  6.9792129172082696e+001  6.8909771072245121e+001  6.6837549515495539e+001
  4.1201185624156289e+009  4.1260210511474007e+008  1.4154771984592956e+008  4.1858250685538405e+002  3.1363743343754732e+002  1.7999244364072570e+002  1.7999244364072570e+002  1.3377256613789496e+002  1.0196078394040160e+002  1.0196078394040160e+002  1.0041487649143232e+002  1.0041487649143232e+002  9.8201069145743304e+001  9.0283051251275083e+001
  3.4217624495843282e+009  3.1815504063884866e+008  1.0444660226688622e+008  4.7975986129981993e+002  2.7895524385367798e+002  1.5134960994105518e+002  1.2332533632014429e+002  1.2332533632014429e+002  1.2325621111286523e+002  9.6313239234086041e+001  8.3125520603791301e+001  7.2548873897358135e+001  7.2548873897358135e+001  5.2417078155626996e+001
  4.1608581048943157e+009  5.8002444591208529e+008  8.0765800452489167e+007  4.0930599962321321e+002  1.6951531255142572e+002  1.2718390304445893e+002  1.2718390304445893e+002  1.2385759644110203e+002  1.2298511147671570e+002  1.2212312655118080e+002  1.1599558553997576e+002  1.1166181101666530e+002  1.1166181101666530e+002  1.1166164669693262e+002
  3.4223243384630637e+009  6.1325421268288374e+008  1.1823133136326718e+008  3.9599899711171065e+002  3.1681804026400550e+002  1.7051264396845750e+002  9.2833390184685641e+001  8.9464941669166137e+001  8.9464941669166137e+001  8.8876380773715709e+001  8.8035558482014039e+001  8.3400491063742948e+001  8.2140556121881218e+001  8.0794596309229064e+001
  2.5380398510537701e+009  4.3328602832956946e+008  1.3039627305149251e+008  4.0365337065705171e+002  3.4991877316180535e+002  1.9440379788698647e+002  1.6589029350378814e+002  1.5114271720686952e+002  1.5109688471630170e+002  1.3746816715529781e+002  1.3617900899880897e+002  1.3617900899880897e+002  1.3366890506746904e+002  1.3153763586160630e+002
  2.8387893512055392e+009  4.6149094876996696e+008  1.1242329050310507e+008  3.1271570230617908e+002  2.8969827724577999e+002  1.5743619771566068e+002  1.4953569281738100e+002  1.1579606288158288e+002  1.0808855559551421e+002  1.0712059108597578e+002  1.0156530239026392e+002  6.1888136577799514e+001  6.0725482682431220e+001  5.6781807417840810e+001
  3.1449532282989302e+009  5.9545273368500459e+008  1.1613532553006369e+008  3.5945526905848328e+002  3.1558812802513421e+002  1.5292826726612884e+002  1.4704542831346430e+002  1.4064011532035897e+002  1.3084927965652901e+002  1.3057217610091311e+002  1.3057217610091311e+002  7.6004612874889972e+001  7.6004612874889972e+001  7.0508584505567114e+001
  3.1476015384274144e+009  5.3229245202366340e+008  1.5797520309274048e+008  2.7468611010404766e+002  2.6924894625947445e+002  1.8865099766511207e+002  1.4024271569956454e+002  1.1699412756300399e+002  1.1699412756300399e+002  1.1064370952992203e+002  1.0958254693567324e+002  1.0651604308520314e+002  1.0651604308520314e+002  1.0453456075567715e+002
  2.4499301216643767e+009  3.8217147675403982e+008  1.7319705335125944e+008  2.9467397728695823e+002  2.6091803902089214e+002  1.0815386373731326e+002  1.0665288602555279e+002  1.0659760317487758e+002  1.0571440449347097e+002  1.0561616914769866e+002  1.0121291408151728e+002  1.0121291408151728e+002  1.0121291408151728e+002  9.7851921577996791e+001
  2.1965504571856027e+009  2.3651056043740618e+008  1.2226276908893345e+008  3.1408135997363161e+002  2.6142971392253412e+002  1.9229627045434063e+002  1.4843128203011634e+002  1.2988242826644546e+002  1.2988242826644546e+002  1.2387711010755606e+002  9.5261013056860065e+001  8.7690978392873831e+001  8.7102600071920506e+001  8.7102600071920506e+001
  1.1493030135815465e+009  4.0202367275797862e+008  1.2203434028140238e+008  4.7841812258407117e+002  2.0411236466477408e+002  1.8570350525153458e+002  1.7636954809273948e+002  1.4537596594815568e+002  1.0406269253780806e+002  9.4551336528445972e+001  8.7588596101521944e+001  7.3245385375724936e+001  7.0353241843997921e+001  6.9211135516702825e+001
  2.9845364125451641e+009  4.5182541093763000e+008  1.8198703453810120e+008  4.0233217250756343e+002  3.7473958274539700e+002  2.6994973202900883e+002  2.4577667782048570e+002  8.3985951642828923e+001  8.3863155379855016e+001  8.1447755009135790e+001  8.1447755009135790e+001  8.1447755009135790e+001  8.0316992999936929e+001  5.0222788296494400e+001
  4.3353621170985785e+009  4.1309983613496822e+008  6.5834317914314725e+007  3.7545218519457558e+002  2.5460290265107415e+002  1.5466124646064804e+002  1.4794184671017229e+002  1.4794184671017229e+002  1.4656589053464813e+002  1.2713487470753785e+002  1.2713487470753785e+002  1.2713487470753785e+002  1.0870957240082453e+002  8.5782354912185838e+001
  2.5220487526340981e+009  3.5406905172465813e+008  1.2015502272067556e+008  4.1931298865740519e+002  2.9922565993412491e+002  1.0232036446820780e+002  8.8444929810484609e+001  8.8444929810484609e+001  8.4350465271284520e+001  8.1285486853792690e+001  8.0018189155793607e+001  8.0018189155793607e+001  8.0018189155793607e+001  8.0018188824710705e+001
  3.3266777449730844e+009  5.5387894829458177e+008  1.5572899705326244e+008  3.6485212161608706e+002  2.1566815137949106e+002  1.8475989196286218e+002  1.2720320898987757e+002  1.2720320898987757e+002  1.1969053742138044e+002  1.1577813264271094e+002  1.1457812584224121e+002  1.1457812584224121e+002  1.1457812584224121e+002  1.1457811631346362e+002
  3.2929419964595141e+009  3.8278007816689593e+008  1.0295253568785349e+008  3.4882599643327376e+002  2.8319859432569547e+002  1.2464250062594670e+002  1.0495228881102980e+002  1.0077431937727351e+002  9.9357966691997945e+001  9.9357966691997945e+001  9.4504706702971816e+001  9.4504706702971816e+001  9.4188590444933652e+001  8.3341485880963546e+001
  2.8448531289124379e+009  8.5687262368202090e+008  1.8712101147516921e+008  2.5357458376026352e+002  1.6371516984702635e+002  1.1385725502390483e+002  1.1335169717264648e+002  1.0953070505820642e+002  1.0953070505820642e+002  8.3545367983210781e+001  8.1912351266333644e+001  8.1912349535607973e+001  8.1782342788971846e+001  7.9270418964351620e+001
  2.7579550453681378e+009  3.6875731254415357e+008  1.2869932930794813e+008  2.4686873648400547e+002  2.2409365473753815e+002  1.6408120416572956e+002  1.5959344066083372e+002  1.5439527194181642e+002  1.1771951547961157e+002  9.9840924025776303e+001  9.1247726785947407e+001  8.3873903706833062e+001  8.2376927938351855e+001  7.2866096752462454e+001
  3.5952547440429540e+009  5.0148845437859809e+008  1.0640702021877685e+008  3.7534045620549523e+002  3.4248142907433385e+002  1.4703444024360147e+002  1.4512262795058905e+002  1.0628679513615270e+002  1.0353209325084572e+002  1.0030849843732426e+002  1.0030849843732426e+002  8.8865047555427736e+001  7.9850339058477175e+001  7.9850330809987099e+001
  3.1638331280113564e+009  5.0622998280270195e+008  1.6479322102478835e+008  3.7998047365144657e+002  2.6700420353514937e+002  8.1849385996736828e+001  8.1849385941044829e+001  6.8215438647498786e+001  6.2681724803504949e+001  6.2681724803504949e+001  5.0888004028392288e+001  5.0888002646825953e+001  5.0888002646825953e+001  4.6461174885909031e+001
  2.8591271516376839e+009  4.8057884753639030e+008  1.1256093377160762e+008  3.1753959462756393e+002  3.1753959462756393e+002  1.7485326358839461e+002  1.7485236421717832e+002  8.2184765529447304e+001  6.3777490675755416e+001  6.3777490297547047e+001  6.0879381218509025e+001  6.0879380929813124e+001  6.0511110358404721e+001  5.6820058806840507e+001
  3.4638365617504678e+009  4.2000242702484822e+008  1.2840891593124302e+008  2.5111489272374956e+002  2.3536110692695183e+002  1.4601650363863996e+002  1.4601650363863996e+002  1.4287003531511937e+002  1.3673135196948579e+002  1.3673135196948579e+002  1.3323015234535819e+002  1.2992324310873710e+002  1.1743227855812665e+002  9.2971281171276360e+001
  2.3867293994053221e+009  4.4247735065410632e+008  1.2885584309758335e+008  2.8746340154679592e+002  2.8597449156432958e+002  1.2266089757917439e+002  1.2266089757917439e+002  1.2266089757917439e+002  1.0132478603885738e+002  6.8313058169938586e+001  6.8313058169938586e+001  6.8313058169938586e+001  6.3718331400684519e+001  6.1642022614555572e+001
  3.3306107930769987e+009  5.6812613422256172e+008  1.4348739358823651e+008  2.6775868022642635e+002  2.5505476252385688e+002  1.9082602177413150e+002  1.7638005837712626e+002  1.3980086816305493e+002  1.3980086816305493e+002  7.2340626210602295e+001  7.2071872206879334e+001  7.1128060425290869e+001  7.1128060425290869e+001  6.6971788576204972e+001
  2.2049482970837770e+009  3.9337709501397622e+008  1.6383679138373610e+008  1.3602321009850539e+002  1.1830844370793852e+002  1.1461638031779512e+002  1.0258746854267770e+002  1.0258746854267770e+002  9.4059459006479528e+001  9.4058037032609263e+001  9.4058037032609263e+001  9.4058037032609263e+001  8.7019208907805250e+001  8.7019205593597690e+001
  2.8370788235152493e+009  3.8253318786591488e+008  1.1305696912518576e+008  3.6595754199919065e+002  1.9541094163483967e+002  1.1254801146070122e+002  8.1474573018694628e+001  8.1474573018694628e+001  7.6244584478586830e+001  7.6244584478586830e+001  7.6244584478586830e+001  7.6094140319499957e+001  7.2802174345339836e+001  7.2561731086705322e+001
  4.0261789801327577e+009  4.7128559559407437e+008  1.3706178258186588e+008  4.5835473821092819e+002  2.2301573944261690e+002  1.3929514413926245e+002  1.3058786527628672e+002  1.2413840506424344e+002  1.2413840506424344e+002  1.2333439675985028e+002  1.2333439675985028e+002  1.2331953922522302e+002  1.1481760981374714e+002  1.1328149516326448e+002
  3.4420366795785193e+009  7.0555805233997548e+008  6.9245697030821249e+007  2.3556830879663653e+002  2.3260203370888235e+002  1.5177193035019400e+002  1.5177193035019400e+002  1.5177193035019400e+002  1.1022427440617616e+002  1.1022427440617616e+002  1.0683993476981618e+002  9.6628736384000149e+001  9.2287022769743317e+001  8.8766147751304970e+001
  2.8125323427550292e+009  5.7643864580035830e+008  1.7303292457016355e+008  3.5216365496026583e+002  2.4582204509776238e+002  1.3059688279864372e+002  1.1685590017852883e+002  1.1685590017852883e+002  1.1607619751761717e+002  1.0849992338829998e+002  1.0548973033753600e+002  1.0548973033753600e+002  1.0383531193975409e+002  1.0383531175035114e+002
  2.9900831106835790e+009  6.5709629073383749e+008  1.0750307588317572e+008  4.1752603182643679e+002  2.8648449200957930e+002  1.5739146704096197e+002  1.1340930627967873e+002  1.1340930627967873e+002  1.1340930627967873e+002  1.0805279178280489e+002  1.0805279178280489e+002  1.0805279178280489e+002  1.0494411605231380e+002  1.0258900185499306e+002
  2.4367294117490196e+009  5.3476105868464524e+008  1.3043770659952086e+008  3.7686129455200262e+002  3.3363527790858416e+002  1.6715579669659405e+002  1.3124199785634573e+002  1.1999857745623990e+002  1.0850253630432530e+002  1.0373390389556175e+002  1.0373390389556175e+002  1.0373390389556175e+002  1.0142488939229179e+002  8.1052912195015551e+001
  3.1701862911354594e+009  6.0413477545407104e+008  7.6875662662087724e+007  3.4812900952930568e+002  2.4010810529027594e+002  1.8976118811103697e+002  1.2418580411360745e+002  1.2418579966373522e+002  1.2306260992022862e+002  1.1847210159803763e+002  1.1642839257146738e+002  1.1642526316540761e+002  1.1642526316540761e+002  1.1483968244092694e+002
  2.4121877540013161e+009  8.8341596854641330e+008  8.7175689773731828e+007  2.4237547643350763e+002  2.3541870906548729e+002  1.5655009175084160e+002  1.0889356046297530e+002  9.9026815061630714e+001  9.7626491949017691e+001  8.6727636524750551e+001  8.6727636524750551e+001  8.3395999469288881e+001  8.0265861543141455e+001  7.2642336711501457e+001
