  3.4815580089137781e+008  1.5486443978508061e+008  1.8728185614925008e+006  1.2687722206397264e+005  1.2687722206397264e+005  1.2687722206397264e+005  6.5663334797274219e+004  3.6520546470367073e+004  3.5828360755362664e+004  3.4809738259212929e+004  3.3316017131799148e+004  2.0499814455101317e+004  1.5781487947390968e+004  1.5781487947390968e+004
  2.0124763497192818e+008  1.9987959385946718e+008  1.9205008732803245e+006  6.3572701806299854e+005  2.9636749822961993e+005  1.4703015362322988e+005  1.4703015362322988e+005  3.4752931196894140e+004  1.5527285540600140e+004  1.2915504615508384e+004  1.2190193577366408e+004  1.1379455796050814e+004  1.1379455796050814e+004  1.1379455796050814e+004
  3.0002961124298382e+008  2.2121577590227905e+008  1.2636731238019797e+006  9.3275317623537849e+004  4.2625397327615035e+004  4.1540141455482510e+004  4.1540141455482510e+004  4.1329463441537584e+004  4.0796113206051145e+004  4.0796113206051145e+004  4.0796113206051145e+004  4.0796113206051145e+004  4.0796113206051145e+004  4.0796113206051145e+004
  2.9008762147977686e+008  1.4840101115332159e+008  1.5792183921881742e+006  2.0415376391741453e+005  2.0415376391741453e+005  9.7661340610103420e+004  9.7661340610103420e+004  9.6381158966007919e+004  6.8286001640105009e+004  5.9884303467490863e+004  5.7378620284908531e+004  5.7378620284908531e+004  5.7378620284908531e+004  5.7378620284908531e+004
  3.6231484940259457e+008  9.2292051580862984e+007  1.4401499460202074e+006  4.3325443924892985e+005  1.1969374508517567e+005  7.6162733267596821e+004  6.5510725226089780e+004  6.5510725226089780e+004  6.5510725226089780e+004  6.5510725226089780e+004  6.5510725226089780e+004  6.5510725226089780e+004  6.5510725226089780e+004  6.5510725226089780e+004
  2.7570069409926826e+008  1.5784324179724276e+008  7.9618344027328608e+005  1.9865617512543174e+005  1.9865617512543174e+005  1.9330694952535309e+005  1.6485427325363975e+005  1.4117797743093796e+005  1.3333136722612273e+005  1.3231535306820410e+005  1.3079297819340363e+005  2.1137258339073887e+004  2.1137258339073887e+004  2.1137258339073887e+004
  3.2105881015261984e+008  2.0188700800791645e+008  7.3366090592669267e+006  6.1173828638361208e+005  1.5271697846404481e+005  3.8289312099312832e+004  3.6001685026580402e+004  3.3805656988408628e+004  1.8952176764036871e+004  1.8952176764036871e+004  1.8952176764036871e+004  1.8952176764036871e+004  1.8952176764036871e+004  1.8590023852686008e+004
  3.1131776651020050e+008  2.0772689914678001e+008  6.9086872229696845e+005  1.9782736944898212e+005  1.2024686049536217e+005  1.2024686049536217e+005  1.2024686049536217e+005  9.2229945723145313e+004  8.7460335206600954e+004  8.5688798640370951e+004  8.2412336636313645e+004  8.2036724918458276e+004  8.0608412540310397e+004  5.1851125432979949e+004
  3.0107805738880420e+008  2.1100299334977815e+008  9.3300442371981393e+005  4.2992323591931636e+004  3.9935071613246510e+004  3.6363600121784832e+004  3.4327166078556933e+004  3.4141212703063764e+004  3.3493705662650798e+004  2.0186547042286424e+004  1.9734780787485433e+004  1.9734780787485433e+004  1.9734780787485433e+004  1.9110821808060729e+004
  3.1658465886008954e+008  2.1365875521818516e+008  1.6042167838882806e+006  3.2074941955794650e+005  1.5983284189406241e+005  9.7551392574471218e+004  9.7551392574471218e+004  9.7551392574471218e+004  9.7551392574471218e+004  9.3667836378693813e+004  9.3667836378693813e+004  9.3667836378693813e+004  9.3667836378693813e+004  9.3667836378693813e+004
  2.5013199964684933e+008  1.4709621203369886e+008  2.4787798678313363e+006  7.7327929424229625e+005  1.8407100820522010e+005  1.5538668481528151e+005  1.5538668481528151e+005  9.1271295412745938e+004  9.1271295412745938e+004  6.0644588374549421e+004  6.0644588374549421e+004  5.8415082036064079e+004  5.8415082036064079e+004  4.0978652632409066e+004
  2.9693383713574237e+008  2.1341055967184031e+008  3.9680278867050639e+005  1.0421421193667181e+005  6.2047273750705004e+004  5.5250728308462218e+004  5.3003601878245026e+004  5.2936921704113571e+004  4.5248466276927407e+004  4.3146739148195818e+004  3.2193529717178593e+004  3.2193529717178593e+004  3.2193529717178593e+004  3.1659647986975455e+004
  2.2048404225567922e+008  1.6691426225816241e+008  4.6284891752837235e+006  3.0311814501049073e+005  2.9265448530157120e+005  2.8438180965211720e+005  1.0653062274454678e+005  1.0653062274454678e+005  3.8270558616065282e+004  2.9200559492311189e+004  2.8963497161652518e+004  2.8247198928971040e+004  1.2749130920972490e+004  1.2749130920972490e+004
  2.3057986659732813e+008  1.8942777264625183e+008  1.2414318845565424e+006  2.4186841556245025e+005  2.4186841556245025e+005  2.4186841556245025e+005  6.4103111745155111e+004  1.9190032757161433e+004  1.4878314522592271e+004  1.4865367201876859e+004  1.3016901367712668e+004  1.2339042743735912e+004  8.8076826604303824e+003  8.2192718889616463e+003
  3.1705552979160130e+008  2.4170416116150373e+008  2.2788173930293089e+006  5.5991329740331520e+005  8.4118569006237885e+004  3.7904087382765349e+004  1.9645408976713472e+004  1.9645408976713472e+004  1.3000295343132186e+004  1.2927198760090010e+004  1.2029523769251351e+004  1.2029523769251351e+004  1.1205000506976394e+004  9.9862007325731138e+003
  2.2472908596683893e+008  2.1446402575719523e+008  1.7989062673854325e+006  4.1101516358847526e+005  4.3186860003804642e+004  2.8983389189011599e+004  2.5637232112522219e+004  2.2027521870400611e+004  1.9653348900318349e+004  1.9653337783177041e+004  1.3657271352039799e+004  1.0536535868426414e+004  6.2546838943966759e+003  5.3345936858971827e+003
  3.2761345780357039e+008  2.6148398712423530e+008  2.4767551616053111e+006  2.4767551616053111e+006  2.1167093794797367e+005  2.1167093794797367e+005  1.0115738961518889e+005  5.2963369275011872e+004  5.2963369275011872e+004  4.3091762178102843e+004  1.5111446855416030e+004  1.1341423727631724e+004  1.1341423727631724e+004  1.0579772536488752e+004
  2.7658671240749413e+008  1.9923287034239286e+008  1.5409991287817459e+006  1.3287609042390701e+005  4.5523972824514385e+004  4.5523972824514385e+004  2.7895712561561671e+004  2.7825807921125990e+004  2.5074421218235409e+004  1.2720500918969552e+004  1.1839797916345631e+004  1.0047356366500033e+004  1.0047356366500033e+004  1.0047356366500033e+004
  2.5771829991657889e+008  2.3330076045883501e+008  4.3946826626729015e+006  9.7698848807807802e+005  4.3684061334133270e+005  3.3852152459272760e+005  1.4627411941369742e+005  5.3438175493690440e+004  5.3438175493690440e+004  3.8468488063646881e+004  3.7247833320684469e+004  3.7247833320684469e+004  3.6101731687969703e+004  3.4137281846992802e+004
  1.5616120752812091e+008  1.3794133029970670e+008  2.2324693473930787e+006  1.4294187442132927e+005  1.4294187442132927e+005  3.9960345016162915e+004  2.6743103802259669e+004  2.4742462442329717e+004  1.9089849353689897e+004  1.8966755099918944e+004  1.8966755099918944e+004  1.6944011439728703e+004  1.6944011439728703e+004  1.6944011439728703e+004
  1.3995609936611575e+008  1.0118270636280107e+008  2.3150308066526940e+006  7.2171177716994111e+005  2.8189422100203601e+005  1.7209285370876527e+005  1.6670956252720920e+005  3.8033522923102268e+004  1.8197506399289763e+004  1.8197506399289763e+004  1.8197506399289763e+004  1.8197506399289763e+004  1.4195500562576692e+004  1.3095020938999833e+004
  2.9261262100197589e+008  2.1040527121202227e+008  8.1704182441039546e+005  3.2733124338648975e+005  1.2086917757503508e+005  1.1611610653452962e+005  1.1270054966709168e+005  5.7083126405129908e+004  7.5560556899732728e+003  7.5278544962022679e+003  7.4935886762030132e+003  6.7446246401993667e+003  6.7446246401993667e+003  6.6065583098184452e+003
  2.5448963832956746e+008  1.5256023733561081e+008  5.2257923343082494e+005  1.7813784328570848e+005  1.6777290816531336e+005  8.1699870214794442e+004  7.6515255063445642e+004  7.3204422347616433e+004  7.1588162797312485e+004  7.1588162797312485e+004  7.1278036221903312e+004  2.1589038327796490e+004  1.7167497126238180e+004  9.4093250696914292e+003
  3.0415676323276746e+008  2.0031943127961493e+008  2.7529211420918498e+006  2.3016966167504017e+005  1.2174637528473348e+005  4.4227526107525089e+004  4.0104432242914132e+004  1.9775427904339027e+004  1.9775427904339027e+004  1.9775427904339027e+004  1.9775427904339027e+004  1.7649444696955688e+004  1.3542044341132480e+004  1.0773447932554933e+004
  2.5520795174761644e+008  2.4680052204277676e+008  1.9358636462700940e+006  2.2912353065530935e+005  1.3182340257570543e+005  5.3238897844905121e+004  5.1368036988072447e+004  5.1368036988072447e+004  5.1368036988072447e+004  5.1368036988072447e+004  5.1368036988072447e+004  5.1368036988072447e+004  5.1368036988072447e+004  5.1368036988072447e+004
  2.4004283358280110e+008  2.0856202289387667e+008  1.2239830869190062e+006  2.2367889378677827e+005  1.7277318045975699e+005  1.1221802912062802e+005  1.1078485128551719e+005  1.1078485128551719e+005  8.7771302679306449e+004  8.4903610464835103e+004  5.9635082782256221e+004  3.4476664586937899e+004  2.7784531100782508e+004  2.1756676477892437e+004
  2.6108506414392391e+008  1.6541124758150533e+008  2.2084631618141797e+006  1.3077474999385985e+005  1.1562490510825293e+005  1.0791983625293219e+005  8.5670483119646000e+004  3.7099569884089957e+004  3.4638222959171122e+004  2.7883492067598392e+004  2.7883492067598392e+004  2.7883492067598392e+004  2.4528093526557808e+004  2.3285986166800532e+004
  2.5411760548935413e+008  1.6123609062617972e+008  1.1298198464278763e+006  2.7338391720042465e+005  2.5433662395890418e+005  4.8738546438342048e+004  3.7922682944699001e+004  3.2688773268554185e+004  2.4672410764923086e+004  2.4672410764923086e+004  2.0388423503135935e+004  1.6447999524635394e+004  1.6050673101188328e+004  1.5831922503071033e+004
  2.2507710224572146e+008  1.3639036717238554e+008  1.0592106545313506e+006  2.6114463903658610e+005  6.5846084066896728e+004  3.8765276936040595e+004  3.7430913498826543e+004  3.7394097388529306e+004  3.7209130361633834e+004  3.6426941777599983e+004  2.4689307153938789e+004  2.4689307153938789e+004  2.4689307153938789e+004  1.1775526347544837e+004
  2.4153227772571722e+008  2.1627328979021734e+008  6.0845730825422599e+005  1.3010346920205234e+005  5.3633331666255915e+004  4.4113483200297836e+004  4.4113483200297836e+004  1.6009738109141435e+004  1.4014130062819562e+004  1.1069890251317147e+004  9.1247817701776694e+003  8.6182305534801708e+003  8.3067733218977774e+003  6.7308617736433425e+003
  2.8986152062083125e+008  1.7616484316739812e+008  5.2248731607916520e+005  1.0422739404357993e+005  3.5911204941346230e+004  2.8628865721701921e+004  2.8628865721701921e+004  2.2603868312139966e+004  1.6252692590415329e+004  1.3402334731449926e+004  1.3402334731449926e+004  1.3402334731449926e+004  9.7290085859632127e+003  7.6240134517036531e+003
  2.8214160735452384e+008  2.6383956599701008e+008  4.9747023654823760e+006  2.8567379008269875e+005  6.7309427244145772e+004  6.7309427244145772e+004  5.9899454665935060e+004  5.9079369577634519e+004  5.6026254655173529e+004  1.6952478113319739e+004  1.3723636976949381e+004  1.3723636976949381e+004  1.3723636976949381e+004  1.1347759328270709e+004
  2.1854215680955395e+008  1.3643299556023669e+008  1.9698321714930423e+006  4.7977319332241296e+005  2.9555966332523467e+005  2.9555966332523467e+005  2.0141436558362289e+005  6.6023241370805365e+004  6.3098059513429049e+004  5.9338494119879921e+004  5.8819176443902237e+004  5.8729534469552236e+004  5.8729534469552236e+004  5.8076638872200594e+004
  2.7995353503026927e+008  1.8242373870464641e+008  1.7727864008373758e+006  9.1527037470308249e+004  8.9167568574222096e+004  8.4166269369997390e+004  4.0447955365839400e+004  3.6092138424415229e+004  2.2103904762914950e+004  2.2103904762914950e+004  2.2103904762914950e+004  1.2523950227973692e+004  1.2523950227973692e+004  1.0804305649396145e+004
  2.7118945586011404e+008  1.6332772141254830e+008  1.4988969276597158e+006  4.2117106717419554e+005  2.9535850722518016e+005  1.0530653155568302e+005  4.3620754637242499e+004  1.9217132470583038e+004  1.1885912600928179e+004  1.1853133932183076e+004  7.7079478520964476e+003  7.6090208280965962e+003  5.3952436883875853e+003  5.0294760825581889e+003
  2.0499388143868259e+008  1.7600895846558157e+008  2.2214385047745691e+006  3.9654431768354075e+005  3.9654431768354075e+005  3.1106677193153452e+005  1.3887316376527789e+005  9.2852061006992226e+004  7.3636350838111219e+004  6.4014400986695400e+004  6.3049999863234945e+004  6.0327544169496512e+004  4.5004691222380541e+004  3.9405697594528494e+004
  2.7416069560251904e+008  2.1878521303505224e+008  7.5745194384281640e+005  1.5606939394204831e+005  8.8642616296851484e+004  3.6520178968408698e+004  2.2571948521074482e+004  1.2665800410389722e+004  1.0799278362650031e+004  1.0183893579857038e+004  1.0157523656908032e+004  9.0047731873305547e+003  9.0047731873305547e+003  6.2661724301577815e+003
  3.5743616938941371e+008  1.6024134716485587e+008  1.3133789918092848e+006  3.9595728672067437e+005  2.0967714286916589e+005  9.7129046701765707e+004  5.9600820146726983e+004  2.6324705913525766e+004  2.4023273314921193e+004  2.0466903015416225e+004  2.0466903015416225e+004  2.0466903015416225e+004  2.0466903015416225e+004  2.0466903015416225e+004
  2.9334897706686312e+008  1.9729917478940785e+008  1.8625304450030550e+006  2.3978558795440360e+005  2.2259551494836481e+005  5.6826032340950434e+004  5.5945276895327843e+004  5.2424781146520909e+004  1.8619547832876091e+004  1.4301528496665651e+004  1.1895072361433567e+004  5.7274181387353401e+003  5.7274181387353401e+003  5.7274181387353401e+003
  3.1788226821826404e+008  1.9192548867782351e+008  3.9844549701300799e+006  1.5822745977174534e+005  1.3190019691569824e+005  5.8800268447447270e+004  5.7084952165008021e+004  3.3000037158687934e+004  1.4531568936842501e+004  1.4207602624955967e+004  1.4207602624955967e+004  1.4207602624955967e+004  1.4207602624955967e+004  1.4207602624955967e+004
  2.9978198943482405e+008  1.0776355452624422e+008  2.8650801694613229e+006  8.4805176718810748e+005  5.9379089637157333e+004  3.4896575732128200e+004  2.3443923420554340e+004  2.3443923420554340e+004  1.6694390242365400e+004  9.0948189314113679e+003  8.5788613410706748e+003  7.8996418215687863e+003  7.8996418215687863e+003  7.4133141330574981e+003
  2.7378501195123017e+008  1.9914339240369764e+008  1.1359436956911453e+006  1.4468231545312266e+005  4.9156309833067084e+004  4.9156309833067084e+004  4.1442247932468352e+004  3.9811752739046664e+004  3.8402092143669302e+004  1.7383966090501570e+004  1.7383966090501570e+004  1.7383966090501570e+004  1.7383966090501570e+004  1.7383966090501570e+004
  3.5096650950995767e+008  1.9931385505638474e+008  9.6635470781663130e+005  3.1800901246885717e+005  2.7279701935579220e+005  1.6482584946136351e+005  1.4103620586386629e+005  9.9950732439239539e+004  8.0306436324939845e+004  5.9457189181952715e+004  5.9457189181952715e+004  3.4426703838955305e+004  1.4753808791911568e+004  1.4121307201942596e+004
  2.4138776491683477e+008  1.6665552834327921e+008  1.3297156913283148e+006  2.5187328947802028e+005  2.4429423322548962e+005  1.7602833016690551e+005  9.7015419507066370e+004  4.2173401632066612e+004  4.2173401632066612e+004  2.9482338180406736e+004  2.9482338180406736e+004  2.5671379408820547e+004  2.5671379408820547e+004  2.5671379408820547e+004
  3.9731055911246383e+008  1.2469951691190219e+008  1.7033490036589454e+006  4.7591703188224335e+005  3.7650720812818466e+005  1.1081645145436109e+005  2.1041179843912378e+004  1.7228723110925570e+004  1.7228723110925570e+004  1.7228723110925570e+004  1.7228723110925570e+004  1.7228723110925570e+004  1.7228723110925570e+004  1.7228723110925570e+004
  2.8692383015830678e+008  1.2002141513847396e+008  1.5319386060290015e+006  4.0650732677179191e+005  1.2122769095938673e+005  8.3430106227545533e+004  7.3744904422483669e+004  6.0980964775805216e+004  6.0980964775805216e+004  5.6560634030456247e+004  5.6560634030456247e+004  5.6560634030456247e+004  5.6244706304117935e+004  5.6244706304117935e+004
  2.6086426881750968e+008  2.3230743614787990e+008  1.1056942853419208e+006  1.9220182857838951e+005  1.9220182857838951e+005  3.8418086480896578e+004  3.8418086480896578e+004  3.8418086480896578e+004  3.7943380885188599e+004  3.6348131578648608e+004  3.2833916538448109e+004  3.1663590440616463e+004  3.1624005517655038e+004  3.0262936376685539e+004
  2.6898536365478754e+008  2.1409005194631186e+008  2.9303655963272159e+006  2.9691068132549443e+005  1.9932891602072350e+005  1.6877833522542831e+005  5.8727492765636547e+004  3.6435795882061371e+004  3.4069957641238776e+004  2.6678660082880459e+004  2.6093637746669807e+004  1.1062922224189466e+004  1.0751279578356338e+004  8.6888083732777559e+003
  3.3953419189017838e+008  1.7856934133981240e+008  6.0796986857922212e+005  1.9555227483734023e+005  1.0085333178063725e+005  2.3301342923413737e+004  2.3301342923413737e+004  2.3301342923413737e+004  1.8602481900213908e+004  1.4083062505043705e+004  1.4083062505043705e+004  7.4727093662432162e+003  5.7909956555621693e+003  5.0891174340975140e+003
  3.0707727446978784e+008  1.6907367662349793e+008  1.2829460296935893e+006  2.7581336700746824e+005  2.7581336700746824e+005  2.7125262231727660e+005  1.2626262056944334e+005  1.2565689668902876e+005  1.2559512322673220e+005  1.2513528545830872e+005  1.1123011475570234e+005  9.2915803897951337e+004  3.9007574704842365e+004  3.8924061848646765e+004
  3.0227471536754829e+008  2.0620076963741741e+008  1.1561482943532185e+006  2.0263095274915372e+005  1.7348371830894100e+005  1.6489422293887558e+005  1.9699787785982568e+004  1.9699787785982568e+004  1.6213823837742861e+004  9.5385738336054292e+003  9.3267884887129367e+003  7.6479119675784423e+003  7.6479119675784423e+003  7.6479119675784423e+003
