  1.5087126689388415e+003  1.2131925480717155e+003  9.3853813914383772e+002  8.3698775535799905e+002  4.5091794436906048e+002  1.5649051740983396e+002  1.5649051740983396e+002  1.5649051740983396e+002  1.5649051740983396e+002  1.5649051740983396e+002  1.5649051740983396e+002  1.5649051740983396e+002  1.5649051740983396e+002  1.5649051740983396e+002
  1.4809832851453330e+003  1.2446636630047287e+003  9.0899128724086813e+002  8.4819267907229550e+002  6.5703966617256719e+002  3.5270051276545655e+002  3.5270051276545655e+002  3.5270051276545655e+002  3.5231069002255481e+002  3.5231068605098426e+002  2.8199978024604934e+002  1.4736645716711064e+002  1.4736645716711064e+002  1.4718702808502076e+002
  1.4045311098529269e+003  9.0706235467072383e+002  8.7162883259841055e+002  8.7109383559029993e+002  2.0596587733663046e+002  2.0354993864596918e+002  2.0332743076975567e+002  2.0308453149848947e+002  2.0308453149848947e+002  2.0308453070259247e+002  2.0308453070259247e+002  1.8516323141812836e+002  1.8489605914905951e+002  1.8457714516516899e+002
  1.2951235988600506e+003  1.2075440768660155e+003  1.0126919816354803e+003  1.7780176132718816e+002  1.7780176132718816e+002  1.7780176132718816e+002  1.5091609199144705e+002  1.5091609199144705e+002  1.5091609199144705e+002  1.5091609199144705e+002  4.4716812123513591e+001  4.4399510713196833e+001  2.8495371846522175e+001  2.4068957450120251e+001
  1.5973734339235675e+003  1.2673653022297958e+003  8.9871962513032076e+002  4.8761329049205096e+002  4.7870332544677103e+002  5.8261660846410450e+001  5.8261660846410450e+001  5.8261660846410450e+001  5.8261660846410450e+001  5.8261660846410450e+001  5.0656671003788688e+001  5.0656671003788688e+001  5.0656671003788688e+001  5.0656671003788688e+001
  1.2719908772007284e+003  1.0749587745147096e+003  9.5535017564843019e+002  7.9926661872572095e+002  7.6908940016956376e+002  3.1432887959135405e+002  3.1175752593041852e+002  3.1151266101788406e+002  3.1143720762234489e+002  3.0701413752816188e+002  1.4711406936382809e+002  1.4704244109039882e+002  1.4699166886022203e+002  1.4699166886022203e+002
  1.7178762461483939e+003  9.4608144059229244e+002  7.5144120742467067e+002  5.5442136550532814e+002  4.0168438678653456e+002  3.9185167112753288e+002  3.9172221017380298e+002  3.8999388830722455e+002  3.8854667390645500e+002  1.7735732882908042e+002  1.7705616212913583e+002  1.7705616212913583e+002  1.7703409057077988e+002  1.5065755689049911e+002
  1.5941402541303396e+003  9.8343334789601886e+002  7.6262148234101141e+002  6.7750268466770831e+002  6.0457199291018196e+002  1.7493837415173675e+002  1.4215962723392659e+002  1.4215962723392659e+002  1.4215962723392659e+002  1.4215962723392659e+002  1.4215962723392659e+002  1.4215962723392659e+002  1.4195469581559792e+002  1.4181654790325820e+002
  1.6482403962642297e+003  1.2258863784026998e+003  8.4941784796764659e+002  5.7880463182142466e+002  4.5192440772187456e+002  1.6583454408963416e+002  1.6583454408963416e+002  1.6581427776799774e+002  1.6579258336562452e+002  2.6287293154552572e+001  2.3225634281148359e+001  2.3211201243244432e+001  2.3208471625238872e+001  2.3208471213957637e+001
  1.5607681207927717e+003  8.2662092002500958e+002  8.0803758414350341e+002  7.2251917297429418e+002  7.2110586756545672e+002  2.7544316629112291e+002  2.7502226693397506e+002  2.7487511697679611e+002  2.7476883670653797e+002  2.7467312260816288e+002  2.7467312260816288e+002  1.8756708804576692e+002  1.8624932490655601e+002  1.7967279858637085e+002
  1.0180538033746525e+003  6.9059920567336485e+002  5.4601599546364832e+002  2.7896273968173864e+002  2.7358203209698740e+002  1.8154886067689722e+002  1.8148346681075373e+002  1.7915270678297065e+002  1.7654527425028664e+002  1.7652283982159497e+002  1.7467461305714869e+002  1.5147110028878978e+002  1.5042336604183902e+002  1.5042336598546581e+002
  1.5830052778762429e+003  9.4748826396755021e+002  5.7565069876404823e+002  5.7565069876404823e+002  1.7512482399365581e+002  1.7385867585014876e+002  1.5816572754172739e+002  1.5313141331752422e+002  1.5109523766939537e+002  1.5055501694690793e+002  1.4999878727597206e+002  1.4984299616281669e+002  1.4984299555649659e+002  1.4964839911720719e+002
  1.8184075358680793e+003  1.0341601637485073e+003  9.1086212853999405e+002  7.8697201528207552e+002  6.8995063762796053e+002  1.5145944990752923e+002  1.4960794146391436e+002  1.4960794007111463e+002  1.4960794007111463e+002  1.4960794007111463e+002  2.9749435511960655e+001  2.9448985177865325e+001  2.9367641950363577e+001  2.4932901406489236e+001
  1.5416339817039570e+003  1.1642291819081502e+003  9.3902658936554008e+002  2.7833142696061213e+002  2.7595719798651817e+002  5.3411906950275807e+001  5.1900434850818783e+001  5.1340319914925658e+001  5.1290695203187170e+001  4.9143179380653237e+001  4.9143179380653237e+001  4.9105425289968025e+001  4.9105425289968025e+001  4.9105425289968025e+001
  1.3129419909265584e+003  9.7093078017762218e+002  9.4319321956800923e+002  5.2612989701750394e+002  5.2610173697159871e+002  4.6980892312351034e+002  3.9713804313300534e+002  2.3815598397550593e+002  2.3807066486298118e+002  2.3807064190276560e+002  2.3760374627397277e+002  2.3745487471036586e+002  1.6676756201330045e+002  1.6676756201330045e+002
  1.3958303833007712e+003  1.0056119092217068e+003  1.0046600716911498e+003  8.5183084818570660e+002  7.6558648836131943e+002  5.2566366089399844e+002  5.0150682460950657e+002  5.0129085427918744e+002  2.7086240561277464e+002  2.7027476460258049e+002  2.7022863575309748e+002  2.7018107732310364e+002  2.7017867041566160e+002  2.7017866931800563e+002
  1.8079711344706675e+003  1.2282457122662017e+003  1.0471291339461777e+003  9.1460336296498917e+002  6.7026048158932736e+002  6.4774717018828414e+002  3.5629426784271300e+002  3.5625809318428128e+002  2.6271458032684586e+002  2.6271458032684586e+002  2.6271458032684586e+002  2.6271458032684586e+002  2.6268274101220186e+002  2.6268273889797319e+002
  1.6942587869143349e+003  1.0577944723683054e+003  9.9802084449720678e+002  7.3063137098817833e+002  6.2247038143312375e+002  2.6606185641541697e+002  2.6585518964509265e+002  1.5648690078861546e+002  1.4145017901644314e+002  1.4118661742898075e+002  1.4118661742898075e+002  1.4118661742898075e+002  1.4109681812753570e+002  1.4109680744702609e+002
  1.2690825954208567e+003  1.1069625155154285e+003  1.0226812687316160e+003  2.0038850058356275e+002  1.4997294077661081e+002  1.4865033103076075e+002  1.4312059305128878e+002  1.4283199534828691e+002  1.4282504715236973e+002  1.4257827257366625e+002  1.4257827257366625e+002  1.4257827257366625e+002  1.4257827257366625e+002  1.4257827257366625e+002
  1.5458974992477115e+003  1.0335664439433544e+003  9.8332941320705504e+002  5.5884136304801450e+002  5.5785173888978170e+002  3.7916793775175711e+002  3.1344089477549824e+002  5.6361914037132010e+001  4.8729874501557788e+001  4.8498097948592203e+001  4.8498097948592203e+001  4.8492066196621181e+001  4.8411113353867222e+001  4.8285244881927611e+001
  1.6075967417662669e+003  9.8997875479854793e+002  9.8296652900509162e+002  3.6014320097263999e+002  2.4864986177648734e+002  2.4641304353754367e+002  2.4599492128579823e+002  2.4599492128579823e+002  2.4585523028597936e+002  2.4565268422851386e+002  2.8835806973076615e+001  2.8227990237537142e+001  2.7220221072987442e+001  2.3401403008297621e+001
  1.3244811093508329e+003  9.0067111780637561e+002  8.5465395691167441e+002  7.4923394269016262e+002  6.0985175277213330e+002  4.8776369212791997e+002  3.5441152838430344e+002  3.5372315578643565e+002  3.5361618152074971e+002  3.5347932611303668e+002  3.5331804757206828e+002  1.9953027909154207e+002  1.9088456573427129e+002  1.8749464957905047e+002
  1.3521888898390730e+003  1.1670349019126324e+003  1.0219025650957324e+003  7.4739562943058900e+002  7.3365863481734414e+002  3.6689330791896782e+002  3.6165526949356263e+002  3.6095545649260248e+002  3.6095545649260248e+002  1.9223120426095966e+002  1.9187417264148144e+002  1.9187417264148144e+002  1.9022648719278914e+002  1.9022648719278914e+002
  1.3593310610525805e+003  1.3164518583196996e+003  9.5736269432464951e+002  4.8331841434156559e+002  4.5131901301878725e+002  4.4886816313251757e+002  4.9461341610826821e+001  4.8595073047171354e+001  4.6899470913301229e+001  4.6899470913301229e+001  4.1963516951666406e+001  4.1157638807890635e+001  4.1018698374387895e+001  4.0893177954632392e+001
  1.4653230658855109e+003  1.2835432560773197e+003  1.1285655831092772e+003  8.0649211493259691e+002  8.0393672051615886e+002  2.6239472631135959e+002  2.5293487322320561e+002  2.5289792229801151e+002  2.5276049322789959e+002  1.5025369757601311e+002  1.4904648419853538e+002  3.1267311068443632e+001  2.9226583259162453e+001  2.8921050124241447e+001
  1.5309588463149007e+003  1.1619317026375647e+003  9.9258041679312964e+002  8.5067632029714150e+002  3.9619818281055450e+002  3.7220698148245629e+002  1.4813319811800648e+002  1.4652402320199690e+002  1.4382255355367852e+002  1.4326451637017317e+002  1.4319913423805292e+002  1.4273097654799312e+002  1.4273097654799312e+002  1.4269350924632636e+002
  1.7455060985405826e+003  7.3021809977233443e+002  6.0228836555715952e+002  2.1513211205502557e+002  2.1014645557514268e+002  2.0940832930968099e+002  2.0907433973921752e+002  2.0894679601165944e+002  2.0894679601165944e+002  4.4599395759064919e+001  4.4525171631304602e+001  4.4085766365526524e+001  4.3564528082727975e+001  4.3497839563609887e+001
  1.5261030673745463e+003  1.3508431749647630e+003  8.2371907005401727e+002  5.9783494004038539e+002  4.0767503507042011e+002  3.9258042034038681e+002  3.8704513869447919e+002  3.8704513869447919e+002  2.9016174290895970e+002  2.9016174290895970e+002  2.8941451634511213e+002  2.8941451634511213e+002  2.8937734427878604e+002  2.8937733571384160e+002
  1.4604756662274608e+003  9.7747424483676423e+002  8.9923213203533169e+002  7.5499255241935771e+002  5.5209044939785372e+002  3.3908607602045322e+001  3.3870909497803495e+001  3.3564741937062990e+001  3.3371788634645782e+001  3.3348055702319471e+001  3.3348055702319471e+001  3.3348055702319471e+001  3.3348055702319471e+001  3.3348055702319471e+001
  1.7071669895798968e+003  1.1287278657424390e+003  1.0294730863822492e+003  6.2747109774072123e+002  6.0253597423237079e+002  5.9952425965999873e+002  1.6820048306491890e+002  1.6728413862506522e+002  1.6584022867011936e+002  1.6584022688653386e+002  1.6584022688653386e+002  1.6584022688653386e+002  1.6584022688653386e+002  1.6584022688653386e+002
  1.6176477365336932e+003  9.9160037194182223e+002  5.6942571079926711e+002  4.2483707036622400e+002  4.2450269009793919e+002  4.2441213893261374e+002  3.7447615254101311e+002  2.0512363962738209e+002  2.0247543406885416e+002  2.0232327667876143e+002  1.4763060890444149e+002  1.4763060890444149e+002  1.4763060890444149e+002  1.4763060890444149e+002
  1.7089863668654489e+003  1.0820288474995277e+003  6.0620018770528714e+002  6.0549468501381307e+002  4.8234055673557486e+002  2.7061914425421173e+002  2.7009470494733341e+002  2.7009470363869059e+002  2.6988394716116090e+002  2.6973909030907043e+002  2.6964056402368305e+002  3.4434241814476081e+001  3.1439943523346301e+001  3.1429909336163291e+001
  1.5130819481182466e+003  1.1916845976434142e+003  1.0305114796222088e+003  5.0527550855547588e+002  1.6946465278277083e+002  1.6813258899370749e+002  1.6437533509455670e+002  1.6393315383159097e+002  1.6363946810001062e+002  1.6360360605330243e+002  1.6360360202936317e+002  1.6360360202936317e+002  1.6360360202936317e+002  1.6360360202936317e+002
  1.2160212683624964e+003  1.1982454074442239e+003  9.9578116583643350e+002  7.2981884056368654e+002  4.0019197730848737e+002  1.4613357492080604e+002  1.4601875727241122e+002  1.4596993411989524e+002  1.4596993411989524e+002  1.4596993411989524e+002  1.4587808339233015e+002  5.3790830671297499e+001  2.6947968389096332e+001  2.6591957608355187e+001
  1.5095914919045435e+003  1.2479458726405128e+003  6.4367675145875546e+002  4.8500253111541815e+002  3.6174927139522288e+002  3.6153039165184737e+002  3.5982270099548441e+002  3.5967823252592234e+002  2.6167645937208954e+002  2.3682639462041152e+001  2.3682639462041152e+001  2.3682639462041152e+001  2.3682639462041152e+001  2.3682639462041152e+001
  1.2598196901112251e+003  9.9936049284042065e+002  9.9239689579883270e+002  8.1663474239338120e+002  5.6635740848183195e+002  2.9645183627981078e+002  1.5565760925071436e+002  1.5560099324702469e+002  1.5547246718068800e+002  1.5547246718068800e+002  1.5547246718068800e+002  1.5431870112222350e+002  1.5394932940007857e+002  1.5390543315696368e+002
  1.5895712425318034e+003  1.0458015058079118e+003  9.4665918477403920e+002  7.2265914188688612e+002  7.2250085636997483e+002  2.7725851727150894e+002  2.7645380951918469e+002  2.7645380923874200e+002  2.7645380923874200e+002  2.7617699857202842e+002  1.5203212963287297e+002  1.4974994830844980e+002  1.4674471368576678e+002  1.4674471368576678e+002
  1.4922954336113262e+003  9.9201060116202279e+002  9.3027887446375371e+002  3.5205453282913140e+002  3.5205453282913140e+002  3.5205453282913140e+002  2.2469132870315752e+002  2.0771573837284723e+002  4.4788684837144501e+001  4.3982386295172546e+001  4.3792471982631014e+001  4.3555509201026780e+001  4.3555509201026780e+001  4.3553623273222001e+001
  1.7104978451978923e+003  7.0378481330631121e+002  6.8563930800471280e+002  6.8563930800471280e+002  3.6665670093801600e+002  3.1089155768608907e+002  6.8612422648395295e+001  6.8612422648395295e+001  6.8612422648395295e+001  5.1234411732230910e+001  5.0149606807506188e+001  4.9640439216237155e+001  4.9462671846814828e+001  4.9462671846814828e+001
  1.5737643441518962e+003  1.0703210653331389e+003  6.9629226137767273e+002  6.9616781338697137e+002  4.6723043030500457e+002  3.8461487588426871e+002  3.8461487588426871e+002  3.8461487588426871e+002  3.8461487588426871e+002  3.8461487588426871e+002  3.8461487588426871e+002  3.8461487588426871e+002  1.7322126811638509e+002  1.6581100536264557e+002
  1.2301668156461383e+003  1.0253668463726813e+003  1.0014207329674819e+003  5.6734098597717502e+002  5.6333299004897390e+002  1.5436538471819404e+002  1.5302209801814615e+002  1.5224542519448278e+002  1.5151618531936401e+002  1.5075207266548296e+002  1.5075207266548296e+002  1.5075207266548296e+002  1.5075207266548296e+002  1.5075207266548296e+002
  1.6222490376068008e+003  1.0735033864505754e+003  1.0283573075721788e+003  5.1132416921019694e+002  4.8685778915015680e+002  4.7483544670016181e+002  4.7442699726557885e+002  1.6900218983393552e+002  1.4673695086061116e+002  1.4634875335372999e+002  4.3341215531566831e+001  3.5120759052232643e+001  3.5120759052232643e+001  3.5120759052232643e+001
  9.6766923959379164e+002  9.5837927793407971e+002  9.5027247023637983e+002  7.4151383740077745e+002  6.0543254844921194e+002  7.0767741130079685e+001  7.0658366527833095e+001  7.0658366527833095e+001  6.9444434607726635e+001  6.9444434607726635e+001  6.9444434607726635e+001  6.9444434607726635e+001  6.9399792219226583e+001  6.9399791984941203e+001
  1.6220765213034774e+003  9.2812499715174727e+002  8.4658358654775657e+002  8.3452270526479515e+002  6.1999073622417291e+002  4.9351444764063626e+002  4.8738132329717428e+002  4.0371515066034499e+002  1.9205885966456754e+002  1.7974459866740654e+002  1.7974459866740654e+002  1.7974459866740654e+002  1.4904857783320813e+002  1.4860544541210629e+002
  1.6590410740980851e+003  9.3414121374258139e+002  9.1875916824443493e+002  4.1070446510901547e+002  3.8862484839454601e+002  3.8859497675870080e+002  3.8826374852930894e+002  3.8813412561083032e+002  3.8810558486245418e+002  3.8585709916088126e+002  1.7747866043938848e+002  1.7647097334058390e+002  1.7647097334058390e+002  1.7647097334058390e+002
  1.8309795807102437e+003  7.4431712905412678e+002  7.0670312296339671e+002  6.8188036489227898e+002  4.8926015819616941e+002  4.0500389418289706e+002  3.2657220042464724e+002  3.2657220042464724e+002  3.2657220042464724e+002  2.8144576747460633e+001  2.5683839288191848e+001  2.1886337987702973e+001  2.1464243850194634e+001  2.1464242116849164e+001
  9.9346739060806249e+002  9.3631026995663115e+002  9.1457761338732598e+002  9.1001456941350898e+002  5.9377620980055099e+002  2.6720825583516944e+002  5.3647902158972101e+001  5.3401369665943093e+001  5.3250983690406883e+001  5.3250983690406883e+001  5.3250983690406883e+001  5.3250983690406883e+001  5.3250983690406883e+001  5.3250983690406883e+001
  1.2043730241282688e+003  8.6504162226054314e+002  8.5719220275759653e+002  5.0831529757062435e+002  1.4340938290026997e+002  1.4248090304991592e+002  1.4200051254037817e+002  1.4200051254037817e+002  1.4200051254037817e+002  1.4179283462694548e+002  1.4179283462694548e+002  1.4179283462694548e+002  1.4173753740111169e+002  1.4173747002442769e+002
  1.4486125916383880e+003  1.2278548591473132e+003  9.9912919492104629e+002  5.1172253510209430e+002  5.0939488306181966e+002  3.8184525641945447e+002  3.4702116181327347e+002  3.0717951280258876e+002  1.9805897125185311e+002  1.8307593309230288e+002  1.8300989709971782e+002  1.8280561937688526e+002  1.8278948634703602e+002  1.8278948634703602e+002
  1.5307300173728900e+003  1.1427928015875732e+003  9.6369736569714360e+002  5.1907853299298222e+002  5.1887786788593257e+002  5.0915763528324987e+002  3.0779657523265541e+001  2.9983313210541837e+001  2.9854178578483697e+001  2.9854178578483697e+001  2.6560970305808041e+001  2.4513462726159560e+001  2.4508774082371929e+001  2.4508774082371929e+001
  1.5257136730796256e+003  1.3034469400826756e+003  9.7330556687949684e+002  5.8366075232063304e+002  5.6584131178333428e+002  2.8240686675895586e+002  1.4640778149028620e+002  1.4640778083330952e+002  1.4636593541577986e+002  1.4636593541577986e+002  1.4327942185269740e+002  1.4327942185269740e+002  1.4327845767843382e+002  1.4327845767843382e+002
