  2.2869955288681143e+004  1.5556157638413169e+004  8.2072933443424718e+003  8.2072933443424718e+003  3.9759213066831253e+003  2.2652503893367866e+003  1.7582500163694831e+003  1.7582500163694831e+003  1.7582500163694831e+003  1.7582500163694831e+003  1.7582500163694831e+003  1.7582500163694831e+003  1.7582500163694831e+003  1.7566225924558421e+003
  2.1232024328741318e+004  1.5521016478495229e+004  1.2318649923864446e+004  1.2318649923864446e+004  6.4882581297588440e+003  2.8713660319716855e+003  2.8713657421260268e+003  2.4812307413035733e+003  2.4052704788524716e+003  2.4051707105713222e+003  2.4051707105713222e+003  2.4051707105713222e+003  2.4051707105713222e+003  2.4051707105713222e+003
  2.0768071246543535e+004  1.7447852351999478e+004  1.0792285240435391e+004  1.0792285240148372e+004  7.8499455908897762e+003  2.4888282480900743e+003  2.4888270345877490e+003  2.3819454783281371e+003  2.3425220010730009e+003  2.2241506207013044e+003  2.2241506207013044e+003  2.2241506207013044e+003  2.2241506207013044e+003  2.2241506207013044e+003
  1.9669092262712522e+004  1.6435274337813047e+004  9.5500027092671644e+003  9.5500027092671644e+003  5.0846989807337086e+003  2.3162165093440017e+003  2.3162165093440017e+003  2.3162165093440017e+003  2.3162165093440017e+003  2.3162165093440017e+003  2.3162165093440017e+003  2.0448520102981811e+003  1.9878547009503254e+003  1.9875804458510975e+003
  2.1094051079966528e+004  1.5198615025242925e+004  1.2028262856937883e+004  1.2028262856937883e+004  4.4688497824439783e+003  2.8489864240154848e+003  2.3538000639237071e+003  2.3538000639237071e+003  2.3538000639237071e+003  2.1502862404792741e+003  2.1501584106783566e+003  2.1501584106783566e+003  2.1501584106783566e+003  2.1501584106783566e+003
  2.0196734399606077e+004  1.5907787906235550e+004  8.9136911825756870e+003  8.9136911825756870e+003  7.8520322805643336e+003  2.6184810031766619e+003  2.6184799444756500e+003  2.6184799444756500e+003  2.5248030798525970e+003  2.4330748380456780e+003  2.4330748380456780e+003  2.3755780145359922e+003  2.3755780145359922e+003  2.3755780145359922e+003
  2.0814893449070016e+004  1.6178496432829721e+004  7.9466259365662227e+003  7.9465127041436426e+003  5.1813225311998885e+003  2.6263854450042236e+003  2.5092104247637617e+003  2.1995317061974092e+003  2.1995317061974092e+003  2.1995317061974092e+003  2.1995317061974092e+003  2.1995317061974092e+003  2.1995317061974092e+003  2.1995317061974092e+003
  2.1354117200403118e+004  1.6601521995040865e+004  9.2093414357199363e+003  9.2093414357199363e+003  4.9803605438669101e+003  2.1757262665741673e+003  2.1757262665741673e+003  2.0547529667270928e+003  2.0537589897968737e+003  2.0537589897968737e+003  2.0537589897968737e+003  2.0537589897968737e+003  2.0537589897968737e+003  2.0537589897968737e+003
  2.1324394485336135e+004  1.7022201309361888e+004  8.9788552514182520e+003  8.9788552514182520e+003  5.3931820468286751e+003  2.4647090574600825e+003  2.4647090574600825e+003  2.3560384260345154e+003  2.1867246181294531e+003  2.1860862021625817e+003  2.1860862021625817e+003  2.1860862021625817e+003  2.1860862021625817e+003  2.1860862021625817e+003
  2.2482790175775546e+004  1.6604190319275134e+004  1.2452343096174598e+004  6.3759433566850676e+003  4.2414227663507017e+003  2.8891538781861418e+003  2.2907588553869828e+003  2.2907587805067360e+003  2.2336497763592870e+003  2.2336497763592870e+003  2.2336497763592870e+003  2.2336497763592870e+003  2.1294203232976688e+003  2.1294195385279254e+003
  2.0261929860739834e+004  1.6993909689412500e+004  1.0305016330626320e+004  1.0305016330626320e+004  6.6802086058449822e+003  2.8107700358984530e+003  2.7535714511631759e+003  2.3973547346696387e+003  2.3060074981898288e+003  2.3060074981898288e+003  2.3060074981898288e+003  2.2806894431110877e+003  2.1201564424333164e+003  2.1201564424333164e+003
  1.7755198357939495e+004  1.5933823395564788e+004  1.1672395507158144e+004  1.0573400823121294e+004  3.6862845245051412e+003  2.4982402840327950e+003  2.3284075160035882e+003  2.3284075160035882e+003  2.1922348303688086e+003  2.1922348303688086e+003  2.1922348303688086e+003  2.1922348303688086e+003  2.1922348303688086e+003  2.1922348303688086e+003
  2.0849149687715057e+004  1.4859674546617240e+004  7.5929290124713698e+003  7.5929290124713698e+003  7.5929290124713698e+003  2.7318408965901599e+003  2.7296349190328583e+003  2.4959197192137490e+003  2.4959197192133315e+003  2.3035650477416611e+003  2.3035650477416611e+003  2.1328509196428986e+003  2.1328509196428986e+003  2.1328509196428986e+003
  1.8779617409277071e+004  1.4867733577385108e+004  9.9509257166546522e+003  9.9506688550603048e+003  5.3759444593872340e+003  2.6387905130000745e+003  2.6386861871796191e+003  2.6386861871796191e+003  2.2455120377052845e+003  2.0571673409031218e+003  2.0571673409031218e+003  2.0571673409031218e+003  2.0571673409031218e+003  2.0571673409031218e+003
  2.1826570829658056e+004  1.7978275667375863e+004  1.1828522301318088e+004  1.1828522301318088e+004  7.0174906756129330e+003  2.7494698622801443e+003  2.5778253030103933e+003  2.3934343586656687e+003  2.3934340602067696e+003  2.3934340602067696e+003  2.1580825789903065e+003  2.1580825474114281e+003  2.1580825474114281e+003  2.1580825474114281e+003
  1.9891360388903962e+004  1.7879997896702007e+004  1.0555656874142496e+004  1.0555656874142496e+004  7.5428441317168072e+003  3.0650817552808767e+003  2.6528428387117419e+003  2.4899127375515554e+003  2.4475463043400596e+003  2.4475463043400596e+003  2.2408823455185129e+003  2.2408800558884295e+003  2.2408800558884295e+003  2.2408800558884295e+003
  2.1924578537163085e+004  1.5806095886073002e+004  1.0640735276396143e+004  6.3119857248762492e+003  5.9571185409043064e+003  2.3584282620368303e+003  2.3584113813396089e+003  2.3584113813396089e+003  2.3584113813396089e+003  2.2361027851621293e+003  2.2186013668788737e+003  2.2186013668788737e+003  2.2186013668788737e+003  2.2186013668788737e+003
  2.0055976621123365e+004  1.7617874303719986e+004  1.6968822715010712e+004  1.1989809366340247e+004  4.8958464235954743e+003  3.0116849959938818e+003  2.2567880598697702e+003  2.2567880598697702e+003  1.9996336063528670e+003  1.9996336063528670e+003  1.9996336063528670e+003  1.9996336063528670e+003  1.9996336063528670e+003  1.9996336063528670e+003
  2.0633642401221219e+004  1.7081032505833595e+004  8.7973469544284508e+003  8.7973469544284508e+003  4.1187521141953521e+003  2.8513687194889344e+003  2.4967087114290880e+003  2.4967087114290880e+003  2.4967087114290880e+003  2.4967087114290880e+003  2.3391047879436956e+003  2.2996070113793648e+003  2.2996070113793648e+003  2.2996070113793648e+003
  2.1284502112129361e+004  1.5995264516276722e+004  8.2466794104879336e+003  8.2466794104879336e+003  3.1050137064533828e+003  2.5569417279750451e+003  2.5326969495488174e+003  2.4163720006729864e+003  2.4163720006729864e+003  2.4163720006729864e+003  2.3362692918054890e+003  2.2493014882830448e+003  2.1656868430210443e+003  2.1656868430210443e+003
  1.9844780404972982e+004  1.6834993691249587e+004  1.3425752789542494e+004  6.9053596326927163e+003  4.8318414778555016e+003  2.5930199829951171e+003  1.9274357762644377e+003  1.9274357762644377e+003  1.9274357762644377e+003  1.9274357762644377e+003  1.9274357762644377e+003  1.9274357762644377e+003  1.9274357762644377e+003  1.9274357762644377e+003
  2.0186023621053384e+004  1.5793069535578172e+004  9.6176480585601876e+003  9.6176480585601876e+003  4.4059457881144008e+003  2.6434223616806348e+003  2.6434223616806348e+003  2.3844806227761837e+003  2.3832970477383169e+003  2.3832970477383169e+003  2.3832970477383169e+003  2.3832970477383169e+003  2.1394449464382797e+003  2.1394449464382797e+003
  2.1256070419998989e+004  1.6600990387021942e+004  9.6353188741624726e+003  9.6353188741624726e+003  5.8154237812393512e+003  3.0012621072134471e+003  2.4221727293323665e+003  2.2617120766728221e+003  2.2617120766728221e+003  2.2370082712889180e+003  2.2370081742377834e+003  2.2370081742377834e+003  2.2370081742377834e+003  2.2370081742377834e+003
  2.0291347650855638e+004  1.5985682594130449e+004  9.9791011142482166e+003  9.9790947315954945e+003  4.9792088030216528e+003  3.0589546352766401e+003  2.7005418485054524e+003  2.7005418485054524e+003  2.3463185007949651e+003  2.2624740087562986e+003  2.2624740087562986e+003  2.2624740087562986e+003  2.2624740087562986e+003  2.2624740087562986e+003
  2.0980236359614086e+004  1.7388238598709133e+004  8.6712938134391916e+003  8.6712938134391916e+003  4.5565967542377148e+003  2.8369453081690472e+003  2.3543312185675277e+003  2.0693506643299952e+003  2.0693506643299952e+003  2.0693506643299952e+003  2.0693506643299952e+003  2.0693506643299952e+003  2.0693506643299952e+003  2.0693506643299952e+003
  2.1827990242987496e+004  1.6414728459970436e+004  1.0679755464335294e+004  1.0679755455434160e+004  4.7450209678069477e+003  2.8538322582166502e+003  2.7795141231575408e+003  2.3312302225182175e+003  2.3312302225182175e+003  2.3312302225182175e+003  2.2531784120116054e+003  2.2531670412524663e+003  2.2531670412524663e+003  2.2531670412524663e+003
  2.1285768493630992e+004  1.7564571844709411e+004  1.0332927964231309e+004  1.0332927964231309e+004  4.6711748213023984e+003  2.6908825701378883e+003  2.5217556176314956e+003  2.5217556176314956e+003  2.5217556176314956e+003  2.3576838221377066e+003  2.3576838221377066e+003  2.3576838221377066e+003  2.3576838221377066e+003  2.3576838221377066e+003
  2.1919537215773744e+004  1.6462646456308503e+004  9.8777839093172261e+003  9.8777839093172261e+003  5.3215485224435879e+003  2.6044993873448911e+003  2.4963247263617550e+003  2.4962716124180442e+003  2.4617977075466933e+003  2.2666509948733810e+003  2.2666505907494648e+003  2.1537043050170560e+003  2.1537043050170560e+003  2.1537043050170560e+003
  2.1628738409192803e+004  1.6806424313055748e+004  1.0513070175873178e+004  1.0513070175873178e+004  5.5808014895168817e+003  3.1011547917272528e+003  2.5168364174587050e+003  2.5168363181719969e+003  2.4977767806278534e+003  2.4977766876987616e+003  2.4977766876987616e+003  2.1868362672559542e+003  2.1868362672559542e+003  2.1868362672559542e+003
  2.0159376277104195e+004  1.6441656739887570e+004  1.4192685938607527e+004  1.3297946539819150e+004  4.9871274263273444e+003  2.8949204616769066e+003  2.4119191351470608e+003  2.4119191351470608e+003  2.1402038778930837e+003  2.1402005705870779e+003  2.1402005705870779e+003  2.1402005705870779e+003  2.1402005705870779e+003  2.1402005705870779e+003
  2.0838313842739797e+004  1.5433239126874148e+004  8.2593151458383581e+003  8.2593151458383581e+003  4.0846323708526870e+003  2.5879785529017890e+003  2.4779331092985276e+003  2.4779328898628200e+003  2.2788183194982084e+003  2.2788183185999269e+003  2.2788183185999269e+003  2.2788183185999269e+003  2.1022135175255862e+003  2.1022126284893129e+003
  2.2869955288681143e+004  1.5556157638413169e+004  8.2072933443424718e+003  8.2072933443424718e+003  3.9759213066831253e+003  2.2652503893367866e+003  1.7582500163694831e+003  1.7582500163694831e+003  1.7582500163694831e+003  1.7582500163694831e+003  1.7582500163694831e+003  1.7582500163694831e+003  1.7582500163694831e+003  1.7566225924558421e+003
  1.9227038536518397e+004  1.5927521648134509e+004  9.8364106247514283e+003  9.8364106247514283e+003  4.3216315355141951e+003  3.2033117259326955e+003  2.5176190926720383e+003  2.2552276340002809e+003  2.2552276340002809e+003  2.2552276340002809e+003  2.2552276340002809e+003  2.0555049805642420e+003  2.0193171910978417e+003  2.0189188485047189e+003
  2.0147152735245418e+004  1.6108386177559529e+004  9.3916800813689679e+003  9.3916800813689679e+003  4.9149474498020172e+003  2.8944302106980122e+003  2.1865827566583148e+003  2.1865827566583148e+003  2.1865827566583148e+003  2.1865827566583148e+003  2.1865827566583148e+003  2.1865827566583148e+003  2.1865827566583148e+003  2.1865827566583148e+003
  2.0376543185072849e+004  1.6492929564500271e+004  1.1049791109338032e+004  1.1049791109338032e+004  5.4460188582176761e+003  2.8002424902093044e+003  2.3969164741467584e+003  2.3955282668793125e+003  2.3955282668793125e+003  2.3472249951403937e+003  2.2831927524098592e+003  2.2831925938782770e+003  2.2831925938782770e+003  2.2831925938782770e+003
  2.1823292861903250e+004  1.5725678921220799e+004  8.8512349281496463e+003  8.8512349281496463e+003  5.0754528137189973e+003  3.3171353182812345e+003  2.5518139751851431e+003  2.2650135422294625e+003  2.2650115649858635e+003  2.2650115649858635e+003  2.2650115649858635e+003  2.2650115649858635e+003  2.2580860415273428e+003  2.1861071886898089e+003
  2.1150701204369740e+004  1.4116136635845753e+004  1.0784972167143316e+004  1.0784972167143316e+004  4.9685693679322703e+003  2.8112351526167076e+003  2.8112351526167076e+003  2.2081573524081941e+003  2.2081572844729562e+003  2.2081571885847252e+003  2.2081570606358828e+003  2.2081569321320094e+003  2.2081568352619543e+003  2.2081567902660045e+003
  2.0995483301989509e+004  1.6491297889820587e+004  1.1391212628539521e+004  1.1391212628539521e+004  5.2344674946367450e+003  2.6303180073567564e+003  2.2898406141610030e+003  2.2898406141610030e+003  2.2898406141610030e+003  2.2898406141610030e+003  2.2898406141610030e+003  2.2898406141610030e+003  2.2529380480118798e+003  2.2529365929888581e+003
  2.1544233624514112e+004  1.6593050222397207e+004  9.8843724564327913e+003  9.8829251970427886e+003  3.9419830066546783e+003  2.6220282021995927e+003  2.6220282021995927e+003  2.3535467254966443e+003  2.3535462080806956e+003  2.3535460791446149e+003  2.3333959525180999e+003  2.3333959525180999e+003  2.3333959525180999e+003  2.3333959525180999e+003
  1.9297681108576777e+004  1.4797692447062338e+004  7.9013099805375950e+003  7.9013099805375950e+003  4.3679815775976622e+003  2.5408531440497045e+003  2.5366327492038909e+003  2.5366327492038909e+003  2.3283206396686946e+003  2.3283206396686946e+003  2.1767481189555647e+003  2.1767481189555647e+003  2.1466419395768116e+003  2.1466419395768116e+003
  2.1731545210545406e+004  1.6298845396088331e+004  8.5668430381829312e+003  8.5668422165023112e+003  6.7085220277276730e+003  3.8368244055113646e+003  2.5380006711271499e+003  2.4003868677152741e+003  2.3136328113734471e+003  2.3136328113734471e+003  2.1191267042047639e+003  2.1191266936888314e+003  2.1191266936888314e+003  2.1191266936888314e+003
  1.8530980359595247e+004  1.6612586743122436e+004  9.5979990458065840e+003  9.5979990458065840e+003  4.5299346010016980e+003  2.6292004701158521e+003  2.6069718112841711e+003  2.3406486355709303e+003  2.3406486355709303e+003  2.3406486355709303e+003  2.3406486355709303e+003  2.3232951106275350e+003  2.3232951106275350e+003  2.2566362560722982e+003
  2.2096733472037336e+004  1.7933949361632825e+004  9.9736993252089269e+003  9.9736585273803375e+003  8.3037524214551158e+003  2.4352820374877228e+003  2.4352820374877228e+003  2.4352820374877228e+003  2.3905554426119525e+003  2.3666255210324725e+003  2.3666255210324725e+003  2.3666255210324725e+003  2.3666255210324725e+003  2.3666255210324725e+003
  2.1560437704905133e+004  1.7012652157046508e+004  1.0781890857566526e+004  1.0781889901001110e+004  6.2353186026935000e+003  2.7592349822674696e+003  2.6019413139082862e+003  2.2307670249499652e+003  2.2307670249499652e+003  2.2307670249499652e+003  2.2307670249499652e+003  2.2307670249499652e+003  2.2307670249499652e+003  2.2307670249499652e+003
  2.0602057273719598e+004  1.7137387316259876e+004  9.0769096662493557e+003  9.0769096662493557e+003  6.4125399270642374e+003  2.6182708044951023e+003  2.4109191973920115e+003  2.3881632152276661e+003  2.3850665724200462e+003  2.1968062781192948e+003  2.1968062781182070e+003  2.1968062781171193e+003  2.1968062781160343e+003  2.1968062781142926e+003
  1.9558907175214394e+004  1.5824984686378208e+004  9.4096045941450284e+003  9.4096045937866547e+003  4.7326711547859013e+003  2.6880834376505845e+003  2.4642364904906699e+003  2.4642364904906699e+003  2.4642364904906699e+003  2.4642364904906699e+003  2.1132445329908714e+003  2.1132445329908714e+003  2.1132445329908714e+003  2.1132283231133706e+003
  2.2035805651619325e+004  1.3971002725943137e+004  8.9713754756986091e+003  8.9713754756986091e+003  4.1737606183224834e+003  2.9851801396375913e+003  2.4985202307847649e+003  2.4014826659869850e+003  2.4014826659869850e+003  2.4014826659869850e+003  2.4014826659869850e+003  2.4014826659869850e+003  2.4014826659869850e+003  2.4014826659869850e+003
  2.1852277191536472e+004  1.7040916583218117e+004  9.3542172090837958e+003  9.3542172090837958e+003  5.4837391778735764e+003  3.4192327844931315e+003  2.4589414619379968e+003  2.4589414619379968e+003  2.4589414619379968e+003  2.3241295435462516e+003  2.2214346649498666e+003  2.2214296750051562e+003  2.1110371557938643e+003  2.1110371365527571e+003
  2.0739015912278948e+004  1.5394985771642972e+004  1.2527200996554422e+004  1.2069560455436284e+004  5.4801814896422056e+003  2.8658393993274531e+003  2.8658393993274531e+003  2.5385530816938717e+003  2.3848482013408002e+003  2.3848482013408002e+003  2.3848482013408002e+003  2.3848482013408002e+003  2.3848482013408002e+003  2.3848482013408002e+003
  2.1980399604067286e+004  1.6239600302507955e+004  1.0369733145200167e+004  1.0369733145200167e+004  6.3169197890973192e+003  2.7438526744002347e+003  2.6739811729568028e+003  2.3622241040342906e+003  1.9525321164718271e+003  1.9525321164718271e+003  1.9525321164718271e+003  1.9525321164718271e+003  1.9525321164718271e+003  1.9525211063310253e+003
  2.1462961887862984e+004  1.6598701203746434e+004  9.4601634348328735e+003  9.4601634348328735e+003  5.1706133336150760e+003  3.1942847528462025e+003  2.5051803157334252e+003  2.4698978145719484e+003  2.4256551530960678e+003  2.4256551530960678e+003  2.4256551530960678e+003  2.4256551530960678e+003  2.4256551530960678e+003  1.9226652526007156e+003
