  2.6846456262706761e+002  2.4069525830724569e+002  2.3028585281432197e+002  2.0629654467698037e+002  2.0184026948239261e+002  2.0059632142641931e+002  2.0059632142641931e+002  2.0059632142641931e+002  2.0059632142641931e+002  2.0059632142641931e+002  2.0059632142641931e+002  2.0059632142641931e+002  2.0059632142641931e+002  2.0033941549323481e+002
  2.5203178048893187e+002  2.2638205119467011e+002  2.2638205119467011e+002  2.0198256550868246e+002  2.0141560994717565e+002  2.0089052941396312e+002  2.0089052941396312e+002  2.0089052941396312e+002  2.0084627089447713e+002  2.0067647402007196e+002  2.0067647402007196e+002  2.0067647402007196e+002  2.0067647402007196e+002  2.0037190746888427e+002
  2.6649147072887763e+002  2.5574211887745514e+002  2.3889684376833384e+002  2.0260821607614207e+002  2.0222459639029012e+002  2.0036819496432008e+002  2.0036819496432008e+002  2.0036819496432008e+002  2.0036819496432008e+002  2.0036819496432008e+002  2.0036819496432008e+002  2.0036819496432008e+002  2.0035678217423128e+002  2.0027490778060883e+002
  2.5607858187997863e+002  2.4699801315669083e+002  2.3911366937977300e+002  2.2267385195482666e+002  2.0233150950469326e+002  2.0199607033645407e+002  2.0136968050638052e+002  2.0124582196943356e+002  2.0124582196943356e+002  2.0124582196943356e+002  2.0071436291048030e+002  2.0071436291048030e+002  2.0071436291048030e+002  2.0040983607464705e+002
  2.5376691506755060e+002  2.4312263450367755e+002  2.4258813524745437e+002  2.2924502307466810e+002  2.0141290756993521e+002  2.0049721988039755e+002  2.0049721988039755e+002  2.0049721988039755e+002  2.0049721988039755e+002  2.0049721988039755e+002  2.0049721988039755e+002  2.0049721988039755e+002  2.0049721988039755e+002  2.0048307993383105e+002
  2.5661221399569649e+002  2.4753943401424885e+002  2.4285523906707886e+002  2.2269613490979327e+002  2.1870002472008082e+002  2.0117410069686684e+002  2.0117410069686684e+002  2.0117410069686684e+002  2.0117410069686684e+002  2.0117410069686684e+002  2.0117410069686684e+002  2.0067863037630741e+002  2.0067863037630741e+002  2.0067863037630741e+002
  2.6189592249707175e+002  2.4283485407715034e+002  2.3535828115941695e+002  2.0203557409460154e+002  2.0178229125595499e+002  2.0110498778564624e+002  2.0110498778564624e+002  2.0110498778564624e+002  2.0110498778564624e+002  2.0110498778564624e+002  2.0110498778564624e+002  2.0110498778564624e+002  2.0110498778564624e+002  2.0038907958425489e+002
  2.6916807073904283e+002  2.4240447350715158e+002  2.3193081534243629e+002  2.0373818466958846e+002  2.0373818466958846e+002  2.0152410639783693e+002  2.0116331979678716e+002  2.0116331979678716e+002  2.0116331979678716e+002  2.0097515487255168e+002  2.0081934324418489e+002  2.0061677421997319e+002  2.0061677421997319e+002  2.0033798880235554e+002
  2.6913684938456936e+002  2.4276529920367966e+002  2.3387998404200380e+002  2.0282884926035968e+002  2.0282884926035968e+002  2.0282884926035968e+002  2.0095722675053048e+002  2.0095722675053048e+002  2.0095722675053048e+002  2.0095722675053048e+002  2.0095722675053048e+002  2.0095722675053048e+002  2.0095722675053048e+002  2.0032484343310307e+002
  2.6217117173631868e+002  2.3904872599810051e+002  2.2684777069347774e+002  2.0185102499672894e+002  2.0185102499672894e+002  2.0142251619077842e+002  2.0142251619077842e+002  2.0142251619077842e+002  2.0065787133528602e+002  2.0065787133528602e+002  2.0065787133528602e+002  2.0065787133528602e+002  2.0065787133528602e+002  2.0034306733695757e+002
  2.7125101125965648e+002  2.4169415459405309e+002  2.3249386767144506e+002  2.0347580846477786e+002  2.0184486584052274e+002  2.0184486584052274e+002  2.0122662885580849e+002  2.0115711621295213e+002  2.0115711621295213e+002  2.0115711621295213e+002  2.0111200022160074e+002  2.0095247902289702e+002  2.0095247902289702e+002  2.0046519847748414e+002
  2.6568482523851071e+002  2.5781711424118339e+002  2.4060819073059247e+002  2.0369780532556433e+002  2.0310269563559814e+002  2.0114118183414166e+002  2.0054006379885777e+002  2.0054006379885777e+002  2.0054006379885777e+002  2.0054006379885777e+002  2.0054006379885777e+002  2.0054006379885777e+002  2.0054006379885777e+002  2.0027241358751417e+002
  2.4919027321500835e+002  2.2946937940053613e+002  2.2774060078000639e+002  2.0221894694247430e+002  2.0221894694247430e+002  2.0086747775725371e+002  2.0086747775725371e+002  2.0086747775725371e+002  2.0086747775725371e+002  2.0086747775725371e+002  2.0086747775725371e+002  2.0086747775725371e+002  2.0086747775725371e+002  2.0044527991191762e+002
  2.5823271309395341e+002  2.5062634843357864e+002  2.3104438071504683e+002  2.0211435600453979e+002  2.0203648893057016e+002  2.0203648893057016e+002  2.0198101363222577e+002  2.0121095639949726e+002  2.0121095639949726e+002  2.0121095639949726e+002  2.0121095639949726e+002  2.0111776201567000e+002  2.0077724979017285e+002  2.0028804125284523e+002
  2.5671627513324393e+002  2.4309608316910817e+002  2.3598669665758462e+002  2.0189328895365270e+002  2.0189328895365270e+002  2.0189328895365270e+002  2.0119988597655811e+002  2.0119988597655811e+002  2.0119988597655811e+002  2.0119988597655811e+002  2.0119988597655811e+002  2.0119988597655811e+002  2.0119988597655811e+002  2.0119988597655811e+002
  2.6682934366458994e+002  2.4320201837084505e+002  2.3890702527246685e+002  2.0867534952720644e+002  2.0867534952720644e+002  2.0122417535161776e+002  2.0115541268807146e+002  2.0082376007413268e+002  2.0082376007413268e+002  2.0082376007413268e+002  2.0082376007413268e+002  2.0082376007413268e+002  2.0082376007413268e+002  2.0052115963071719e+002
  2.6307382220361069e+002  2.3884093988516543e+002  2.3566955293104184e+002  2.0147571344436028e+002  2.0122725857392015e+002  2.0122725857392015e+002  2.0039477456008444e+002  2.0039477456008444e+002  2.0039477456008444e+002  2.0039477456008444e+002  2.0039477456008444e+002  2.0039477456008444e+002  2.0039477456008444e+002  2.0034382405055840e+002
  2.6397819768551517e+002  2.4058705665638399e+002  2.3517234664919670e+002  2.0269532994623660e+002  2.0269532994623660e+002  2.0205587853039196e+002  2.0145999945928588e+002  2.0104053029261877e+002  2.0104053029261877e+002  2.0104053029261877e+002  2.0104053029261877e+002  2.0104053029261877e+002  2.0104053029261877e+002  2.0041276893766371e+002
  2.7557556532794388e+002  2.5174021606726183e+002  2.3808518966250131e+002  2.0127987070834433e+002  2.0127987070834433e+002  2.0127987070834433e+002  2.0127987070834433e+002  2.0127987070834433e+002  2.0071419759001992e+002  2.0071419759001992e+002  2.0071419759001992e+002  2.0071419759001992e+002  2.0071419759001992e+002  2.0025413945681112e+002
  2.4350244744422935e+002  2.4350244744422935e+002  2.4235800373447591e+002  2.3487699209298580e+002  2.0684807598636507e+002  2.0143584438641528e+002  2.0097265123259740e+002  2.0097265123259740e+002  2.0097265123259740e+002  2.0097265123259740e+002  2.0097265123259740e+002  2.0097265123259740e+002  2.0097265123259740e+002  2.0033293280207272e+002
  2.6083834891420065e+002  2.2581879889225638e+002  2.2142947825508645e+002  2.0190697456626822e+002  2.0168331807678123e+002  2.0077002402826429e+002  2.0077002402826429e+002  2.0077002402826429e+002  2.0077002402826429e+002  2.0077002402826429e+002  2.0077002402826429e+002  2.0077002402826429e+002  2.0077002402826429e+002  2.0077002402826429e+002
  2.6988145338903269e+002  2.5158432638703698e+002  2.3615895130392482e+002  2.0241306708270940e+002  2.0195991352479177e+002  2.0135518285916442e+002  2.0135518285916442e+002  2.0135518285916442e+002  2.0135518285916442e+002  2.0135518285916442e+002  2.0135518285916442e+002  2.0135518285916442e+002  2.0135518285916442e+002  2.0032028609959207e+002
  2.7230179696889127e+002  2.4720023847983293e+002  2.3099587335836668e+002  2.0260198765493578e+002  2.0243302055438699e+002  2.0125400919785625e+002  2.0125400919785625e+002  2.0063068087363035e+002  2.0063068087363035e+002  2.0055136679065072e+002  2.0055136679065072e+002  2.0055136679065072e+002  2.0055136679065072e+002  2.0030553499509415e+002
  2.6084341905101928e+002  2.4287830557338521e+002  2.3468344556981810e+002  2.0327710886080331e+002  2.0327710886080331e+002  2.0157304576731985e+002  2.0109129379308615e+002  2.0109129379308615e+002  2.0109129379308615e+002  2.0109129379308615e+002  2.0109129379308615e+002  2.0109129379308615e+002  2.0109129379308615e+002  2.0046314886409618e+002
  2.6817322329596027e+002  2.4377623419282054e+002  2.4124602490427333e+002  2.1942154649317808e+002  2.1942154649234635e+002  2.0106346477813713e+002  2.0106346477813713e+002  2.0093059684172022e+002  2.0093059684172022e+002  2.0093059684172022e+002  2.0093059684172022e+002  2.0093059684172022e+002  2.0064858658810226e+002  2.0044659854142537e+002
  2.5136190015642842e+002  2.4752932600611439e+002  2.3410164792778096e+002  2.2601945581132122e+002  2.0108337333333384e+002  2.0108337333333384e+002  2.0108337333333384e+002  2.0108337333333384e+002  2.0108337333333384e+002  2.0108337333333384e+002  2.0108337333333384e+002  2.0108337333333384e+002  2.0051610807909219e+002  2.0035715900793730e+002
  2.7834223820006810e+002  2.4672112324500222e+002  2.3433798139353576e+002  2.0159091886247825e+002  2.0159091886247825e+002  2.0159091886247825e+002  2.0118673776578817e+002  2.0118673776578817e+002  2.0118673776578817e+002  2.0085511837115428e+002  2.0085511837115428e+002  2.0085511837115428e+002  2.0085511837115428e+002  2.0085511837115428e+002
  2.5621757492996858e+002  2.4507765933719065e+002  2.3274978254676262e+002  2.0213107713302679e+002  2.0213107713302679e+002  2.0213107713302679e+002  2.0058698767710803e+002  2.0058698767710803e+002  2.0058698767710803e+002  2.0058698767710803e+002  2.0058698767710803e+002  2.0058698767710803e+002  2.0058698767710803e+002  2.0058698767710803e+002
  2.6837369849215520e+002  2.4832051454260909e+002  2.4364194139186429e+002  2.0646082429465514e+002  2.0497731114033422e+002  2.0117432391385182e+002  2.0117432391385182e+002  2.0117432391385182e+002  2.0117432391385182e+002  2.0117432391385182e+002  2.0117432391385182e+002  2.0068190814265017e+002  2.0068190814265017e+002  2.0028248589941677e+002
  2.6908764805648843e+002  2.4871680664857286e+002  2.3511862636771002e+002  2.2819026288977102e+002  2.0264516584240801e+002  2.0231265169755898e+002  2.0101405653941902e+002  2.0101405653941902e+002  2.0101405653941902e+002  2.0101405653941902e+002  2.0101405653941902e+002  2.0101405653941902e+002  2.0101405653941902e+002  2.0051406372151587e+002
  2.4233843778151368e+002  2.4132733577845147e+002  2.3903357218997007e+002  2.0251777214757976e+002  2.0251777214757976e+002  2.0251777214757976e+002  2.0116668521653401e+002  2.0053154659892016e+002  2.0053154659892016e+002  2.0053154659892016e+002  2.0046959135290990e+002  2.0046959135290990e+002  2.0046959135290990e+002  2.0027620035173868e+002
  2.6788398677054192e+002  2.3387600719431975e+002  2.3268569273952426e+002  2.0356716664440228e+002  2.0338088665120722e+002  2.0126932356461111e+002  2.0051442609676997e+002  2.0051442609676997e+002  2.0043227281989493e+002  2.0043227281989493e+002  2.0043227281989493e+002  2.0043227281989493e+002  2.0043227281989493e+002  2.0020638382569086e+002
  2.6171174107282650e+002  2.4180076452709818e+002  2.3727588429404432e+002  2.0589298351369462e+002  2.0130874603860502e+002  2.0130874603860502e+002  2.0130874603860502e+002  2.0060433464267408e+002  2.0060433464267408e+002  2.0060433464267408e+002  2.0060433464267408e+002  2.0060433464267408e+002  2.0060433464267408e+002  2.0048308202797580e+002
  2.6194536659544337e+002  2.5232175278003024e+002  2.3952678360167602e+002  2.2323423958033754e+002  2.0195766439325052e+002  2.0111977567113263e+002  2.0111977567113263e+002  2.0105395054621886e+002  2.0105291752515132e+002  2.0105291752515132e+002  2.0050119701196763e+002  2.0050119701196763e+002  2.0050119701196763e+002  2.0029582703261531e+002
  2.7384467422715534e+002  2.5440011219875350e+002  2.4026072744564181e+002  2.1518815669796322e+002  2.0096821006711980e+002  2.0074341570138540e+002  2.0074341570138540e+002  2.0074341570138540e+002  2.0074341570138540e+002  2.0074341570138540e+002  2.0074341570138540e+002  2.0074341570138540e+002  2.0074341570138540e+002  2.0074341570138540e+002
  2.6642466882744475e+002  2.4687729458826561e+002  2.3986274762341100e+002  2.0284326341022643e+002  2.0284326341022643e+002  2.0168007380861172e+002  2.0106660254756889e+002  2.0085064352515656e+002  2.0085064352515656e+002  2.0085064352515656e+002  2.0085064352515656e+002  2.0085064352515656e+002  2.0085064352515656e+002  2.0045480399093776e+002
  2.5949195158019165e+002  2.4897679356061963e+002  2.3965308542931461e+002  2.0152840142097875e+002  2.0152840142097875e+002  2.0152840142097875e+002  2.0152840142097875e+002  2.0152840142097875e+002  2.0148334828969018e+002  2.0148334828969018e+002  2.0049872295670184e+002  2.0049872295670184e+002  2.0049872295670184e+002  2.0029949355421468e+002
  2.4623329177063488e+002  2.3900702707919345e+002  2.3278722361588098e+002  2.0121072900041690e+002  2.0121072900041690e+002  2.0115747821480181e+002  2.0056032412944705e+002  2.0053441774936846e+002  2.0053441774936846e+002  2.0053441774936846e+002  2.0053441774936846e+002  2.0053441774936846e+002  2.0053441774936846e+002  2.0032968987397317e+002
  2.6671023583056376e+002  2.4064166526070585e+002  2.3990076121222546e+002  2.0340459625701760e+002  2.0253531607673949e+002  2.0087556983441482e+002  2.0063518692363277e+002  2.0063518692363277e+002  2.0063518692363277e+002  2.0063518692363277e+002  2.0063518692363277e+002  2.0063518692363277e+002  2.0063518692363277e+002  2.0063518692363277e+002
  2.7584536190253584e+002  2.4640424205934823e+002  2.3142087534044595e+002  2.0141617919834516e+002  2.0141617919834516e+002  2.0141617919834516e+002  2.0141617919834516e+002  2.0141617919834516e+002  2.0141617919834516e+002  2.0123026158366156e+002  2.0123026158366156e+002  2.0123026158366156e+002  2.0111187988198844e+002  2.0037409733030245e+002
  2.5254075711764654e+002  2.4553977651942159e+002  2.3820096767171026e+002  2.1126278396518137e+002  2.0132623539297083e+002  2.0070531179829550e+002  2.0070531179829550e+002  2.0051833054440158e+002  2.0051833054440158e+002  2.0051833054440158e+002  2.0051833054440158e+002  2.0051833054440158e+002  2.0051833054440158e+002  2.0043232085313457e+002
  2.5801070484297361e+002  2.5088835455487424e+002  2.3816291790213609e+002  2.0754099059695091e+002  2.0754099059695091e+002  2.0303504818432793e+002  2.0121752587962237e+002  2.0045072515814900e+002  2.0045072515814900e+002  2.0045072515814900e+002  2.0041273218650667e+002  2.0041273218650667e+002  2.0041273218650667e+002  2.0040835227844991e+002
  2.7510481328385640e+002  2.5448023096609313e+002  2.4187483233626835e+002  2.2697800888961729e+002  2.2184732349102705e+002  2.0062487611259621e+002  2.0062487611259621e+002  2.0062487611259621e+002  2.0062487611259621e+002  2.0053032301957001e+002  2.0053032301957001e+002  2.0048985769166893e+002  2.0048985769166893e+002  2.0034161684121773e+002
  2.5606521469772952e+002  2.3428954921582681e+002  2.3027737125172371e+002  2.0216617627350206e+002  2.0135739251212544e+002  2.0103686536792657e+002  2.0103686536792657e+002  2.0103686536792657e+002  2.0103686536792657e+002  2.0069186455031331e+002  2.0069186455031331e+002  2.0069186455031331e+002  2.0069186455031331e+002  2.0039930686894149e+002
  2.5268978669008629e+002  2.3986531039643842e+002  2.3852451622483386e+002  2.0210309153071103e+002  2.0210309153071103e+002  2.0160842007893370e+002  2.0091335069126399e+002  2.0061921168211848e+002  2.0061921168211848e+002  2.0061921168211848e+002  2.0061921168211848e+002  2.0061921168211848e+002  2.0061921168211848e+002  2.0030185148029432e+002
  2.6550783144764682e+002  2.4953092653302747e+002  2.3689005206361526e+002  2.1901461967939849e+002  2.0139872389820857e+002  2.0138589523017981e+002  2.0091190955569527e+002  2.0091190955569527e+002  2.0091190955569527e+002  2.0091190955569527e+002  2.0091190955569527e+002  2.0091190955569527e+002  2.0067768223396797e+002  2.0067768223396797e+002
  2.6283807549076209e+002  2.4470689140798004e+002  2.2753072336368132e+002  2.0171263372445537e+002  2.0171263372445537e+002  2.0171263372445537e+002  2.0126493949644419e+002  2.0080064840957948e+002  2.0080064840957948e+002  2.0078387100061036e+002  2.0078387100061036e+002  2.0076285952321132e+002  2.0076285952321132e+002  2.0030145531270318e+002
  2.7373820785426187e+002  2.4573588135870159e+002  2.3581241913692429e+002  2.2054523926821639e+002  2.2054523926821639e+002  2.0122820533607819e+002  2.0075866499296671e+002  2.0075866499296671e+002  2.0075866499296671e+002  2.0075866499296671e+002  2.0075866499296671e+002  2.0075866499296671e+002  2.0075866499296671e+002  2.0075866499296671e+002
  2.6889482967169442e+002  2.4621560669461996e+002  2.3849547329765073e+002  2.0558194560258653e+002  2.0115916716875336e+002  2.0088003978675943e+002  2.0088003978675943e+002  2.0088003978675943e+002  2.0088003978675943e+002  2.0088003978675943e+002  2.0088003978675943e+002  2.0088003978675943e+002  2.0076700365297938e+002  2.0036642320366082e+002
  2.8199591819753505e+002  2.5112526458200227e+002  2.3740659827859963e+002  2.0431901675994231e+002  2.0431901675994231e+002  2.0246205705924785e+002  2.0199617789514696e+002  2.0199617789514696e+002  2.0142008103766784e+002  2.0107646617185583e+002  2.0059876514221378e+002  2.0052816461096018e+002  2.0052816461096018e+002  2.0030948885870475e+002
  2.5330502203039214e+002  2.3910156707335909e+002  2.3910156707335909e+002  2.1581181011240824e+002  2.0297675043104255e+002  2.0117064339155877e+002  2.0117064339155877e+002  2.0095195418897811e+002  2.0054358081859982e+002  2.0039191357498112e+002  2.0039191357498112e+002  2.0039191357498112e+002  2.0039191357498112e+002  2.0022475617403961e+002
