  2.0987514976209809e+001  2.0974299888958171e+001  2.0974299888958171e+001  1.9999997715622271e+001  1.9999997715622271e+001  1.9999997715622271e+001  1.9999997715622271e+001  1.9999997715622271e+001  1.9999997715622271e+001  1.9999997715622271e+001  1.9999997715622271e+001  1.9999997715622271e+001  1.9999997715622271e+001  1.9999997715622271e+001
  2.1162904873603793e+001  2.1016389371090440e+001  2.1016389371090440e+001  1.9999998795408146e+001  1.9999998795408146e+001  1.9999998795408146e+001  1.9999998795408146e+001  1.9999998795408146e+001  1.9999998795408146e+001  1.9999996173539898e+001  1.9999996173539898e+001  1.9999996173539898e+001  1.9999996173539898e+001  1.9999996173539898e+001
  2.1136603479277824e+001  2.1134489339083530e+001  2.1130962796901031e+001  1.9999999300361765e+001  1.9999993197293861e+001  1.9999993197278854e+001  1.9999993197278854e+001  1.9999993197278854e+001  1.9999993197278854e+001  1.9999993197278854e+001  1.9999993197278854e+001  1.9999993197278854e+001  1.9999993197278854e+001  1.9999993197278854e+001
  2.1182045480912734e+001  2.1131139676688690e+001  2.1075101907970748e+001  1.9999999886348178e+001  1.9999999886348178e+001  1.9999999335875600e+001  1.9999998268041736e+001  1.9999998268036848e+001  1.9999998268036848e+001  1.9999998268036848e+001  1.9999987218815363e+001  1.9999987218815363e+001  1.9999987218815363e+001  1.9999987218815363e+001
  2.1151508045184414e+001  2.1145989563124090e+001  2.1116484350165024e+001  1.9999997633138719e+001  1.9999997633138719e+001  1.9999997633138719e+001  1.9999997633138719e+001  1.9999997633138719e+001  1.9999997633138719e+001  1.9999997633138719e+001  1.9999997633138719e+001  1.9999997633138719e+001  1.9999997633138719e+001  1.9999997633138719e+001
  2.1161708805885610e+001  2.1161708805885610e+001  2.1098077477224024e+001  1.9999999580534677e+001  1.9999999580533313e+001  1.9999999580533313e+001  1.9999999580533313e+001  1.9999999580533313e+001  1.9999999580533313e+001  1.9999997070796553e+001  1.9999997070796553e+001  1.9999997070796553e+001  1.9999997070796553e+001  1.9999997070796553e+001
  2.1095843107892392e+001  2.0988478840184712e+001  2.0988478840184712e+001  1.9999999907479150e+001  1.9999999907479150e+001  1.9999999907479150e+001  1.9999999907479150e+001  1.9999999907479150e+001  1.9999994839545252e+001  1.9999994839511373e+001  1.9999994839511373e+001  1.9999994839511373e+001  1.9999994839511373e+001  1.9999994839511373e+001
  2.1204731244346476e+001  2.1124002562213946e+001  2.1114628663921053e+001  1.9999999977879042e+001  1.9999995248776372e+001  1.9999995248610162e+001  1.9999995248610162e+001  1.9999995248610162e+001  1.9999995248610162e+001  1.9999995248610162e+001  1.9999995248610162e+001  1.9999995248610162e+001  1.9999995248610162e+001  1.9999995248610162e+001
  2.1209889593170146e+001  2.1180869607052728e+001  2.1108374704679477e+001  1.9999999928570446e+001  1.9999999928570446e+001  1.9999999928570446e+001  1.9999999928570446e+001  1.9999999928570446e+001  1.9999999928570446e+001  1.9999999928570446e+001  1.9999999821048732e+001  1.9999999821048732e+001  1.9999999821048732e+001  1.9999999821048732e+001
  2.1225590868171139e+001  2.1085234868141697e+001  2.1085234868141697e+001  1.9999999305381834e+001  1.9999998729027766e+001  1.9999998729027766e+001  1.9999998729027766e+001  1.9999998124458102e+001  1.9999995653376800e+001  1.9999995653374526e+001  1.9999995653374526e+001  1.9999995653374526e+001  1.9999995653374526e+001  1.9999995653374526e+001
  2.1156673713963869e+001  2.1149176972655027e+001  2.1092892264219813e+001  1.9999999179650786e+001  1.9999997515513314e+001  1.9999997515513314e+001  1.9999997515513314e+001  1.9999997515513314e+001  1.9999997515513314e+001  1.9999997515513314e+001  1.9999997515513314e+001  1.9999997515513314e+001  1.9999996935264107e+001  1.9999996934544356e+001
  2.1020689684178706e+001  2.1020689684178706e+001  2.1020689684178706e+001  1.9999999873310458e+001  1.9999998962758127e+001  1.9999998934270820e+001  1.9999991763852449e+001  1.9999991763838466e+001  1.9999991763838466e+001  1.9999991763838466e+001  1.9999991763838466e+001  1.9999991763838466e+001  1.9999991763838466e+001  1.9999991763838466e+001
  2.1168286766274832e+001  2.1150980365190208e+001  2.1100686055088318e+001  1.9999999774540811e+001  1.9999999774539106e+001  1.9999999774539106e+001  1.9999999675632012e+001  1.9999999675632012e+001  1.9999999675632012e+001  1.9999999675632012e+001  1.9999999675632012e+001  1.9999995448478103e+001  1.9999995448476398e+001  1.9999995448476398e+001
  2.1213006369779009e+001  2.1167139366766946e+001  2.1136858665219961e+001  1.9999999890699314e+001  1.9999999890699314e+001  1.9999999890699314e+001  1.9999999890699314e+001  1.9999999890699314e+001  1.9999999890699314e+001  1.9999997993908096e+001  1.9999997993588863e+001  1.9999997993588863e+001  1.9999997993588863e+001  1.9999997993588863e+001
  2.1094945739003492e+001  2.1094945739003492e+001  2.1088958939144504e+001  1.9999995708295955e+001  1.9999991850961237e+001  1.9999991850961237e+001  1.9999991850961237e+001  1.9999991850961237e+001  1.9999991850961237e+001  1.9999991850961237e+001  1.9999991850961237e+001  1.9999991850961237e+001  1.9999991850961237e+001  1.9999991850961237e+001
  2.1227049317979890e+001  2.1124138513075877e+001  2.1068107337168726e+001  1.9999999246547077e+001  1.9999999246547077e+001  1.9999984042963092e+001  1.9999984042916253e+001  1.9999984042916253e+001  1.9999984042916253e+001  1.9999984042916253e+001  1.9999984042916253e+001  1.9999984042916253e+001  1.9999984042916253e+001  1.9999984042916253e+001
  2.1223191909843422e+001  2.1100458070514719e+001  2.1084874664733888e+001  1.9999999941885903e+001  1.9999999941885903e+001  1.9999999941885903e+001  1.9999999941885903e+001  1.9999999941885903e+001  1.9999999941885903e+001  1.9999999941885903e+001  1.9999999941885903e+001  1.9999994681028397e+001  1.9999994681028397e+001  1.9999994681028397e+001
  2.1188783051743826e+001  2.1109479973782868e+001  2.1109479973782868e+001  1.9999999868195687e+001  1.9999999868195687e+001  1.9999999868195687e+001  1.9999999868195687e+001  1.9999999868195687e+001  1.9999999868195687e+001  1.9999999868195687e+001  1.9999999552057488e+001  1.9999998067459273e+001  1.9999998067459273e+001  1.9999998067459273e+001
  2.1156100405760071e+001  2.1137042694102206e+001  2.1087811996220694e+001  1.9999999827502165e+001  1.9999999827172360e+001  1.9999989583687466e+001  1.9999989583687466e+001  1.9999989583687466e+001  1.9999989583687466e+001  1.9999989583687466e+001  1.9999989583687466e+001  1.9999956644535018e+001  1.9999956644535018e+001  1.9999956644535018e+001
  2.1161919690184277e+001  2.1096899194973389e+001  2.1096899194973389e+001  1.9999999874177433e+001  1.9999999874177433e+001  1.9999999874177433e+001  1.9999999874177433e+001  1.9999999266770146e+001  1.9999999266770146e+001  1.9999999243102025e+001  1.9999999243102025e+001  1.9999998136837576e+001  1.9999998136837576e+001  1.9999987708862704e+001
  2.1130609924849409e+001  2.1128271292160093e+001  2.1128271292160093e+001  1.9999998206984287e+001  1.9999998206980649e+001  1.9999998206980649e+001  1.9999998206980649e+001  1.9999998206980649e+001  1.9999998206980649e+001  1.9999998206980649e+001  1.9999998206980649e+001  1.9999998206980649e+001  1.9999998206980649e+001  1.9999998206980649e+001
  2.1118564733607968e+001  2.1035611437311218e+001  2.1035611437311218e+001  1.9999999508030442e+001  1.9999999508030442e+001  1.9999999508030442e+001  1.9999999508030442e+001  1.9999998177122507e+001  1.9999998176885470e+001  1.9999998176885470e+001  1.9999998176885470e+001  1.9999998176885470e+001  1.9999998176885470e+001  1.9999998176885470e+001
  2.1148065716842211e+001  2.1092016495256189e+001  2.1086656352879459e+001  1.9999999724100121e+001  1.9999999724100121e+001  1.9999999724100121e+001  1.9999999724100121e+001  1.9999999724100121e+001  1.9999999724100121e+001  1.9999995178792574e+001  1.9999995178792574e+001  1.9999995178792574e+001  1.9999995178792574e+001  1.9999995178792574e+001
  2.1213173173151517e+001  2.1068210455237136e+001  2.1068210455237136e+001  1.9999999833799166e+001  1.9999999833795528e+001  1.9999999833795528e+001  1.9999999833795528e+001  1.9999999833795528e+001  1.9999999833795528e+001  1.9999999833795528e+001  1.9999999833795528e+001  1.9999997867964453e+001  1.9999997867964453e+001  1.9999997867964453e+001
  2.1154098183640940e+001  2.1145502821776859e+001  2.1064362556405740e+001  1.9999999951817017e+001  1.9999998126727860e+001  1.9999997394087814e+001  1.9999997394087814e+001  1.9999997394087814e+001  1.9999997394087814e+001  1.9999997394087814e+001  1.9999997394087814e+001  1.9999997394087814e+001  1.9999997394087814e+001  1.9999997394087814e+001
  2.1144778368600328e+001  2.1098651499410266e+001  2.1083604557513240e+001  1.9999999557251613e+001  1.9999999557251613e+001  1.9999999557251613e+001  1.9999999557251613e+001  1.9999999557251613e+001  1.9999999557251613e+001  1.9999999557251613e+001  1.9999999557251613e+001  1.9999999557251613e+001  1.9999999557251613e+001  1.9999999557251613e+001
  2.1084554165633108e+001  2.1084554165633108e+001  2.1084554165633108e+001  1.9999999138687826e+001  1.9999999138687826e+001  1.9999999138687826e+001  1.9999999138687826e+001  1.9999997816732048e+001  1.9999997816702489e+001  1.9999997816702489e+001  1.9999992455759184e+001  1.9999985250017289e+001  1.9999985250017289e+001  1.9999985250017289e+001
  2.1239467374226251e+001  2.1138125168738043e+001  2.1100202272021079e+001  1.9999999978592314e+001  1.9999999978592314e+001  1.9999999978592314e+001  1.9999999978592314e+001  1.9999999978592314e+001  1.9999999978592314e+001  1.9999997240685389e+001  1.9999997240685389e+001  1.9999997240685389e+001  1.9999997240685389e+001  1.9999997240685389e+001
  2.1121713145670356e+001  2.1073070078401201e+001  2.1073070078401201e+001  1.9999999459273567e+001  1.9999999459272885e+001  1.9999999459272885e+001  1.9999999459272885e+001  1.9999996508651407e+001  1.9999996508651407e+001  1.9999996508651407e+001  1.9999996508651407e+001  1.9999996508651407e+001  1.9999996508651407e+001  1.9999996508651407e+001
  2.1127036378940829e+001  2.1059122396692715e+001  2.1059122396692715e+001  1.9999999841865929e+001  1.9999999841865701e+001  1.9999844160280645e+001  1.9999844160280645e+001  1.9999844160280645e+001  1.9999844160280645e+001  1.9999844160280645e+001  1.9999844160280645e+001  1.9999844160280645e+001  1.9999844160280645e+001  1.9999844160280645e+001
  2.1198984781214676e+001  2.1140966254088767e+001  2.1113755441489843e+001  1.9999999331825620e+001  1.9999999331825620e+001  1.9999995668073439e+001  1.9999995668073439e+001  1.9999995668073439e+001  1.9999995668073439e+001  1.9999995668073439e+001  1.9999995668073439e+001  1.9999995668073439e+001  1.9999995668073439e+001  1.9999995668073439e+001
  2.1184672819508137e+001  2.1141388291826502e+001  2.1041217723646469e+001  1.9999999894531015e+001  1.9999999894531015e+001  1.9999999894531015e+001  1.9999999894531015e+001  1.9999999894531015e+001  1.9999999894531015e+001  1.9999999894531015e+001  1.9999999894531015e+001  1.9999999894531015e+001  1.9999999894531015e+001  1.9999999894531015e+001
  2.1068267201175445e+001  2.1068267201175445e+001  2.1068267201175445e+001  1.9999999664458755e+001  1.9999999664457846e+001  1.9999996547198293e+001  1.9999993199962432e+001  1.9999993199838059e+001  1.9999993199838059e+001  1.9999993199838059e+001  1.9999993199838059e+001  1.9999993199838059e+001  1.9999993199838059e+001  1.9999993199838059e+001
  2.1181878082084495e+001  2.1115501487580104e+001  2.1052197472929720e+001  1.9999999386294121e+001  1.9999999386294121e+001  1.9999999386294121e+001  1.9999999386294121e+001  1.9999999386294121e+001  1.9999999386294121e+001  1.9999999386294121e+001  1.9999999386294121e+001  1.9999999386294121e+001  1.9999999386294121e+001  1.9999999386294121e+001
  2.1198036861172000e+001  2.1112886825252076e+001  2.1112886825252076e+001  1.9999999956699185e+001  1.9999999956699185e+001  1.9999999956699185e+001  1.9999994030438643e+001  1.9999994030438643e+001  1.9999994030438643e+001  1.9999994030438643e+001  1.9999994030438643e+001  1.9999994030438643e+001  1.9999994030438643e+001  1.9999994030438643e+001
  2.1210682846791542e+001  2.1119926011406847e+001  2.1098862124512493e+001  1.9999999841962904e+001  1.9999999841962904e+001  1.9999999841962904e+001  1.9999999478894665e+001  1.9999999454759177e+001  1.9999999454759177e+001  1.9999999383467298e+001  1.9999996142440750e+001  1.9999984286378094e+001  1.9999984286378094e+001  1.9999984286378094e+001
  2.1086458015795642e+001  2.1086458015795642e+001  2.1086458015795642e+001  1.9999999806352662e+001  1.9999999806352662e+001  1.9999999017500613e+001  1.9999999017500613e+001  1.9999999017500613e+001  1.9999999017500613e+001  1.9999999017500613e+001  1.9999999017500613e+001  1.9999999017500613e+001  1.9999999017500613e+001  1.9999999017500613e+001
  2.1134613673517265e+001  2.1134613673517265e+001  2.1053424594075977e+001  1.9999997403079874e+001  1.9999997403077828e+001  1.9999997403077828e+001  1.9999997403077828e+001  1.9999997403077828e+001  1.9999997403077828e+001  1.9999997403077828e+001  1.9999996446373643e+001  1.9999996446232103e+001  1.9999996446232103e+001  1.9999996446232103e+001
  2.1211714407454110e+001  2.1135136465264850e+001  2.1119187990760452e+001  1.9999999514708520e+001  1.9999999514708520e+001  1.9999999514708520e+001  1.9999999514708520e+001  1.9999999514708520e+001  1.9999999298064267e+001  1.9999998923799467e+001  1.9999998923799467e+001  1.9999998923799467e+001  1.9999997860261374e+001  1.9999997860253075e+001
  2.1209802502874481e+001  2.1099006003574232e+001  2.1096743112933268e+001  1.9999999946277399e+001  1.9999999946277399e+001  1.9999999946277399e+001  1.9999983193109642e+001  1.9999983193109642e+001  1.9999983193109642e+001  1.9999983193109642e+001  1.9999983193109642e+001  1.9999983193109642e+001  1.9999983193109642e+001  1.9999983193109642e+001
  2.1120021363883211e+001  2.1091321798101376e+001  2.1091321798101376e+001  1.9999999049173198e+001  1.9999999049173198e+001  1.9999998844379434e+001  1.9999998844379434e+001  1.9999998844379434e+001  1.9999997103358169e+001  1.9999997103358169e+001  1.9999997103358169e+001  1.9999997103358169e+001  1.9999997103358169e+001  1.9999997103358169e+001
  2.1171817887536804e+001  2.1158749837003938e+001  2.1135096131105001e+001  1.9999999913949296e+001  1.9999999902792183e+001  1.9999999902792183e+001  1.9999999902792183e+001  1.9999998575263930e+001  1.9999998575263930e+001  1.9999998575263930e+001  1.9999998575263930e+001  1.9999998575263930e+001  1.9999998575263930e+001  1.9999998497647880e+001
  2.1092185343067513e+001  2.1026017589396815e+001  2.1026017589396815e+001  1.9999997223584728e+001  1.9999997223584728e+001  1.9999997223584728e+001  1.9999997223584728e+001  1.9999997223584728e+001  1.9999997223584728e+001  1.9999997223584728e+001  1.9999997223584728e+001  1.9999997223584728e+001  1.9999997223584728e+001  1.9999997223584728e+001
  2.1238721484064513e+001  2.1085196895249624e+001  2.1085196895249624e+001  1.9999999648961875e+001  1.9999999648961875e+001  1.9999999648961875e+001  1.9999999648961875e+001  1.9999999648961875e+001  1.9999999648961875e+001  1.9999999648961875e+001  1.9999999648961875e+001  1.9999999648961875e+001  1.9999999648961875e+001  1.9999999648961875e+001
  2.1256793820169833e+001  2.1115933329415384e+001  2.1115933329415384e+001  1.9999998798682213e+001  1.9999998798682213e+001  1.9999998798682213e+001  1.9999998798682213e+001  1.9999998798682213e+001  1.9999998798682213e+001  1.9999998798682213e+001  1.9999998798682213e+001  1.9999998798682213e+001  1.9999998798682213e+001  1.9999998798682213e+001
  2.1220530891035310e+001  2.1007075862327611e+001  2.1007075862327611e+001  1.9999999927584668e+001  1.9999999927584668e+001  1.9999999927584668e+001  1.9999999927584668e+001  1.9999999927584668e+001  1.9999999927584668e+001  1.9999999927584668e+001  1.9999999927584668e+001  1.9999999927584668e+001  1.9999999927584668e+001  1.9999999927584668e+001
  2.1141051641309559e+001  2.1141051641309559e+001  2.1139855292308425e+001  1.9999999892808773e+001  1.9999999892808773e+001  1.9999999892808773e+001  1.9999999892808773e+001  1.9999999892808773e+001  1.9999999892808773e+001  1.9999995609972302e+001  1.9999995609972302e+001  1.9999995609972302e+001  1.9999995609972302e+001  1.9999995609972302e+001
  2.1184913544681308e+001  2.1052344040656067e+001  2.1052344040656067e+001  1.9999999771462285e+001  1.9999999771462285e+001  1.9999999771462285e+001  1.9999999771462285e+001  1.9999998344575033e+001  1.9999998344496930e+001  1.9999997912414869e+001  1.9999997912413050e+001  1.9999997912413050e+001  1.9999997912413050e+001  1.9999997912413050e+001
  2.1193681791129166e+001  2.1132963974272343e+001  2.1113289888465488e+001  1.9999999995438998e+001  1.9999999995438998e+001  1.9999999995438998e+001  1.9999999995438998e+001  1.9999999995438998e+001  1.9999999995438998e+001  1.9999999995438998e+001  1.9999999995438998e+001  1.9999999995438998e+001  1.9999999995438998e+001  1.9999995697665440e+001
  2.1178941805818454e+001  2.1101988115404993e+001  2.0999409607400025e+001  1.9999996041146687e+001  1.9999996041146687e+001  1.9999996041146687e+001  1.9999996041146687e+001  1.9999996041146687e+001  1.9999996041146687e+001  1.9999995960572505e+001  1.9999995960572505e+001  1.9999995960572505e+001  1.9999995960572505e+001  1.9999995960572505e+001
  2.1189143959968987e+001  2.1084444940861431e+001  2.1084444940861431e+001  1.9999999639423891e+001  1.9999999639423891e+001  1.9999998616380708e+001  1.9999998616380708e+001  1.9999991215732507e+001  1.9999991215732507e+001  1.9999991215732507e+001  1.9999991215732507e+001  1.9999991215732507e+001  1.9999991215732507e+001  1.9999991215732507e+001
