  2.0948815752116599e+011  1.0310411300980859e+011  2.7108506047773062e-001  2.7108506047773062e-001  2.7108506047773062e-001  2.7108506047773062e-001  1.6562263453627679e-001  1.0216404958779890e-001  6.9481757667233524e-002  6.9481757667233524e-002  6.9481757667233524e-002  1.4473552321106808e-002  1.4473552321106808e-002  8.3541121642838334e-004
  2.3936705645944901e+011  1.2117739534492059e+011  2.6735178194260811e-001  2.6735142068434925e-001  2.6735142068434925e-001  2.6683219430043437e-001  2.8633218585866871e-002  2.8633218585866871e-002  2.8633218585866871e-002  2.8633218585866871e-002  2.8633218585866871e-002  2.8633218585866871e-002  2.8633218585866871e-002  2.8633218585866871e-002
  2.1563739219573273e+011  1.0654640121779398e+011  2.6645255253521327e-001  2.6645255253521327e-001  2.6645237098659891e-001  2.6645237098659891e-001  1.8716804858087244e-002  1.8716804858087244e-002  1.8716804858087244e-002  1.8716804858087244e-002  1.8716804858087244e-002  1.8716804858087244e-002  1.8716804858087244e-002  6.7587557725801162e-004
  2.4285429363248407e+011  1.0376481763004909e+011  7.5915971403915705e-001  7.5915971403915705e-001  2.7087981637862413e-001  2.4979612993411138e-001  2.4785830284486110e-002  2.3238100230088321e-002  2.3238100230088321e-002  2.3238100230088321e-002  2.3238100230088321e-002  2.3238100230088321e-002  2.3238100230088321e-002  2.6444987584000046e-003
  2.3760360725173193e+011  1.0521935296902512e+011  2.7111177288361432e-001  2.7111174685441597e-001  1.0695959387143716e-001  7.7582351223952628e-002  7.7582351223952628e-002  1.6090424877660325e-002  1.6090424877660325e-002  1.6090424877660325e-002  1.6090424877660325e-002  1.6090424877660325e-002  1.6090424877660325e-002  1.6090424877660325e-002
  2.4741966516217001e+011  1.1316548315161885e+011  2.7021792016344648e-001  2.7021792016344648e-001  2.7021792016344648e-001  7.2192769144493241e-002  2.4114026006174072e-002  2.4114026006174072e-002  2.4114026006174072e-002  2.4114026006174072e-002  2.4114026006174072e-002  2.4114026006174072e-002  2.4114026006174072e-002  2.4114026006174072e-002
  2.3367484872036328e+011  1.0252866768679256e+011  1.5684335832145280e-001  1.5684307994715141e-001  1.5684307994715141e-001  1.5684307994715141e-001  8.0135984108068214e-002  2.5148613289360355e-002  2.5148613289360355e-002  2.5148613289360355e-002  2.5148613289360355e-002  2.5148613289360355e-002  1.6799358349999238e-003  1.6631732262908372e-003
  2.1785334073397327e+011  1.1288442822378105e+011  2.7039358390629786e-001  1.5391787482593600e-001  1.0506115007368066e-001  1.0506115007368066e-001  1.0506115007368066e-001  1.0506115007368066e-001  1.0506115007368066e-001  1.0506115007368066e-001  7.5447476455366314e-002  7.5447476455366314e-002  7.5447476455366314e-002  7.5447476455366314e-002
  2.4603287414355005e+011  8.6227885429013748e+010  4.1181115025798931e-001  4.1181115025798931e-001  2.6957272672049726e-001  2.6725171331446518e-001  2.4619101043975888e-001  2.4384014374282970e-001  1.8357447880774203e-001  1.1453196540611543e-001  1.1453196540611543e-001  1.1453196540611543e-001  1.1453196540611543e-001  1.1453196540611543e-001
  1.8980425026649564e+011  9.5032725426533203e+010  3.2802732255532874e-001  3.2802732255532874e-001  1.1791841142940029e-001  1.1791841142940029e-001  1.1791841142940029e-001  1.1791841142940029e-001  8.4490031293654511e-002  7.8299024746627310e-002  7.8299024746627310e-002  7.8293990605516228e-002  7.8293990605516228e-002  7.8293990605516228e-002
  2.2921291941512836e+011  1.1070619492389058e+011  9.1784827253633239e-002  9.1784827253633239e-002  9.1784827253633239e-002  9.1784827253633239e-002  9.1784827253633239e-002  9.1784827253633239e-002  2.9247718139686185e-002  1.7531944473290650e-002  1.7531944473290650e-002  1.7531944473290650e-002  1.7531944473290650e-002  1.7526785876299300e-002
  2.1691268839220377e+011  9.3393792882646591e+010  4.1857939866054039e-001  4.1857939866054039e-001  2.7929526636114588e-003  2.7929526636114588e-003  2.7929526636114588e-003  2.7929526636114588e-003  2.7929526636114588e-003  2.7929526636114588e-003  2.7929526636114588e-003  2.7929526636114588e-003  2.7929526636114588e-003  2.7929526636114588e-003
  2.1916011956909274e+011  1.1168672545960257e+011  4.0437953753996680e-001  4.0437953753996680e-001  4.0437953753996680e-001  2.6872939449015121e-001  2.3503573543726475e-001  1.8176911481538127e-001  1.7551095691388241e-001  1.2737895390679910e-001  3.7579271993109842e-002  3.7532196489308944e-002  3.7532196489308944e-002  3.7523266618961770e-002
  2.2510838294840585e+011  1.0582242340752992e+011  6.9812420037385436e-001  6.9809635043813500e-001  6.9803197874927037e-001  1.1924800190789142e-001  1.1924800190789142e-001  3.6221457890889042e-002  3.3179756562731200e-003  3.3179756562731200e-003  3.3179756562731200e-003  3.3179756562731200e-003  3.3179756562731200e-003  3.3179756562731200e-003
  2.1680426634858655e+011  1.0074417492012859e+011  3.2407982117757683e-001  3.2407982117757683e-001  2.4208316454237888e-001  2.4208316454237888e-001  5.4058842631064863e-002  5.4058842631064863e-002  6.3422900001341986e-004  6.3422900001341986e-004  6.3422900001341986e-004  6.3422900001341986e-004  6.3422900001341986e-004  6.3422900001341986e-004
  2.2171639586632037e+011  1.0398211749811630e+011  2.5872632032090337e-001  2.5872632032090337e-001  2.5872632032090337e-001  1.3494774277560850e-001  1.3494774277560850e-001  1.3494774277560850e-001  1.2415169976495122e-001  1.2415169976495122e-001  1.1275074932058260e-001  2.4243052296895939e-002  4.1298936025384592e-003  4.1298936025384592e-003
  2.3235855797335117e+011  1.1077225101346230e+011  4.3561602959593415e-001  4.3561602959593415e-001  1.0020940272585221e-001  1.0019787038146433e-001  1.0019787038146433e-001  7.6026036232065053e-002  4.5241627211026980e-002  4.5241627211026980e-002  2.8152073790266741e-002  2.8152073790266741e-002  2.8152073790266741e-002  4.0475657461058745e-003
  2.2562431686818198e+011  1.1586440887476283e+011  1.9221119741044390e-001  1.9221119741044390e-001  1.9221119741044390e-001  3.3446233644156109e-002  3.3446233644156109e-002  3.3446233644156109e-002  3.3446233644156109e-002  3.3446233644156109e-002  3.3446233644156109e-002  3.3446233644156109e-002  3.3446233644156109e-002  3.3446233644156109e-002
  2.2556527123056183e+011  1.1581272549592096e+011  3.8156595288938888e-001  3.8156595288938888e-001  2.2349922494640850e-002  2.2349922494640850e-002  2.2349922494640850e-002  1.4875928292667595e-002  1.4875928292667595e-002  1.4875928292667595e-002  1.4875928292667595e-002  1.4875928292667595e-002  1.4875928292667595e-002  1.4864456667567083e-002
  2.2613906518405182e+011  1.1368462698189053e+011  2.7092290971759780e-001  2.7092290971759780e-001  2.7045651873478960e-001  1.0034431038374692e-001  1.0034431038374692e-001  1.0034431038374692e-001  1.0034431038374692e-001  1.0034431038374692e-001  1.0034431038374692e-001  1.0034431038374692e-001  1.0034431038374692e-001  1.0034431038374692e-001
  2.3477961259601144e+011  1.1440167661373734e+011  1.6085919898972634e-001  1.6085919898972634e-001  7.0505231651623035e-003  7.0505231651623035e-003  7.0505231651623035e-003  7.0505231651623035e-003  7.0505231651623035e-003  7.0505231651623035e-003  7.0505231651623035e-003  7.0505231651623035e-003  7.0505231651623035e-003  7.0505231651623035e-003
  2.0425065547244476e+011  9.5824095986475449e+010  2.7042701354113774e-001  2.7040378580016977e-001  2.6906015851065490e-001  3.4600526121550956e-002  3.4600519455693757e-002  3.4600519455693757e-002  3.4600519455693757e-002  3.4600519455693757e-002  3.4600519455693757e-002  3.4600519455693757e-002  3.4600519455693757e-002  3.4600519455693757e-002
  2.2961095688300729e+011  1.0869993392102950e+011  7.7470313173392583e+001  4.1420136900754301e-001  3.1509979475097794e-001  8.3321871689093996e-002  8.3321871689093996e-002  8.3321871689093996e-002  8.3321871689093996e-002  1.7456615141099974e-002  1.7456615141099974e-002  1.7456615141099974e-002  1.7456615141099974e-002  1.7456615141099974e-002
  2.1108841653608972e+011  1.0206954123236813e+011  2.6625390783013358e-001  2.6625390783013358e-001  2.6625390783013358e-001  6.7798445694165821e-002  6.7798445694165821e-002  6.7798445694165821e-002  6.7798445694165821e-002  6.7798445694165821e-002  6.7798445694165821e-002  6.7798445694165821e-002  6.7798445694165821e-002  6.7798445694165821e-002
  2.3410688905203522e+011  1.0775423066769501e+011  6.7354258260129996e-001  6.7354258260129996e-001  1.7903823197954694e-001  4.9015356810627964e-002  4.9015356810627964e-002  4.9015356810627964e-002  4.9015356810627964e-002  3.8106038313173940e-002  3.8106038313173940e-002  3.8106038313173940e-002  3.8106038313173940e-002  1.7490171951379807e-002
  2.2093027667232333e+011  1.0386425977296211e+011  2.6822132371486873e-001  2.6822132371486873e-001  2.6822132371486873e-001  2.6671737876085899e-002  2.6671737876085899e-002  2.6160242113149934e-002  2.6160242113149934e-002  2.6160242113149934e-002  1.7687578192749243e-002  1.7687578192749243e-002  1.7687578192749243e-002  1.7687578192749243e-002
  2.3072688829764041e+011  1.0880522328640700e+011  2.6987942654997710e-001  2.6987942654997710e-001  1.5029835895236943e-001  9.8367306527791243e-002  9.8367306527791243e-002  9.8367306527791243e-002  9.8367306527791243e-002  9.8367306527791243e-002  9.8367306527791243e-002  9.8296184619300675e-002  9.8296184619300675e-002  9.8296184619300675e-002
  2.3961946814505151e+011  1.0223265448427423e+011  7.1247491067546775e-001  7.1247491067546775e-001  2.7089973280709501e-001  3.2391759178835855e-002  3.2391759178835855e-002  3.2391759178835855e-002  3.2391759178835855e-002  3.2391759178835855e-002  3.2391759178835855e-002  3.2391759178835855e-002  3.2391759178835855e-002  3.2391759178835855e-002
  2.1052366462126480e+011  9.8429036134569138e+010  2.6578842030897931e-001  2.6578842030897931e-001  2.6578842030897931e-001  2.6022978017473974e-001  2.5794113423771137e-001  2.5794113423771137e-001  2.5203797167966968e-001  1.5028910942038465e-001  1.5028910942038465e-001  1.4460485288728364e-001  9.3468936020087767e-002  4.4640977833779516e-002
  2.2772740029591409e+011  1.1600800740484947e+011  2.6850843619112652e-001  2.6850843619112652e-001  2.6711922022073509e-001  1.6901540108685253e-001  1.2410147247322811e-001  1.2410147247322811e-001  1.5728578144262428e-002  1.5728578144262428e-002  1.5728578144262428e-002  1.5728578144262428e-002  1.5728578144262428e-002  1.5728578144262428e-002
  2.2274179642774451e+011  9.8153567123106323e+010  2.6733153335851512e-001  2.6733153335851512e-001  1.4221200419115121e-001  5.9918402080370470e-002  5.8037506150981244e-002  9.6279858951788810e-003  9.6279858951788810e-003  9.6279858951788810e-003  9.6279858951788810e-003  9.6279858951788810e-003  9.6279858951788810e-003  9.6279858951788810e-003
  1.9030477993054898e+011  1.0666183694214091e+011  2.6697325790780724e-001  2.6697311151650638e-001  2.6697311151650638e-001  2.6697311151650638e-001  4.7925814975087633e-002  4.7925814975087633e-002  4.7925814975087633e-002  6.2961732962207861e-003  6.2961732962207861e-003  6.2961732962207861e-003  6.2961732962207861e-003  6.2860581871007071e-003
  2.2284426612424933e+011  1.0063323036120102e+011  1.0625757731048679e-001  1.0625757731048679e-001  1.0625757731048679e-001  1.0625757731048679e-001  2.7333273926956281e-002  2.7333273926956281e-002  2.7333273926956281e-002  2.7333273926956281e-002  2.7333273926956281e-002  2.7333273926956281e-002  2.7333273926956281e-002  3.3776355029431215e-003
  2.2205778547547546e+011  1.1395788357222047e+011  2.5519087597709245e-001  2.5519087597709245e-001  1.4662748567701556e-002  1.4662748567701556e-002  1.4662748567701556e-002  1.4662748567701556e-002  1.4662748567701556e-002  1.4662748567701556e-002  1.4662748567701556e-002  1.4662748567701556e-002  1.4662748567701556e-002  1.4662748567701556e-002
  2.3718340396324106e+011  1.1888454781964484e+011  6.4510950251940358e-001  6.4510950251940358e-001  1.3989735219283261e-001  1.3989695555514459e-001  1.3989695555514459e-001  5.4520101648336095e-002  5.4520101648336095e-002  1.0227900826322411e-002  1.0227900826322411e-002  1.0227900826322411e-002  1.0227900826322411e-002  7.6867396762736462e-004
  2.4108001762290897e+011  9.9867664933684601e+010  2.3597356591507094e+001  2.3596840378069544e+001  2.4975842092510447e-001  1.9674738161484129e-002  1.9674738161484129e-002  1.9674738161484129e-002  1.9674738161484129e-002  1.9674738161484129e-002  1.9674738161484129e-002  1.9674738161484129e-002  1.9674738161484129e-002  1.9674738161484129e-002
  2.2599875051323950e+011  1.1643051137019151e+011  2.6486242048861186e-001  2.6486062261304255e-001  2.6486062261304255e-001  1.6605059852656723e-001  8.7940181688026087e-002  8.7940181688026087e-002  8.7940181688026087e-002  2.7878199457944675e-002  2.7878199457944675e-002  2.7878199457944675e-002  2.7878199457944675e-002  2.7878199457944675e-002
  1.9405444114273956e+011  1.0265182001333545e+011  3.0453279282830778e+001  3.0453279282830778e+001  2.6724125258368758e-001  5.7923813095101195e-002  5.7923813095101195e-002  5.7923813095101195e-002  5.7923813095101195e-002  5.7923813095101195e-002  5.7923813095101195e-002  5.7923813095101195e-002  5.7923813095101195e-002  5.7923813095101195e-002
  2.1446750985323007e+011  1.0410940764243788e+011  2.5695434126001260e-001  2.5695333917121843e-001  2.5695308987002363e-001  1.9814124014092727e-001  5.1554005167076866e-002  5.1554005167076866e-002  5.1554005167076866e-002  5.1554005167076866e-002  5.1554005167076866e-002  5.1554005167076866e-002  5.1554005167076866e-002  3.0784972675718336e-002
  2.2452092617554575e+011  1.1192591571670609e+011  2.6860163565822859e-001  2.6860083545875568e-001  2.6860040051789724e-001  1.3866259408283099e-001  1.3866259408283099e-001  1.3866259408283099e-001  1.3866259408283099e-001  1.3866259408283099e-001  7.2048622658513750e-002  7.2048622658513750e-002  7.2048622658513750e-002  1.1569478950974599e-002
  2.3987896252566571e+011  1.0862134768380597e+011  2.6620685444879655e-001  2.6620292150553837e-001  2.6620071074913199e-001  1.2894876868134020e-001  3.0654272779116809e-002  3.0654272779116809e-002  3.0654272779116809e-002  3.0654272779116809e-002  3.0654272779116809e-002  3.0654272779116809e-002  3.0654272779116809e-002  3.0654272779116809e-002
  2.1191445508094534e+011  1.1125561711508669e+011  1.8115783173928435e-001  1.8115783173928435e-001  1.8115783173928435e-001  1.7672844841655433e-002  1.7672844841655433e-002  1.7672844841655433e-002  1.7672844841655433e-002  1.7672844841655433e-002  1.7672844841655433e-002  1.7672844841655433e-002  1.7672844841655433e-002  1.7672844841655433e-002
  2.1057303280295966e+011  1.0350576118967770e+011  4.7111786568501657e-001  4.7111786568501657e-001  4.7111786568501657e-001  1.2660229950938628e-002  1.2660229950938628e-002  1.2660229950938628e-002  1.2660229950938628e-002  1.2660229950938628e-002  1.2660229950938628e-002  1.2660229950938628e-002  1.2660229950938628e-002  1.2660229950938628e-002
  2.3759327407277811e+011  9.4899624302126755e+010  3.6113721351645722e-001  3.6113721351645722e-001  3.6113614913651304e-001  1.4120385972168492e-001  1.3411776477570925e-001  5.8750362503417364e-002  5.8750362503417364e-002  5.8750362503417364e-002  5.8750362503417364e-002  5.8750362503417364e-002  5.8750362503417364e-002  7.7833152591324506e-003
  2.3938431973925751e+011  9.8796132479411331e+010  2.6477015985955177e-001  2.6477015985955177e-001  2.6477015985955177e-001  1.3800364624714234e-001  1.3800364624714234e-001  1.3800364624714234e-001  1.2177604410655363e-001  1.0330649288914628e-001  7.3976450002675165e-002  7.3976450002675165e-002  7.3976450002675165e-002  7.3969259384853103e-002
  2.0716097997187515e+011  1.0027817377224132e+011  2.6988303695634386e-001  2.6988303695634386e-001  2.6988303695634386e-001  1.4499072690182402e-001  1.1292073395961211e-001  1.1292073395961211e-001  1.1292073395961211e-001  1.1292073395961211e-001  1.1292073395961211e-001  1.1292073395961211e-001  1.1099208721586251e-001  9.5242598233397757e-002
  2.4780899078550479e+011  9.3973595740677277e+010  9.6542703712117373e-002  9.6541898389801872e-002  9.6541898389801872e-002  9.6541898389801872e-002  7.0123428739293558e-002  7.0123428739293558e-002  7.0123428739293558e-002  7.0123428739293558e-002  1.3538065472033622e-002  1.3538065472033622e-002  1.3538065472033622e-002  1.3485116033166378e-002
  2.3350621782128415e+011  1.1683507753776357e+011  3.9601371209170111e-001  3.9601371209170111e-001  2.6949285848905902e-001  5.4818098266508741e-002  5.4818098266508741e-002  5.4818098266508741e-002  5.4818098266508741e-002  5.4818098266508741e-002  5.4818098266508741e-002  2.8122734936800953e-002  2.8122734936800953e-002  1.3245734145641563e-003
  2.3967731371303201e+011  1.0949999802313448e+011  2.6177314732879609e-001  2.6177298856396192e-001  2.4042820672124776e-001  1.3148847582084500e-001  1.0888067546073898e-001  8.0527919328602593e-002  8.0527919328602593e-002  8.0527919328602593e-002  2.2475130735358562e-002  1.9324086362928483e-002  3.2270576226380854e-003  3.2249006488882515e-003
  1.8925650602768765e+011  1.0404781511647066e+011  3.6332648549375790e-001  3.6332648549375790e-001  1.9949478247147567e-001  3.7845082907580263e-002  3.7845082907580263e-002  3.7845082907580263e-002  3.7845082907580263e-002  3.7845082907580263e-002  3.7845082907580263e-002  3.7845082907580263e-002  3.7845082907580263e-002  3.7845082907580263e-002
  2.2040938575493082e+011  9.9898297330317627e+010  2.5926719391276265e-001  2.5926719391276265e-001  2.5926719391276265e-001  2.0497246192547891e-001  6.5746700627897781e-002  6.5746700627897781e-002  6.5746700627897781e-002  4.5688942269720201e-002  4.5688942269720201e-002  7.4379812921847588e-003  7.4379812921847588e-003  7.4379812921847588e-003
