447228300	447228300	447228300	447228300	447228300	447228300	447228300	447228300	447228300	447228300	447228300	447228300	447228300	447228300	447228300	447228300	447228300	447228300	447228300	447228300	447228300	447228300	447228300	447228300	447228300	447228300	447228300	447228300	447228300	447228300	447228300	447228300	447228300	447228300	447228300	447228300	447228300	447228300	447228300	447228300	447228300	447228300	447228300	447228300	447228300	447228300	447228300	447228300	447228300	447228300	447228300
270281300	270281300	270281300	270281300	270281300	270281300	270281300	270281300	270281300	270281300	270281300	270281300	270281300	270281300	270281300	270281300	270281300	270281300	270281300	270281300	270281300	270281300	270281300	270281300	270281300	270281300	270281300	270281300	270281300	270281300	270281300	270281300	270281300	270281300	270281300	270281300	270281300	270281300	270281300	270281300	270281300	270281300	270281300	270281300	270281300	270281300	270281300	270281300	270281300	270281300	270281300
235285300	235285300	235285300	235285300	235285300	235285300	235285300	235285300	235285300	235285300	235285300	235285300	235285300	235285300	235285300	235285300	235285300	235285300	235285300	235285300	235285300	235285300	235285300	235285300	235285300	235285300	235285300	235285300	235285300	235285300	235285300	235285300	235285300	235285300	235285300	235285300	235285300	235285300	235285300	235285300	235285300	235285300	235285300	235285300	235285300	235285300	235285300	235285300	235285300	235285300	235285300
210043300	210043300	210043300	210043300	210043300	210043300	210043300	210043300	210043300	210043300	210043300	210043300	210043300	210043300	210043300	210043300	210043300	210043300	210043300	210043300	210043300	210043300	210043300	210043300	210043300	210043300	210043300	210043300	210043300	210043300	210043300	210043300	210043300	210043300	210043300	210043300	210043300	210043300	210043300	210043300	210043300	210043300	210043300	210043300	210043300	210043300	210043300	210043300	210043300	210043300	210043300
195894300	195894300	195894300	195894300	195894300	195894300	195894300	195894300	195894300	195894300	195894300	195894300	195894300	195894300	195894300	195894300	195894300	195894300	195894300	195894300	195894300	195894300	195894300	195894300	195894300	195894300	195894300	195894300	195894300	195894300	195894300	195894300	195894300	195894300	195894300	195894300	195894300	195894300	195894300	195894300	195894300	195894300	195894300	195894300	195894300	195894300	195894300	195894300	195894300	195894300	195894300
192076300	192076300	192076300	192076300	192076300	192076300	192076300	192076300	192076300	192076300	192076300	192076300	192076300	192076300	192076300	192076300	192076300	192076300	192076300	192076300	192076300	192076300	192076300	192076300	192076300	192076300	192076300	192076300	192076300	192076300	192076300	192076300	192076300	192076300	192076300	192076300	192076300	192076300	192076300	192076300	192076300	192076300	192076300	192076300	192076300	192076300	192076300	192076300	192076300	192076300	192076300
191665300	191665300	191665300	191665300	191665300	191665300	191665300	191665300	191665300	191665300	191665300	191665300	191665300	191665300	191665300	191665300	191665300	191665300	191665300	191665300	191665300	191665300	191665300	191665300	191665300	191665300	191665300	191665300	191665300	191665300	191665300	191665300	191665300	191665300	191665300	191665300	191665300	191665300	191665300	191665300	191665300	191665300	191665300	191665300	191665300	191665300	191665300	191665300	191665300	191665300	191665300
191613300	191613300	191613300	191613300	191613300	191613300	191613300	191613300	191613300	191613300	191613300	191613300	191613300	191613300	191613300	191613300	191613300	191613300	191613300	191613300	191613300	191613300	191613300	191613300	191613300	191613300	191613300	191613300	191613300	191613300	191613300	191613300	191613300	191613300	191613300	191613300	191613300	191613300	191613300	191613300	191613300	191613300	191613300	191613300	191613300	191613300	191613300	191613300	191613300	191613300	191613300
191613300	191613300	191613300	191613300	191613300	191613300	191613300	191613300	191613300	191613300	191613300	191613300	191613300	191613300	191613300	191613300	191613300	191613300	191613300	191613300	191613300	191613300	191613300	191613300	191613300	191613300	191613300	191613300	191613300	191613300	191613300	191613300	191613300	191613300	191613300	191613300	191613300	191613300	191613300	191613300	191613300	191613300	191613300	191613300	191613300	191613300	191613300	191613300	191613300	191613300	191613300
191613300	191613300	191613300	191613300	191613300	191613300	191613300	191613300	191613300	191613300	191613300	191613300	191613300	191613300	191613300	191613300	191613300	191613300	191613300	191613300	191613300	191613300	191613300	191613300	191613300	191613300	191613300	191613300	191613300	191613300	191613300	191613300	191613300	191613300	191613300	191613300	191613300	191613300	191613300	191613300	191613300	191613300	191613300	191613300	191613300	191613300	191613300	191613300	191613300	191613300	191613300
191613300	191613300	191613300	191613300	191613300	191613300	191613300	191613300	191613300	191613300	191613300	191613300	191613300	191613300	191613300	191613300	191613300	191613300	191613300	191613300	191613300	191613300	191613300	191613300	191613300	191613300	191613300	191613300	191613300	191613300	191613300	191613300	191613300	191613300	191613300	191613300	191613300	191613300	191613300	191613300	191613300	191613300	191613300	191613300	191613300	191613300	191613300	191613300	191613300	191613300	191613300
191613300	191613300	191613300	191613300	191613300	191613300	191613300	191613300	191613300	191613300	191613300	191613300	191613300	191613300	191613300	191613300	191613300	191613300	191613300	191613300	191613300	191613300	191613300	191613300	191613300	191613300	191613300	191613300	191613300	191613300	191613300	191613300	191613300	191613300	191613300	191613300	191613300	191613300	191613300	191613300	191613300	191613300	191613300	191613300	191613300	191613300	191613300	191613300	191613300	191613300	191613300
191613300	191613300	191613300	191613300	191613300	191613300	191613300	191613300	191613300	191613300	191613300	191613300	191613300	191613300	191613300	191613300	191613300	191613300	191613300	191613300	191613300	191613300	191613300	191613300	191613300	191613300	191613300	191613300	191613300	191613300	191613300	191613300	191613300	191613300	191613300	191613300	191613300	191613300	191613300	191613300	191613300	191613300	191613300	191613300	191613300	191613300	191613300	191613300	191613300	191613300	191613300
191613300	191613300	191613300	191613300	191613300	191613300	191613300	191613300	191613300	191613300	191613300	191613300	191613300	191613300	191613300	191613300	191613300	191613300	191613300	191613300	191613300	191613300	191613300	191613300	191613300	191613300	191613300	191613300	191613300	191613300	191613300	191613300	191613300	191613300	191613300	191613300	191613300	191613300	191613300	191613300	191613300	191613300	191613300	191613300	191613300	191613300	191613300	191613300	191613300	191613300	191613300
