9879720	9879720	9879720	9879720	9879720	9879720	9879720	9879720	9879720	9879720	9879720	9879720	9879720	9879720	9879720	9879720	9879720	9879720	9879720	9879720	9879720	9879720	9879720	9879720	9879720	9879720	9879720	9879720	9879720	9879720	9879720	9879720	9879720	9879720	9879720	9879720	9879720	9879720	9879720	9879720	9879720	9879720	9879720	9879720	9879720	9879720	9879720	9879720	9879720	9879720	9879720
9019510	9019510	9019510	9019510	9019510	9019510	9019510	9019510	9019510	9019510	9019510	9019510	9019510	9019510	9019510	9019510	9019510	9019510	9019510	9019510	9019510	9019510	9019510	9019510	9019510	9019510	9019510	9019510	9019510	9019510	9019510	9019510	9019510	9019510	9019510	9019510	9019510	9019510	9019510	9019510	9019510	9019510	9019510	9019510	9019510	9019510	9019510	9019510	9019510	9019510	9019510
8971280	8971280	8971280	8971280	8971280	8971280	8971280	8971280	8971280	8971280	8971280	8971280	8971280	8971280	8971280	8971280	8971280	8971280	8971280	8971280	8971280	8971280	8971280	8971280	8971280	8971280	8971280	8971280	8971280	8971280	8971280	8971280	8971280	8971280	8971280	8971280	8971280	8971280	8971280	8971280	8971280	8971280	8971280	8971280	8971280	8971280	8971280	8971280	8971280	8971280	8971280
8824650	8824650	8824650	8824650	8824650	8824650	8824650	8824650	8824650	8824650	8824650	8824650	8824650	8824650	8824650	8824650	8824650	8824650	8824650	8824650	8824650	8824650	8824650	8824650	8824650	8824650	8824650	8824650	8824650	8824650	8824650	8824650	8824650	8824650	8824650	8824650	8824650	8824650	8824650	8824650	8824650	8824650	8824650	8824650	8824650	8824650	8824650	8824650	8824650	8824650	8824650
8817680	8817680	8817680	8817680	8817680	8817680	8817680	8817680	8817680	8817680	8817680	8817680	8817680	8817680	8817680	8817680	8817680	8817680	8817680	8817680	8817680	8817680	8817680	8817680	8817680	8817680	8817680	8817680	8817680	8817680	8817680	8817680	8817680	8817680	8817680	8817680	8817680	8817680	8817680	8817680	8817680	8817680	8817680	8817680	8817680	8817680	8817680	8817680	8817680	8817680	8817680
8815610	8815610	8815610	8815610	8815610	8815610	8815610	8815610	8815610	8815610	8815610	8815610	8815610	8815610	8815610	8815610	8815610	8815610	8815610	8815610	8815610	8815610	8815610	8815610	8815610	8815610	8815610	8815610	8815610	8815610	8815610	8815610	8815610	8815610	8815610	8815610	8815610	8815610	8815610	8815610	8815610	8815610	8815610	8815610	8815610	8815610	8815610	8815610	8815610	8815610	8815610
8811340	8811340	8811340	8811340	8811340	8811340	8811340	8811340	8811340	8811340	8811340	8811340	8811340	8811340	8811340	8811340	8811340	8811340	8811340	8811340	8811340	8811340	8811340	8811340	8811340	8811340	8811340	8811340	8811340	8811340	8811340	8811340	8811340	8811340	8811340	8811340	8811340	8811340	8811340	8811340	8811340	8811340	8811340	8811340	8811340	8811340	8811340	8811340	8811340	8811340	8811340
8810760	8810760	8810760	8810760	8810760	8810760	8810760	8810760	8810760	8810760	8810760	8810760	8810760	8810760	8810760	8810760	8810760	8810760	8810760	8810760	8810760	8810760	8810760	8810760	8810760	8810760	8810760	8810760	8810760	8810760	8810760	8810760	8810760	8810760	8810760	8810760	8810760	8810760	8810760	8810760	8810760	8810760	8810760	8810760	8810760	8810760	8810760	8810760	8810760	8810760	8810760
8810750	8810750	8810750	8810750	8810750	8810750	8810750	8810750	8810750	8810750	8810750	8810750	8810750	8810750	8810750	8810750	8810750	8810750	8810750	8810750	8810750	8810750	8810750	8810750	8810750	8810750	8810750	8810750	8810750	8810750	8810750	8810750	8810750	8810750	8810750	8810750	8810750	8810750	8810750	8810750	8810750	8810750	8810750	8810750	8810750	8810750	8810750	8810750	8810750	8810750	8810750
8810750	8810750	8810750	8810750	8810750	8810750	8810750	8810750	8810750	8810750	8810750	8810750	8810750	8810750	8810750	8810750	8810750	8810750	8810750	8810750	8810750	8810750	8810750	8810750	8810750	8810750	8810750	8810750	8810750	8810750	8810750	8810750	8810750	8810750	8810750	8810750	8810750	8810750	8810750	8810750	8810750	8810750	8810750	8810750	8810750	8810750	8810750	8810750	8810750	8810750	8810750
8810740	8810740	8810740	8810740	8810740	8810740	8810740	8810740	8810740	8810740	8810740	8810740	8810740	8810740	8810740	8810740	8810740	8810740	8810740	8810740	8810740	8810740	8810740	8810740	8810740	8810740	8810740	8810740	8810740	8810740	8810740	8810740	8810740	8810740	8810740	8810740	8810740	8810740	8810740	8810740	8810740	8810740	8810740	8810740	8810740	8810740	8810740	8810740	8810740	8810740	8810740
8810740	8810740	8810740	8810740	8810740	8810740	8810740	8810740	8810740	8810740	8810740	8810740	8810740	8810740	8810740	8810740	8810740	8810740	8810740	8810740	8810740	8810740	8810740	8810740	8810740	8810740	8810740	8810740	8810740	8810740	8810740	8810740	8810740	8810740	8810740	8810740	8810740	8810740	8810740	8810740	8810740	8810740	8810740	8810740	8810740	8810740	8810740	8810740	8810740	8810740	8810740
8810740	8810740	8810740	8810740	8810740	8810740	8810740	8810740	8810740	8810740	8810740	8810740	8810740	8810740	8810740	8810740	8810740	8810740	8810740	8810740	8810740	8810740	8810740	8810740	8810740	8810740	8810740	8810740	8810740	8810740	8810740	8810740	8810740	8810740	8810740	8810740	8810740	8810740	8810740	8810740	8810740	8810740	8810740	8810740	8810740	8810740	8810740	8810740	8810740	8810740	8810740
8810740	8810740	8810740	8810740	8810740	8810740	8810740	8810740	8810740	8810740	8810740	8810740	8810740	8810740	8810740	8810740	8810740	8810740	8810740	8810740	8810740	8810740	8810740	8810740	8810740	8810740	8810740	8810740	8810740	8810740	8810740	8810740	8810740	8810740	8810740	8810740	8810740	8810740	8810740	8810740	8810740	8810740	8810740	8810740	8810740	8810740	8810740	8810740	8810740	8810740	8810740
