175631	175631	175631	175631	175631	175631	175631	175631	175631	175631	175631	175631	175631	175631	175631	175631	175631	175631	175631	175631	175631	175631	175631	175631	175631	175631	175631	175631	175631	175631	175631	175631	175631	175631	175631	175631	175631	175631	175631	175631	175631	175631	175631	175631	175631	175631	175631	175631	175631	175631	175631
169560	169560	169560	169560	169560	169560	169560	169560	169560	169560	169560	169560	169560	169560	169560	169560	169560	169560	169560	169560	169560	169560	169560	169560	169560	169560	169560	169560	169560	169560	169560	169560	169560	169560	169560	169560	169560	169560	169560	169560	169560	169560	169560	169560	169560	169560	169560	169560	169560	169560	169560
165577	165577	165577	165577	165577	165577	165577	165577	165577	165577	165577	165577	165577	165577	165577	165577	165577	165577	165577	165577	165577	165577	165577	165577	165577	165577	165577	165577	165577	165577	165577	165577	165577	165577	165577	165577	165577	165577	165577	165577	165577	165577	165577	165577	165577	165577	165577	165577	165577	165577	165577
113890	113890	113890	113890	113890	113890	113890	113890	113890	113890	113890	113890	113890	113890	113890	113890	113890	113890	113890	113890	113890	113890	113890	113890	113890	113890	113890	113890	113890	113890	113890	113890	113890	113890	113890	113890	113890	113890	113890	113890	113890	113890	113890	113890	113890	113890	113890	113890	113890	113890	113890
110897	110897	110897	110897	110897	110897	110897	110897	110897	110897	110897	110897	110897	110897	110897	110897	110897	110897	110897	110897	110897	110897	110897	110897	110897	110897	110897	110897	110897	110897	110897	110897	110897	110897	110897	110897	110897	110897	110897	110897	110897	110897	110897	110897	110897	110897	110897	110897	110897	110897	110897
110469	110469	110469	110469	110469	110469	110469	110469	110469	110469	110469	110469	110469	110469	110469	110469	110469	110469	110469	110469	110469	110469	110469	110469	110469	110469	110469	110469	110469	110469	110469	110469	110469	110469	110469	110469	110469	110469	110469	110469	110469	110469	110469	110469	110469	110469	110469	110469	110469	110469	110469
110418	110418	110418	110418	110418	110418	110418	110418	110418	110418	110418	110418	110418	110418	110418	110418	110418	110418	110418	110418	110418	110418	110418	110418	110418	110418	110418	110418	110418	110418	110418	110418	110418	110418	110418	110418	110418	110418	110418	110418	110418	110418	110418	110418	110418	110418	110418	110418	110418	110418	110418
110376	110376	110376	110376	110376	110376	110376	110376	110376	110376	110376	110376	110376	110376	110376	110376	110376	110376	110376	110376	110376	110376	110376	110376	110376	110376	110376	110376	110376	110376	110376	110376	110376	110376	110376	110376	110376	110376	110376	110376	110376	110376	110376	110376	110376	110376	110376	110376	110376	110376	110376
110345	110345	110345	110345	110345	110345	110345	110345	110345	110345	110345	110345	110345	110345	110345	110345	110345	110345	110345	110345	110345	110345	110345	110345	110345	110345	110345	110345	110345	110345	110345	110345	110345	110345	110345	110345	110345	110345	110345	110345	110345	110345	110345	110345	110345	110345	110345	110345	110345	110345	110345
110331	110331	110331	110331	110331	110331	110331	110331	110331	110331	110331	110331	110331	110331	110331	110331	110331	110331	110331	110331	110331	110331	110331	110331	110331	110331	110331	110331	110331	110331	110331	110331	110331	110331	110331	110331	110331	110331	110331	110331	110331	110331	110331	110331	110331	110331	110331	110331	110331	110331	110331
110331	110331	110331	110331	110331	110331	110331	110331	110331	110331	110331	110331	110331	110331	110331	110331	110331	110331	110331	110331	110331	110331	110331	110331	110331	110331	110331	110331	110331	110331	110331	110331	110331	110331	110331	110331	110331	110331	110331	110331	110331	110331	110331	110331	110331	110331	110331	110331	110331	110331	110331
110331	110331	110331	110331	110331	110331	110331	110331	110331	110331	110331	110331	110331	110331	110331	110331	110331	110331	110331	110331	110331	110331	110331	110331	110331	110331	110331	110331	110331	110331	110331	110331	110331	110331	110331	110331	110331	110331	110331	110331	110331	110331	110331	110331	110331	110331	110331	110331	110331	110331	110331
110331	110331	110331	110331	110331	110331	110331	110331	110331	110331	110331	110331	110331	110331	110331	110331	110331	110331	110331	110331	110331	110331	110331	110331	110331	110331	110331	110331	110331	110331	110331	110331	110331	110331	110331	110331	110331	110331	110331	110331	110331	110331	110331	110331	110331	110331	110331	110331	110331	110331	110331
110331	110331	110331	110331	110331	110331	110331	110331	110331	110331	110331	110331	110331	110331	110331	110331	110331	110331	110331	110331	110331	110331	110331	110331	110331	110331	110331	110331	110331	110331	110331	110331	110331	110331	110331	110331	110331	110331	110331	110331	110331	110331	110331	110331	110331	110331	110331	110331	110331	110331	110331
