449151900	449151900	449151900	449151900	449151900	449151900	449151900	449151900	449151900	449151900	449151900	449151900	449151900	449151900	449151900	449151900	449151900	449151900	449151900	449151900	449151900	449151900	449151900	449151900	449151900	449151900	449151900	449151900	449151900	449151900	449151900	449151900	449151900	449151900	449151900	449151900	449151900	449151900	449151900	449151900	449151900	449151900	449151900	449151900	449151900	449151900	449151900	449151900	449151900	449151900	449151900
351535900	351535900	351535900	351535900	351535900	351535900	351535900	351535900	351535900	351535900	351535900	351535900	351535900	351535900	351535900	351535900	351535900	351535900	351535900	351535900	351535900	351535900	351535900	351535900	351535900	351535900	351535900	351535900	351535900	351535900	351535900	351535900	351535900	351535900	351535900	351535900	351535900	351535900	351535900	351535900	351535900	351535900	351535900	351535900	351535900	351535900	351535900	351535900	351535900	351535900	351535900
234671900	234671900	234671900	234671900	234671900	234671900	234671900	234671900	234671900	234671900	234671900	234671900	234671900	234671900	234671900	234671900	234671900	234671900	234671900	234671900	234671900	234671900	234671900	234671900	234671900	234671900	234671900	234671900	234671900	234671900	234671900	234671900	234671900	234671900	234671900	234671900	234671900	234671900	234671900	234671900	234671900	234671900	234671900	234671900	234671900	234671900	234671900	234671900	234671900	234671900	234671900
176202900	176202900	176202900	176202900	176202900	176202900	176202900	176202900	176202900	176202900	176202900	176202900	176202900	176202900	176202900	176202900	176202900	176202900	176202900	176202900	176202900	176202900	176202900	176202900	176202900	176202900	176202900	176202900	176202900	176202900	176202900	176202900	176202900	176202900	176202900	176202900	176202900	176202900	176202900	176202900	176202900	176202900	176202900	176202900	176202900	176202900	176202900	176202900	176202900	176202900	176202900
116428900	116428900	116428900	116428900	116428900	116428900	116428900	116428900	116428900	116428900	116428900	116428900	116428900	116428900	116428900	116428900	116428900	116428900	116428900	116428900	116428900	116428900	116428900	116428900	116428900	116428900	116428900	116428900	116428900	116428900	116428900	116428900	116428900	116428900	116428900	116428900	116428900	116428900	116428900	116428900	116428900	116428900	116428900	116428900	116428900	116428900	116428900	116428900	116428900	116428900	116428900
97292200	97292200	97292200	97292200	97292200	97292200	97292200	97292200	97292200	97292200	97292200	97292200	97292200	97292200	97292200	97292200	97292200	97292200	97292200	97292200	97292200	97292200	97292200	97292200	97292200	97292200	97292200	97292200	97292200	97292200	97292200	97292200	97292200	97292200	97292200	97292200	97292200	97292200	97292200	97292200	97292200	97292200	97292200	97292200	97292200	97292200	97292200	97292200	97292200	97292200	97292200
93086300	93086300	93086300	93086300	93086300	93086300	93086300	93086300	93086300	93086300	93086300	93086300	93086300	93086300	93086300	93086300	93086300	93086300	93086300	93086300	93086300	93086300	93086300	93086300	93086300	93086300	93086300	93086300	93086300	93086300	93086300	93086300	93086300	93086300	93086300	93086300	93086300	93086300	93086300	93086300	93086300	93086300	93086300	93086300	93086300	93086300	93086300	93086300	93086300	93086300	93086300
93086300	93086300	93086300	93086300	93086300	93086300	93086300	93086300	93086300	93086300	93086300	93086300	93086300	93086300	93086300	93086300	93086300	93086300	93086300	93086300	93086300	93086300	93086300	93086300	93086300	93086300	93086300	93086300	93086300	93086300	93086300	93086300	93086300	93086300	93086300	93086300	93086300	93086300	93086300	93086300	93086300	93086300	93086300	93086300	93086300	93086300	93086300	93086300	93086300	93086300	93086300
93086300	93086300	93086300	93086300	93086300	93086300	93086300	93086300	93086300	93086300	93086300	93086300	93086300	93086300	93086300	93086300	93086300	93086300	93086300	93086300	93086300	93086300	93086300	93086300	93086300	93086300	93086300	93086300	93086300	93086300	93086300	93086300	93086300	93086300	93086300	93086300	93086300	93086300	93086300	93086300	93086300	93086300	93086300	93086300	93086300	93086300	93086300	93086300	93086300	93086300	93086300
93086300	93086300	93086300	93086300	93086300	93086300	93086300	93086300	93086300	93086300	93086300	93086300	93086300	93086300	93086300	93086300	93086300	93086300	93086300	93086300	93086300	93086300	93086300	93086300	93086300	93086300	93086300	93086300	93086300	93086300	93086300	93086300	93086300	93086300	93086300	93086300	93086300	93086300	93086300	93086300	93086300	93086300	93086300	93086300	93086300	93086300	93086300	93086300	93086300	93086300	93086300
93086300	93086300	93086300	93086300	93086300	93086300	93086300	93086300	93086300	93086300	93086300	93086300	93086300	93086300	93086300	93086300	93086300	93086300	93086300	93086300	93086300	93086300	93086300	93086300	93086300	93086300	93086300	93086300	93086300	93086300	93086300	93086300	93086300	93086300	93086300	93086300	93086300	93086300	93086300	93086300	93086300	93086300	93086300	93086300	93086300	93086300	93086300	93086300	93086300	93086300	93086300
93086300	93086300	93086300	93086300	93086300	93086300	93086300	93086300	93086300	93086300	93086300	93086300	93086300	93086300	93086300	93086300	93086300	93086300	93086300	93086300	93086300	93086300	93086300	93086300	93086300	93086300	93086300	93086300	93086300	93086300	93086300	93086300	93086300	93086300	93086300	93086300	93086300	93086300	93086300	93086300	93086300	93086300	93086300	93086300	93086300	93086300	93086300	93086300	93086300	93086300	93086300
93086300	93086300	93086300	93086300	93086300	93086300	93086300	93086300	93086300	93086300	93086300	93086300	93086300	93086300	93086300	93086300	93086300	93086300	93086300	93086300	93086300	93086300	93086300	93086300	93086300	93086300	93086300	93086300	93086300	93086300	93086300	93086300	93086300	93086300	93086300	93086300	93086300	93086300	93086300	93086300	93086300	93086300	93086300	93086300	93086300	93086300	93086300	93086300	93086300	93086300	93086300
93086300	93086300	93086300	93086300	93086300	93086300	93086300	93086300	93086300	93086300	93086300	93086300	93086300	93086300	93086300	93086300	93086300	93086300	93086300	93086300	93086300	93086300	93086300	93086300	93086300	93086300	93086300	93086300	93086300	93086300	93086300	93086300	93086300	93086300	93086300	93086300	93086300	93086300	93086300	93086300	93086300	93086300	93086300	93086300	93086300	93086300	93086300	93086300	93086300	93086300	93086300
