  7.7418729379976803e+003  2.0361354263876437e+003  1.1555025991951245e+003  5.4635121539165584e+002  2.4070228902927010e+002  2.0666355994048217e+002  1.9712551371418931e+002  1.3194089424586139e+002  1.1272084703678377e+002  1.0484993321975668e+002  9.8052847106394950e+001  9.6591418792469483e+001  9.4030178831445255e+001  9.4030178831445255e+001
  1.2393796030354189e+004  3.1576892076752097e+003  1.3912517095033040e+003  6.2796903555046538e+002  3.0379505865109468e+002  2.5397055271271779e+002  1.9885223965510295e+002  1.3487055181693984e+002  9.0091857769156320e+001  8.8691723370208592e+001  8.7457375821740300e+001  8.6530826285286707e+001  8.5827251119630432e+001  8.5827251119630432e+001
  7.7186872364764968e+003  1.8473965596805592e+003  1.1055964612132097e+003  6.6209657223084378e+002  2.2541718731795333e+002  9.9912448160437748e+001  9.3638738283749944e+001  9.1965612029062811e+001  9.1225545539532220e+001  9.0784933607348705e+001  9.0269916168136547e+001  9.0104547931079253e+001  8.9945425283071927e+001  8.9945425283071927e+001
  1.1410998927253788e+004  4.1966046842482128e+003  2.0869510740500464e+003  7.7344360819829922e+002  3.2769147591701278e+002  1.7566614549189762e+002  1.5619574985651309e+002  1.4862911091891908e+002  1.4798626719316007e+002  1.4739540295669508e+002  1.4673278767072577e+002  1.4563172968542074e+002  1.4510511937289334e+002  1.4510511937289334e+002
  1.1165984311841366e+004  3.0638365480954790e+003  1.3291926065870696e+003  5.5944383433325390e+002  3.6224248992209141e+002  2.8311602184509206e+002  2.5769687868001256e+002  2.5482136907201789e+002  2.5372518786364174e+002  2.5015164169944103e+002  2.4914443518172106e+002  2.4875940035760004e+002  2.4843994130469650e+002  2.4843994130469650e+002
  1.0945314293597079e+004  2.2823134236838382e+003  1.1266238055018480e+003  5.3605216085959739e+002  2.9253361863611099e+002  1.6042815301965379e+002  1.4801766621452634e+002  1.4686551091979413e+002  1.4652768219524160e+002  1.4631539548119372e+002  1.4621061666670357e+002  9.8082736996954850e+001  7.7102548375068920e+001  7.7102548375068920e+001
  9.2634404534544919e+003  1.7670571532883205e+003  6.5628034900964280e+002  3.1172532154398652e+002  1.9941765748414014e+002  1.0253907800605737e+002  9.6225320568708582e+001  9.5789464699922007e+001  9.4874448172606947e+001  9.4046439706657338e+001  9.3606655829245653e+001  9.2994536978071892e+001  9.1946788629695163e+001  9.1946788629695163e+001
  6.1385366781144758e+003  1.1347726484465300e+003  6.1030229463644116e+002  3.5507525259266481e+002  2.2942191618553034e+002  1.4539616421361870e+002  1.0714644924417746e+002  1.0543679025304226e+002  1.0095899049965732e+002  9.8727345919462834e+001  9.8469242000361987e+001  9.8423789237352821e+001  9.8401725368179086e+001  9.8401725368179086e+001
  1.1019558963239275e+004  3.6151996819771052e+003  1.6781868621934682e+003  7.0817798107149019e+002  3.0809964505314474e+002  2.0715491248371927e+002  1.9198451698370150e+002  1.8899645505565252e+002  1.8616946185787151e+002  1.8491655445073980e+002  1.8418119751987206e+002  1.8351045926509528e+002  1.8297399928922061e+002  1.8297399928922061e+002
  6.0499472729096015e+003  2.1331940107027517e+003  1.1786663090385639e+003  5.4414903119265557e+002  2.7900489203990344e+002  1.7766966848297272e+002  1.6045944425711059e+002  1.5818614561845527e+002  1.5484872614815163e+002  1.5296174375770192e+002  1.5209398831189378e+002  1.5143897338245688e+002  1.5009329788620823e+002  1.5009329788620823e+002
  5.2530740246483847e+003  1.1233888172687139e+003  6.4347985088615405e+002  3.0099919492450226e+002  1.3408851922340546e+002  9.4628521633942285e+001  8.9143902390226401e+001  8.7683148214077505e+001  8.6324050062789354e+001  8.5981435705436184e+001  8.5734130582769410e+001  8.4804585854644529e+001  8.3824553642902970e+001  8.3824553642902970e+001
  7.9203459888137113e+003  1.3192735204072358e+003  6.9073450100923924e+002  3.8113900258154899e+002  1.6352237288550327e+002  1.0637288136502008e+002  1.0344532081283342e+002  9.9384396590058827e+001  9.5080884166700116e+001  9.4822092135371861e+001  9.4391206627989504e+001  9.3266513205182264e+001  9.2305178727269549e+001  9.2305178727269549e+001
  7.2878725111314270e+003  1.2865903830002060e+003  6.6982552657897622e+002  3.5624799941548963e+002  2.2061248939961695e+002  1.0831670949608656e+002  8.6192020113494664e+001  8.4543465085232583e+001  8.4274446320588254e+001  8.4147471340637537e+001  8.3525161477113613e+001  8.2811606933446285e+001  8.2472036439954593e+001  8.2472036439954593e+001
  9.8161791120964808e+003  2.8190027800054745e+003  1.2194482201662604e+003  5.1488150825524633e+002  2.3141368583255291e+002  1.5121679509237765e+002  1.4722956878357695e+002  1.0240460446963249e+002  9.1497551292492574e+001  9.0244846435541774e+001  8.8835468295447299e+001  8.8605180451604497e+001  8.8387825806590683e+001  8.8387825806590683e+001
  8.9211408764779899e+003  2.7320539232569258e+003  1.2254944108668540e+003  4.9152340386184596e+002  1.5304207255549568e+002  1.0572405096304328e+002  9.9419031142835081e+001  9.8949134233442123e+001  9.8377917054416230e+001  9.8036886357057028e+001  9.7587005768440804e+001  9.7132529360887020e+001  9.3316368316580110e+001  9.3316368316580110e+001
  7.3325519822066517e+003  2.1955763679536713e+003  9.0709879434279628e+002  5.1734507092699221e+002  3.4968331439194719e+002  2.4522747239376974e+002  2.1617691871079228e+002  1.6250616002754066e+002  1.4833128846351701e+002  1.4727070789335994e+002  1.4712599349717448e+002  1.4709737146487771e+002  1.4701027617899206e+002  1.4701027617899206e+002
  1.0078352958072055e+004  2.2878184680444660e+003  1.0449125526395126e+003  5.8838020447868155e+002  3.3737066180111674e+002  1.5029836001364845e+002  1.0806278550500940e+002  1.0710879041573145e+002  1.0553201144499491e+002  1.0365018208805276e+002  1.0174421266261731e+002  1.0153852038670141e+002  1.0038122246261486e+002  1.0038122246261486e+002
  1.0515786911935644e+004  3.5021751133425823e+003  1.7950704417836923e+003  1.0831284273148804e+003  4.7820968889823257e+002  2.0239194767353024e+002  1.5661933212370127e+002  1.5426196890357801e+002  1.5289077224339280e+002  1.5090022014510032e+002  1.5024376396039600e+002  1.4943150132718517e+002  1.4100391587697220e+002  1.4100391587697220e+002
  1.2652987368110222e+004  3.9689142814423212e+003  1.4555745217174906e+003  5.9121858472423071e+002  1.9723360232984237e+002  1.2181955133648830e+002  1.1856499162356477e+002  1.1800379583499716e+002  1.1718710079729840e+002  1.1614158360456645e+002  1.1486224915729451e+002  1.1157829467721456e+002  9.9072295586246241e+001  9.9072295586246241e+001
  1.1213992487376661e+004  2.7508402767071329e+003  1.0816819783784754e+003  5.2257102523489300e+002  1.5804780424879959e+002  1.2641536969835238e+002  1.1549074174201621e+002  1.0293992184836861e+002  1.0244972069811087e+002  1.0187138096036296e+002  1.0183500905687185e+002  1.0062609188371084e+002  1.0058950038041655e+002  1.0058950038041655e+002
  6.6272328124332053e+003  1.7576727202585471e+003  8.2435329182011969e+002  4.4222140829668729e+002  2.3352160053844261e+002  1.5191284066488890e+002  1.4606611830592271e+002  1.4509763993405318e+002  1.4487306730537182e+002  1.4434597880103206e+002  1.4370521710514822e+002  1.4325910515095768e+002  1.4257240587314561e+002  1.4257240587314561e+002
  1.3818440886289376e+004  4.6178842918755881e+003  1.9280148991773490e+003  6.4260904365327633e+002  1.8221745402173019e+002  1.4778670640831149e+002  1.4473283872811407e+002  1.4269836902449993e+002  1.4163615954456122e+002  1.3618582341647880e+002  8.1183316542554394e+001  3.6369124638046287e+001  2.4292487289619260e+001  2.4292487289619260e+001
  5.1178265912798770e+003  1.3921843489534192e+003  7.2562578720643160e+002  3.4945523833911602e+002  2.0033300073655823e+002  1.4530695826236479e+002  1.3797650287994384e+002  8.8892045356369408e+001  8.1704105678654344e+001  8.0764595048237652e+001  7.9331511955728274e+001  7.8718429352175292e+001  7.8215815505716819e+001  7.8215815505716819e+001
  1.0687205675105230e+004  1.6937363534774518e+003  8.1771368921814042e+002  4.1326655078966212e+002  1.8169084893262789e+002  1.0674095829151690e+002  1.0125098531719175e+002  9.7652921648667700e+001  9.7282232030671025e+001  9.6585012462839700e+001  9.6115014243014059e+001  9.5519339859649563e+001  9.5172800652390606e+001  9.5172800652390606e+001
  1.1987402370924217e+004  2.2699750953402049e+003  9.8382175405157386e+002  5.9944693223996478e+002  3.3995779220122563e+002  1.6035016204552437e+002  1.5705824207895409e+002  1.5548834625237782e+002  1.5399571329240894e+002  1.5284182287747262e+002  1.3659816780266010e+002  9.0321545475378684e+001  8.4916677236033024e+001  8.4916677236033024e+001
  5.7927725505951285e+003  1.4739778992198594e+003  9.7486483662840783e+002  5.1891360249750130e+002  2.7830821995612291e+002  1.0796140023580625e+002  9.7351845338103033e+001  9.6037418575033200e+001  9.4715328212102236e+001  9.3971238111161256e+001  9.2447667162503365e+001  8.9431517882620824e+001  8.8436823518486790e+001  8.8436823518486790e+001
  6.7875769517761164e+003  1.9460956558366283e+003  1.1162412354474404e+003  3.4308343259568869e+002  1.1445075435808872e+002  9.6107293309316731e+001  9.4759807581148266e+001  9.2965502547421465e+001  9.2727354788653884e+001  9.2617892958601374e+001  9.2531924984692353e+001  9.2332313675510250e+001  9.0790246401576212e+001  9.0790246401576212e+001
  5.7371957282532730e+003  1.4099564075641092e+003  7.0602247086273292e+002  3.5786814449605242e+002  2.1332969395375994e+002  1.0630543761712028e+002  9.7097279644854098e+001  9.6692004046781960e+001  9.6308895884755884e+001  9.5652802718184091e+001  9.4864958990405057e+001  9.4548873613515752e+001  9.3842751893145078e+001  9.3842751893145078e+001
  7.0358652800400159e+003  2.0491262460130206e+003  1.0543004704024825e+003  5.8404617551095157e+002  2.8021676025422767e+002  1.4960587320276966e+002  1.4747102068609570e+002  1.4690614560044003e+002  1.4662068787407384e+002  1.4637426747996460e+002  1.4609948019426986e+002  1.4565831873750631e+002  1.4533985798459423e+002  1.4533985798459423e+002
  5.9827994790882785e+003  1.3198088698570548e+003  7.6958528102779019e+002  3.7962629154208560e+002  2.6111502462912608e+002  2.1684634155194533e+002  1.9136226424618337e+002  1.8596937630016760e+002  1.8349639588250432e+002  1.7718660608062385e+002  1.7640224730264924e+002  1.7496536028372157e+002  1.7110181657081887e+002  1.7110181657081887e+002
  1.0303429996728310e+004  2.8782834713590555e+003  1.1285947260468861e+003  5.2349494960623235e+002  2.1794099599311733e+002  1.4282137284787177e+002  9.1515024030436336e+001  8.9060506884695883e+001  8.8682152691814281e+001  8.8429301794940670e+001  8.8327247949269236e+001  8.7031398072300988e+001  8.6448996903871489e+001  8.6448996903871489e+001
  5.3549549225855662e+003  1.2644030810102549e+003  5.9267321571828415e+002  3.3963873431883326e+002  2.5074174295968396e+002  2.0515650907079748e+002  1.8435431084773359e+002  1.4991674132866160e+002  1.4737295504321833e+002  1.4558946927914815e+002  1.4485717919953697e+002  1.4430853451530481e+002  1.4279574099683225e+002  1.4279574099683225e+002
  5.3504660238875804e+003  1.2214474221135538e+003  6.2424371917264853e+002  3.5160417614627681e+002  1.6333290514631915e+002  9.7919283436936666e+001  9.6424121711167516e+001  9.5868977884266087e+001  9.5202132048241879e+001  9.4352505642770211e+001  9.3825421450438228e+001  9.3220876886906353e+001  9.2235698298114528e+001  9.2235698298114528e+001
  7.8786803203093696e+003  2.5008658261287383e+003  1.1599879400532207e+003  6.4770352136426618e+002  1.6140195707872135e+002  9.9026817986724154e+001  9.5885960382581061e+001  9.1798114771720748e+001  8.9942101102263678e+001  8.9175078357502400e+001  8.8253429750129214e+001  8.7876536704099578e+001  8.7587784191087394e+001  8.7587784191087394e+001
  6.3728658263771995e+003  2.3854244554406873e+003  1.0601318628721683e+003  5.3989745039944830e+002  1.9741981937254218e+002  1.0676742094176205e+002  9.7402712523238222e+001  9.4475272337963929e+001  9.3286067823741291e+001  9.2625782005694418e+001  9.1996052994194542e+001  9.0013190555318147e+001  8.9210836413423579e+001  8.9210836413423579e+001
  7.8398229809522454e+003  1.3395221153967250e+003  7.7122953942451500e+002  3.5989342312143788e+002  1.8668380653951874e+002  9.9934200691569004e+001  9.5907399728547944e+001  9.5475055179901631e+001  9.4364837849694027e+001  9.3487760830716638e+001  9.3084211237958982e+001  9.2541690797141598e+001  9.1852732632659070e+001  9.1852732632659070e+001
  6.0275364563438070e+003  1.5867138549005219e+003  9.6992527050933268e+002  5.0059576924687121e+002  1.9392349415657645e+002  9.2337469339239760e+001  8.6853241917163302e+001  8.6203003616678643e+001  8.5869286574601176e+001  8.5608756143334006e+001  8.5303926523048574e+001  8.5036104538589882e+001  8.4738499136191763e+001  8.4738499136191763e+001
  5.7177498401462917e+003  1.3910312447007529e+003  7.2189333954028461e+002  3.2582013300988979e+002  2.1070140168301259e+002  1.2860595015505010e+002  1.1273578358256020e+002  9.9631486909023010e+001  9.6004249751677378e+001  9.3206711512906168e+001  9.0893663167811724e+001  8.8885900316109030e+001  8.8458027245709161e+001  8.8458027245709161e+001
  7.0767570254270004e+003  1.1471519595713135e+003  5.9434468283455146e+002  3.3374186714279131e+002  1.2956508290632507e+002  1.0261485147344024e+002  1.0155528628691906e+002  1.0084980889086188e+002  1.0018329081379574e+002  9.9480232395823464e+001  9.7983470221879315e+001  9.7281682436596384e+001  9.7088818478841347e+001  9.7088818478841347e+001
  6.2484336907449988e+003  1.5195852721483409e+003  8.6400607063743837e+002  5.0265855710814981e+002  2.5429130136516324e+002  2.0362248916478575e+002  1.7953589902731062e+002  1.6874035172500930e+002  1.6666752152868162e+002  1.6524098331053938e+002  1.6007908105690592e+002  1.5285149548652862e+002  1.1175322626016651e+002  1.1175322626016651e+002
  5.7124591800706303e+003  1.6836966979779145e+003  8.7142657050321714e+002  4.0644463455472396e+002  2.2438619375044175e+002  1.5969954895466572e+002  9.9189855303473792e+001  9.4074068736096137e+001  9.2229793570755703e+001  9.1030254957783768e+001  9.0261155542328652e+001  8.9777327341860882e+001  8.9013048881191594e+001  8.9013048881191594e+001
  7.4968845195885951e+003  2.0219405661355668e+003  9.3656516434403557e+002  4.7619844456680801e+002  2.6331275763427277e+002  2.4225664112335267e+002  2.3788139636255551e+002  2.3186336557459549e+002  2.3089548386394972e+002  2.3034286796454376e+002  2.3015697159768126e+002  2.2999678360934240e+002  2.2986537032799458e+002  2.2986537032799458e+002
  5.6998715553407073e+003  8.7076736765405303e+002  4.4549024130593739e+002  2.6009249379600874e+002  1.2616055262405757e+002  1.0165506046888913e+002  9.8847198587879348e+001  9.7814336021076542e+001  9.7212456977082070e+001  9.6202962808668701e+001  9.5822440818394625e+001  9.5388317612330866e+001  9.4889080549876155e+001  9.4889080549876155e+001
  1.2797538509165519e+004  2.4226340228922040e+003  1.1334352072254912e+003  3.9015411138469744e+002  1.9224410761868262e+002  1.5727511574585162e+002  1.4713246979365545e+002  9.8224335147229226e+001  9.6301745999519369e+001  9.5938103942134376e+001  9.5620048899589051e+001  9.4977943578648421e+001  9.4238513552040672e+001  9.4238513552040672e+001
  6.9947435746520796e+003  1.8927898315664424e+003  8.8980382450711090e+002  4.7940412685238857e+002  2.5317149216663552e+002  1.1044346492424017e+002  9.8874978318218268e+001  9.0209782127697565e+001  8.9629285781756721e+001  8.9137286475925066e+001  8.8314285148848853e+001  8.7736153501270735e+001  8.7174141450881280e+001  8.7174141450881280e+001
  8.5046538213362055e+003  2.2181617702452927e+003  1.1810262861162880e+003  4.9134771268024292e+002  1.6654138241134251e+002  1.0175582529690416e+002  9.8281167298659284e+001  9.8107858616258568e+001  9.8103326652226315e+001  9.8103293297496180e+001  9.8103123947636846e+001  9.8103117218428793e+001  9.8103115999415309e+001  9.8103115999415309e+001
  8.0257645988717668e+003  2.4766627873345701e+003  1.4045599387177915e+003  8.2153082696760157e+002  3.8806885317363412e+002  1.0654302987558276e+002  9.8868284830240498e+001  9.7301883898621895e+001  9.7246390376507406e+001  9.6285657854264684e+001  9.5935698195329394e+001  9.5678818275921742e+001  9.5421837967600368e+001  9.5421837967600368e+001
  8.1759021826814169e+003  3.0149657104901903e+003  1.3062235934288394e+003  5.9187607479355574e+002  1.7986661729662319e+002  9.7868604333181565e+001  9.5108488830484816e+001  9.4028052145170591e+001  9.3400201706659630e+001  9.1589780391898330e+001  9.0161333143049148e+001  8.9761900354533736e+001  8.9051193021840959e+001  8.9051193021840959e+001
  7.2676172254483308e+003  2.2246363233223192e+003  1.1708405534059618e+003  3.9912715426583759e+002  1.1868332109111714e+002  9.0740000194498236e+001  8.8570550158665924e+001  8.7356131948489860e+001  8.4480363154047950e+001  2.9973828385526645e+001  2.1072949722590749e+001  2.0654869349238481e+001  2.0200062183915406e+001  2.0200062183915406e+001
  8.2258980359722573e+003  2.5039630774747584e+003  1.3458254354852077e+003  4.6600714993452107e+002  2.0920774020535544e+002  1.2643389502872844e+002  1.0235491305779033e+002  1.0087597320858367e+002  1.0057525539884352e+002  9.9650603558898808e+001  9.9030502347425227e+001  9.7864669411805835e+001  9.7471724129787617e+001  9.7471724129787617e+001
  9.1857635530463103e+003  2.5460900172737706e+003  1.3064484928154602e+003  5.4081067468863705e+002  1.9605192705073227e+002  9.4751320205131208e+001  8.4806560818515948e+001  8.4198739240797522e+001  8.3788841635098322e+001  8.3564229426259203e+001  8.3419762552615111e+001  8.3371024910123538e+001  8.3350385276047632e+001  8.3350385276047632e+001
