  6.8933327781031494e+001  5.6255795479088874e+001  5.0082810703527343e+001  4.3869751948303019e+001  4.3105705752205949e+001  4.3098661815177365e+001  4.3098639323278576e+001  4.3098635311079875e+001  4.3098634357881906e+001  4.3098634347931466e+001  4.3098634347857455e+001  4.3098634347853704e+001  4.3098634347852794e+001  4.3098634347852794e+001
  6.4103873163758976e+001  5.6619664989452872e+001  4.6457649741156843e+001  3.9828203122908690e+001  3.8641250705275297e+001  3.8618576403059706e+001  3.8618551551603787e+001  3.8618540784193328e+001  3.8618540725850721e+001  3.8618540724822651e+001  3.8618540724820605e+001  3.8618540724820605e+001  3.8618540724820377e+001  3.8618540724820377e+001
  6.8806705156380985e+001  5.8574353239943321e+001  5.2860062690963673e+001  4.8546269967445937e+001  4.7547594972625916e+001  4.7538387882471852e+001  4.7538376522748422e+001  4.7538371009300931e+001  4.7538370951677052e+001  4.7538362975176710e+001  4.7538362952954344e+001  4.7538362951597264e+001  4.7538362951594991e+001  4.7538362951594991e+001
  6.6225820930887267e+001  5.5370115639570372e+001  5.0348959469118768e+001  4.4698807869151437e+001  4.3484303547841137e+001  4.3469179116896612e+001  4.3469167980976408e+001  4.3469167752124008e+001  4.3469167695601982e+001  4.3469167693399299e+001  4.3469167693389409e+001  4.3469167693388954e+001  4.3469167693388954e+001  4.3469167693388954e+001
  5.9898711139120792e+001  4.9001065609722446e+001  4.4738549431233650e+001  4.1987626322147207e+001  4.1536549632953211e+001  4.1530169598967973e+001  4.1530157783890218e+001  4.1530155040577256e+001  4.1530154872786625e+001  4.1530154871396462e+001  4.1530154871377931e+001  4.1530154871375657e+001  4.1530154871375657e+001  4.1530154871375657e+001
  6.8281439972642829e+001  5.9682755643377277e+001  5.5658810563475981e+001  5.0983606848805834e+001  5.0196153841940600e+001  5.0187750839619184e+001  5.0187745171135020e+001  5.0187740464118633e+001  5.0187740429100472e+001  5.0187740426841742e+001  5.0187740426826736e+001  5.0187740426822188e+001  5.0187740426821620e+001  5.0187740426821620e+001
  6.7881558929709172e+001  5.2717354087603553e+001  4.5466105023298951e+001  4.2029194631334576e+001  4.1137178293001739e+001  4.1126083237974967e+001  4.1126074258983408e+001  4.1126074201835763e+001  4.1126074201446841e+001  4.1126074201418419e+001  4.1126074201415690e+001  4.1126074201414099e+001  4.1126074201413758e+001  4.1126074201413758e+001
  7.4147769579677515e+001  6.4051522692715253e+001  5.7914483956717618e+001  5.1961490629504397e+001  5.0807326069931605e+001  5.0792108900258313e+001  5.0792094026997461e+001  5.0792093501338286e+001  5.0792089203898513e+001  5.0792089127362601e+001  5.0792089126910696e+001  5.0792089126900578e+001  5.0792089126897281e+001  5.0792089126897281e+001
  6.3425058511308521e+001  5.6451535501527019e+001  5.0571738663406222e+001  4.7790148771246550e+001  4.7378256694013089e+001  4.7374730825938855e+001  4.7374728743512151e+001  4.7374724875490188e+001  4.7374724691328879e+001  4.7374724688429183e+001  4.7374724688376205e+001  4.7374724688375636e+001  4.7374724688375636e+001  4.7374724688375636e+001
  6.9709518316472440e+001  6.3218544524196773e+001  5.5599082470040571e+001  4.8843424654657611e+001  4.8064570615370940e+001  4.8058848388089814e+001  4.8058840177986553e+001  4.8058838889820777e+001  4.8058838887732691e+001  4.8058838887680508e+001  4.8058838887677666e+001  4.8058838887675620e+001  4.8058838887674369e+001  4.8058838887674369e+001
  6.7670807041689386e+001  5.6403889376696839e+001  4.9675438458898043e+001  4.4729706734042452e+001  4.3880379451035765e+001  4.3870555338939880e+001  4.3870536846080540e+001  4.3870529007907635e+001  4.3870528985795090e+001  4.3870528985730402e+001  4.3870528985728242e+001  4.3870528985728242e+001  4.3870528985728242e+001  4.3870528985728242e+001
  6.8549871525117624e+001  6.0580667533880955e+001  5.3874225702287958e+001  4.9844506624251494e+001  4.9372547177818774e+001  4.9366754659767139e+001  4.9366744540417017e+001  4.9366744051995511e+001  4.9366743938592776e+001  4.9366743922466071e+001  4.9366743922173328e+001  4.9366743922169576e+001  4.9366743922169576e+001  4.9366743922169576e+001
  6.3296368601351560e+001  5.3675085121105440e+001  5.0889940382188342e+001  4.9072737786091466e+001  4.8434157011977504e+001  4.8422179686733784e+001  4.8422156363593217e+001  4.8422155118182900e+001  4.8422155109835103e+001  4.8422155109444702e+001  4.8422155109225400e+001  4.8422155109222103e+001  4.8422155109220625e+001  4.8422155109220625e+001
  6.5449277729133883e+001  5.5094660066248366e+001  4.6207780022965494e+001  4.3339545001234796e+001  4.2810102858070422e+001  4.2805087264247845e+001  4.2805082439125385e+001  4.2805081912768060e+001  4.2805081510091327e+001  4.2805081509905449e+001  4.2805081509897491e+001  4.2805081509817683e+001  4.2805081509816205e+001  4.2805081509816205e+001
  7.0644855967809690e+001  6.0840502090225300e+001  5.5294678140446990e+001  5.2162897535855109e+001  5.1356538372837804e+001  5.1352972432384490e+001  5.1352960012478206e+001  5.1352959507871560e+001  5.1352959437960180e+001  5.1352959437480649e+001  5.1352959437479512e+001  5.1352959437478376e+001  5.1352959437477921e+001  5.1352959437477921e+001
  6.8881239645604865e+001  6.1645287259127599e+001  5.5569824385388756e+001  5.3819565417206491e+001  5.3597881456964842e+001  5.3591035364874301e+001  5.3591025729300554e+001  5.3591021637059271e+001  5.3591021597656891e+001  5.3591021597545705e+001  5.3591021597527856e+001  5.3591021597527856e+001  5.3591021597527742e+001  5.3591021597527742e+001
  7.0048048448715576e+001  5.6331451650910594e+001  4.8767814061990521e+001  4.3535241425981098e+001  4.2330377541440726e+001  4.2314223042265098e+001  4.2314201770899217e+001  4.2314199952014405e+001  4.2314199944765733e+001  4.2314199944448660e+001  4.2314199944425809e+001  4.2314199944385109e+001  4.2314199944380107e+001  4.2314199944380107e+001
  6.3082617135006558e+001  5.1672808069480197e+001  4.5805150503328719e+001  4.2099516322601744e+001  4.0974347815462806e+001  4.0964487971910216e+001  4.0964465175891519e+001  4.0964463335652567e+001  4.0964463222552354e+001  4.0964463220160951e+001  4.0964463220148559e+001  4.0964463220147422e+001  4.0964463220146740e+001  4.0964463220146740e+001
  6.6334313681131107e+001  4.8478818471716409e+001  4.2927320284151165e+001  3.8632465741820397e+001  3.7278207153950007e+001  3.7268003177507921e+001  3.7267984368711950e+001  3.7267978188144298e+001  3.7267978121838269e+001  3.7267978087431743e+001  3.7267978078644205e+001  3.7267978078639544e+001  3.7267978078621354e+001  3.7267978078621354e+001
  7.2219003863108696e+001  5.6946373225925640e+001  5.1162866659432666e+001  4.8710181507925654e+001  4.8064785924610874e+001  4.8059865777918617e+001  4.8059852417222942e+001  4.8059847540676174e+001  4.8059841278284580e+001  4.8059840165878086e+001  4.8059840162615615e+001  4.8059840162590149e+001  4.8059836447620455e+001  4.8059836447620455e+001
  6.7909236031826822e+001  5.8039050206608636e+001  4.3732925654497876e+001  3.7917578740957083e+001  3.7487393870949177e+001  3.7478276642046012e+001  3.7478265652942355e+001  3.7478259711798273e+001  3.7478259641055956e+001  3.7478259638338386e+001  3.7478259638313602e+001  3.7478259638312920e+001  3.7478259638312920e+001  3.7478259638312920e+001
  6.3425998316771370e+001  5.5334293473715434e+001  5.2309383747185848e+001  5.0898824760322555e+001  5.0505644385365599e+001  5.0500706230481114e+001  5.0500689883947302e+001  5.0500687636700832e+001  5.0500687572875563e+001  5.0500687572647394e+001  5.0500687572641823e+001  5.0500687572638185e+001  5.0500687572637958e+001  5.0500687572637958e+001
  5.9559927473178732e+001  4.9662842480031600e+001  4.6556982568847957e+001  4.3867985284078486e+001  4.3517976626243353e+001  4.3515113679523211e+001  4.3515095547608098e+001  4.3515095356319080e+001  4.3515095354026471e+001  4.3515091609897809e+001  4.3515091608102011e+001  4.3515091608094622e+001  4.3515091608093599e+001  4.3515091608093599e+001
  5.9520898431002706e+001  4.8517059063331772e+001  4.2176910048781679e+001  3.9892186461196843e+001  3.9432200847158242e+001  3.9427531944356815e+001  3.9427515979986310e+001  3.9427514147368129e+001  3.9427514137929165e+001  3.9427514137904836e+001  3.9427514137899834e+001  3.9427514137899152e+001  3.9427514137895969e+001  3.9427514137895969e+001
  6.9014340746439871e+001  5.7747337296690716e+001  5.3475426285678623e+001  4.8634799281730352e+001  4.7920824635098370e+001  4.7914692516064292e+001  4.7914670691939136e+001  4.7914669829408695e+001  4.7914669754970078e+001  4.7914669754705187e+001  4.7914669754658803e+001  4.7914669754651527e+001  4.7914669754651072e+001  4.7914669754651072e+001
  6.4554112724775450e+001  5.9050285943854419e+001  5.1738014299487986e+001  4.8636885871282857e+001  4.7705637389446906e+001  4.7693850780227763e+001  4.7693838492834061e+001  4.7693837971570247e+001  4.7693837958420545e+001  4.7693837958283325e+001  4.7693837958276845e+001  4.7693837958265021e+001  4.7693837958265021e+001  4.7693837958265021e+001
  6.3426933072680640e+001  5.1418694607994439e+001  4.7210449109025035e+001  4.4462387344715125e+001  4.3662445059444963e+001  4.3658213328767715e+001  4.3658203485045192e+001  4.3658203237508246e+001  4.3658203235431301e+001  4.3658203235429369e+001  4.3658203235429369e+001  4.3658203235428914e+001  4.3658203235428914e+001  4.3658203235428914e+001
  6.5307362966483879e+001  5.8875768307066323e+001  5.2779684774530551e+001  4.8602781884009119e+001  4.7924075426537911e+001  4.7915983478745375e+001  4.7915965034374949e+001  4.7915958107347024e+001  4.7915958035399854e+001  4.7915958011798807e+001  4.7915958011789371e+001  4.7915958011787666e+001  4.7915958011786302e+001  4.7915958011786302e+001
  6.9779088927291809e+001  6.2320161450860837e+001  5.7280696369603788e+001  5.4719058130422582e+001  5.3972886218383906e+001  5.3942833239174092e+001  5.3942812424448789e+001  5.3942812338130011e+001  5.3942812337957434e+001  5.3942812337938790e+001  5.3942812337933105e+001  5.3942812337932537e+001  5.3942812337932537e+001  5.3942812337932537e+001
  6.6463258340041762e+001  5.6369365976638619e+001  5.1367939046940364e+001  4.6925983879681894e+001  4.6242057612323151e+001  4.6235628887280541e+001  4.6235608354251326e+001  4.6235607969818716e+001  4.6235607968059639e+001  4.6235607966881844e+001  4.6235607966881162e+001  4.6235607966880252e+001  4.6235607966879456e+001  4.6235607966879456e+001
  7.1155667044699271e+001  5.8282133575466219e+001  5.3561289586064845e+001  5.0107721545214417e+001  4.9481056131229479e+001  4.9476400737980271e+001  4.9476395346946902e+001  4.9476395247272649e+001  4.9476395247226833e+001  4.9476395246700804e+001  4.9476395246370657e+001  4.9476395246334278e+001  4.9476395246328821e+001  4.9476395246328821e+001
  6.5458382368477487e+001  5.4737431751346435e+001  5.0099859152136105e+001  4.6348174345430380e+001  4.5417780618794950e+001  4.5408495870978868e+001  4.5408488959767624e+001  4.5408483248372931e+001  4.5408483227289366e+001  4.5408483224068959e+001  4.5408483223906842e+001  4.5408483223761095e+001  4.5408483223752796e+001  4.5408483223752796e+001
  6.7128265378883043e+001  5.6113573634744057e+001  4.8507245981649248e+001  4.2034468101085736e+001  4.0874633746265090e+001  4.0856185742949947e+001  4.0856175872223957e+001  4.0856175546239001e+001  4.0856175536627461e+001  4.0856175536610863e+001  4.0856175536610863e+001  4.0856175536610408e+001  4.0856175536609726e+001  4.0856175536609726e+001
  6.7244361497423142e+001  5.5011217155882150e+001  4.6860494947262168e+001  4.5533372200804934e+001  4.4720650871348539e+001  4.3688389572490678e+001  4.3687165502852622e+001  4.3687148451645726e+001  4.3687147992991868e+001  4.3687147990086942e+001  4.3687147990085691e+001  4.3687147989944606e+001  4.3687147987713274e+001  4.3687147987713274e+001
  6.6557789179427118e+001  5.9246274064022032e+001  5.2159550943734189e+001  5.0001485297382942e+001  4.9321694447007417e+001  4.9315993837371138e+001  4.9315976170952126e+001  4.9315968556891448e+001  4.9315968525530820e+001  4.9315968523583706e+001  4.9315968523477636e+001  4.9315968523452852e+001  4.9315968523428069e+001  4.9315968523428069e+001
  6.6726798364109868e+001  5.3699437867593929e+001  4.7871344152717370e+001  4.2991829510456114e+001  4.2123860034366544e+001  4.2114049995229038e+001  4.2114040854170980e+001  4.2114040439527002e+001  4.2114040429055194e+001  4.2114040429000283e+001  4.2114040428982889e+001  4.2114040428982889e+001  4.2114040428982889e+001  4.2114040428982889e+001
  6.4615275738560285e+001  4.9246996811683630e+001  4.4221848533002344e+001  4.1603946288692555e+001  4.1243363912334416e+001  4.1237427092774738e+001  4.1237415615743316e+001  4.1237415523465415e+001  4.1237415521332991e+001  4.1237415521254661e+001  4.1237415521252956e+001  4.1237415521251819e+001  4.1237415521251705e+001  4.1237415521251705e+001
  7.2278129611546433e+001  5.7293768771857231e+001  4.9314254460628490e+001  4.5596203157810237e+001  4.4448947609358925e+001  4.4431031320120610e+001  4.4431022195291348e+001  4.4431014268513877e+001  4.4431014246409177e+001  4.4431014246035033e+001  4.4431014246032646e+001  4.4431014246029122e+001  4.4431014246027303e+001  4.4431014246027303e+001
  6.1561519397030111e+001  4.6930687960601290e+001  4.2565147085780268e+001  3.9718196032642254e+001  3.8891285605207372e+001  3.8882389751986693e+001  3.8882377015071938e+001  3.8882375055557304e+001  3.8882375025625720e+001  3.8882375025560577e+001  3.8882375025551710e+001  3.8882375025550573e+001  3.8882375025550573e+001  3.8882375025550573e+001
  6.7145552329815246e+001  5.7481088140121187e+001  5.0050291860583002e+001  4.7080437423186140e+001  4.6469542921009520e+001  4.6457708932451283e+001  4.6457700233757919e+001  4.6457700053073268e+001  4.6457692691778561e+001  4.6457692683623918e+001  4.6457692681128719e+001  4.6457692681122580e+001  4.6457692681117237e+001  4.6457692681117237e+001
  6.9355913975966246e+001  5.1967439850535698e+001  4.3496992649296999e+001  3.6022017103880557e+001  3.3818506207131350e+001  3.3751334937684419e+001  3.3751307473879478e+001  3.3751304847620304e+001  3.3751302556829955e+001  3.3751302536119852e+001  3.3751302535258333e+001  3.3751302535242758e+001  3.3751302535238210e+001  3.3751302535238210e+001
  6.6702215546040065e+001  5.2782637690629713e+001  4.9212607830866318e+001  4.6363028618896806e+001  4.5813027853951553e+001  4.5807312547563470e+001  4.5807305796492756e+001  4.5807301676448105e+001  4.5807301560611108e+001  4.5807301559862253e+001  4.5807301559847588e+001  4.5807301559846337e+001  4.5807301559845882e+001  4.5807301559845882e+001
  7.1067100597164995e+001  6.1743231631084996e+001  5.1344988229586534e+001  4.7782997637738617e+001  4.6060220379788348e+001  4.6048022244174717e+001  4.6048001742416659e+001  4.6047990475285587e+001  4.6047990402145160e+001  4.6047990391403118e+001  4.6047990391316944e+001  4.6047990391307053e+001  4.6047990391306712e+001  4.6047990391306712e+001
  7.2910949171425614e+001  5.7080451040895127e+001  4.7846796319435157e+001  4.1652854444644845e+001  3.9881257489249037e+001  3.9872356656570219e+001  3.9872349822396586e+001  3.9872345864376030e+001  3.9872345815326980e+001  3.9872345809182207e+001  3.9872345809149692e+001  3.9872345809145258e+001  3.9872345809138437e+001  3.9872345809138437e+001
  6.3431670677339412e+001  5.3202058719980869e+001  4.8814349620084158e+001  4.3693844275556899e+001  4.3219967877421595e+001  4.3214951154535242e+001  4.3214939814540230e+001  4.3214938070981248e+001  4.3214938054982326e+001  4.3214933296292770e+001  4.3214933295225478e+001  4.3214933295038918e+001  4.3214933295028800e+001  4.3214933295028800e+001
  6.9125455688578086e+001  5.6145519377537880e+001  4.7160955728525096e+001  4.3900783562215224e+001  4.2666804258198226e+001  4.2648651125216475e+001  4.2648642218594091e+001  4.2648640701478826e+001  4.2648640664663162e+001  4.2648640664473874e+001  4.2648640664447953e+001  4.2648640664442951e+001  4.2648640664441700e+001  4.2648640664441700e+001
  5.9695123381906569e+001  5.0388727998992067e+001  4.4496075769326239e+001  4.1847718328939891e+001  4.1223593127621939e+001  4.1209059954738905e+001  4.1209048238931018e+001  4.1209047707514401e+001  4.1209047637238996e+001  4.1209047637117351e+001  4.1209047637061303e+001  4.1209047637050617e+001  4.1209047637049821e+001  4.1209047637049821e+001
  6.5344367192623167e+001  5.7111847751207847e+001  5.1687287128900152e+001  4.9124399862667246e+001  4.8688839228362212e+001  4.8683257357050479e+001  4.8683251328156871e+001  4.8683246778936336e+001  4.8683246299259622e+001  4.8683246233187901e+001  4.8683246232974852e+001  4.8683246232967235e+001  4.8683246232966212e+001  4.8683246232966212e+001
  6.8568001633850031e+001  5.9951642303005883e+001  4.8695392232568906e+001  4.5053542552986301e+001  4.4201748973014901e+001  4.4193439866733115e+001  4.4193431156520887e+001  4.4193430378006838e+001  4.4193426510345603e+001  4.4193426495048243e+001  4.4193426494954565e+001  4.4193426494953769e+001  4.4193426494951950e+001  4.4193426494951950e+001
  6.1380527179271667e+001  5.1463032457828717e+001  4.5224920823839625e+001  4.1509750880678894e+001  4.0488681698291430e+001  4.0478807863970019e+001  4.0478797138700997e+001  4.0478797056338863e+001  4.0478797056287817e+001  4.0478797056204940e+001  4.0478797056201756e+001  4.0478797056201756e+001  4.0478797056200960e+001  4.0478797056200960e+001
  5.9807400474846645e+001  5.1099326195756589e+001  4.7318784995535793e+001  4.4004765535020965e+001  4.3196191094391452e+001  4.3189407394927343e+001  4.3189385979122676e+001  4.3189385722408133e+001  4.3189385454818876e+001  4.3189385448375447e+001  4.3189385448329858e+001  4.3189385448301664e+001  4.3189385448300186e+001  4.3189385448300186e+001
