  2.0067788836969917e+003  1.3009948706793257e+003  7.0387095774166391e+002  2.5853289679621139e+002  2.5560341246824328e+002  2.5560341245041127e+002  2.5560341245041127e+002  2.5560341245041127e+002  2.5560341245041127e+002  2.5560341245041127e+002  2.5560341245041127e+002  2.5560341245041127e+002  2.5560341245041127e+002  2.5560341245041127e+002
  1.5724060316496152e+003  3.3699275875842386e+002  3.3136397735661330e+002  1.5538395469708348e+002  1.3534946018078699e+001  1.3534933868690132e+001  1.3534933868690132e+001  1.3534933868690132e+001  1.3534933868690132e+001  1.3534933868690132e+001  1.3534933868690132e+001  1.3534933868690132e+001  1.3534933868690132e+001  1.3534933868690132e+001
  1.5453692495822288e+003  8.8158330518390994e+002  8.7093665279879860e+002  6.2485740117268642e+002  2.6542411679426095e+002  2.6542358131732044e+002  2.6542358131732044e+002  2.6542358131732044e+002  2.6542358131732044e+002  2.6542358131732044e+002  2.6542358131732044e+002  2.6542358131732044e+002  2.6542358131732044e+002  2.6542358131732044e+002
  1.9346805578652156e+003  1.5006666337506044e+003  1.2236939828309487e+003  1.0963457998836152e+003  7.1609506833404021e+002  5.9605902215238712e+002  5.9605902142216746e+002  5.9605902142216655e+002  5.9605902142216655e+002  5.9605902142216655e+002  5.9605902142216655e+002  5.9605902142216655e+002  5.9605902142216655e+002  5.9605902142216655e+002
  2.1135215278193082e+003  1.7541128579239521e+003  9.2937847132303841e+002  5.3436288291914434e+002  1.3412115044505708e+002  1.3407275370263733e+002  1.3407275370263687e+002  1.3407275370263687e+002  1.3407275370263687e+002  1.3407275370263687e+002  1.3407275370263687e+002  1.3407275370263687e+002  1.3407275370263687e+002  1.3407275370263687e+002
  1.8079338981775250e+003  1.0450483918120226e+003  9.0093046943077206e+002  7.8215197264037806e+002  2.4780888222794511e+002  2.4751148452627876e+002  2.4751148451319932e+002  2.4751148451319887e+002  2.4751148451319887e+002  2.4751148451319887e+002  2.4751148451319887e+002  2.4751148451319887e+002  2.4751148451319887e+002  2.4751148451319887e+002
  2.1220229590778295e+003  1.8418419988369037e+003  1.2471518092593146e+003  8.7946109288063781e+002  7.9712635626089195e+002  6.1928101262208611e+002  6.1928089069341650e+002  6.1928089069341604e+002  6.1928089069341604e+002  6.1928089069341604e+002  6.1928089069341604e+002  6.1928089069341604e+002  6.1928089069341604e+002  6.1928089069341604e+002
  1.5725867241507076e+003  1.4028444287715024e+003  1.1648100565761811e+003  5.3058758994923755e+002  5.0905939304255025e+002  5.0905939289826983e+002  5.0905939289826983e+002  5.0905939289826983e+002  5.0905939289826983e+002  5.0905939289826983e+002  5.0905939289826983e+002  5.0905939289826983e+002  5.0905939289826983e+002  5.0905939289826983e+002
  1.2661423142736480e+003  1.2127008787092464e+003  8.2536803918943087e+002  2.9786580472869900e+001  1.6949895843125887e+001  1.6949894556381878e+001  1.6949894556381878e+001  1.6949894556381878e+001  1.6949894556381878e+001  1.6949894556381878e+001  1.6949894556381878e+001  1.6949894556381878e+001  1.6949894556381878e+001  1.6949894556381878e+001
  1.8233246895101365e+003  8.5251273756008368e+002  5.3029862818585661e+002  1.5374449857880563e+002  1.4077776640607090e+002  1.4077776619594260e+002  1.4077776619594260e+002  1.4077776619594260e+002  1.4077776619594260e+002  1.4077776619594260e+002  1.4077776619594260e+002  1.4077776619594260e+002  1.4077776619594260e+002  1.4077776619594260e+002
  1.4988147799944563e+003  1.3445119673284853e+003  1.1798466379172082e+003  9.0319209780011715e+002  5.1154617295601338e+002  5.0436212794937501e+002  5.0435995074174116e+002  5.0435995074142738e+002  5.0435995074142738e+002  5.0435995074142738e+002  5.0435995074142738e+002  3.4892505300983521e+002  3.4892505300983521e+002  3.4892505300983521e+002
  1.3622641886878673e+003  1.1629593198445823e+003  1.1580315401721414e+003  9.8275804225229058e+002  3.7020801872440643e+002  1.2868323668944322e+002  1.2868321667751752e+002  1.2868321667751616e+002  1.2868321667751434e+002  1.2868321667751434e+002  1.2868321667751434e+002  1.2868321667751434e+002  1.2868321667751434e+002  1.2868321667751434e+002
  1.8699928753318222e+003  1.8502508930485656e+003  1.4925195028790740e+003  7.8057550640772070e+002  3.2878739602950645e+002  3.2302711072051852e+002  1.4881557506538047e+002  1.4881556427439000e+002  1.4881556427439000e+002  1.4881556427439000e+002  1.4881556427439000e+002  1.4881556427439000e+002  1.4881556427439000e+002  1.4881556427439000e+002
  1.1459954109082419e+003  9.3010582838326945e+002  7.2843426278875177e+002  3.7036695118060288e+002  3.6365674962881030e+002  3.6365674954468250e+002  3.6365674954468204e+002  3.6365674954468204e+002  3.6365674954468204e+002  3.6365674954468204e+002  3.6365674954468204e+002  3.6365674954468204e+002  3.6365674954468204e+002  3.6365674954468204e+002
  1.6382462730639422e+003  6.9314269080791610e+002  5.8234807248657535e+002  9.1974340798768026e+001  4.5171373092643989e+001  4.5171367649001695e+001  4.5171367649001695e+001  4.5171367649001695e+001  4.5171367649001695e+001  4.5171367649001695e+001  4.5171367649001695e+001  4.5171367649001695e+001  4.5171367649001695e+001  4.5171367649001695e+001
  1.7232742323710386e+003  1.6300427542169305e+003  1.1647090383679629e+003  8.9371392023583667e+002  4.8513069174672046e+002  4.0062029499248411e+002  4.0062026590907999e+002  4.0062026590907908e+002  4.0062026590907908e+002  2.7828874364941339e+002  2.7735487583345457e+002  2.7735098507515340e+002  2.7733979268661915e+002  2.7733979268661915e+002
  1.7267471418545001e+003  1.1385622990355614e+003  7.3511007473657583e+002  1.4317550406599821e+002  1.2572064396284259e+002  1.2572064365210690e+002  1.2572064365210690e+002  1.2572064365210690e+002  1.2572064365210690e+002  1.2572064365210690e+002  1.2572064365210690e+002  1.2572064365210690e+002  1.2572064365210690e+002  1.2572064365210690e+002
  1.8359361038193711e+003  1.1811656107242729e+003  1.0884760326615087e+003  8.1971652436289105e+002  5.3617457159732521e+002  5.3617445562711237e+002  5.3617445562711237e+002  5.3617445562711237e+002  5.3617445562711237e+002  5.3617445562711237e+002  5.3617445562711237e+002  5.3617445562711237e+002  5.3617445562711237e+002  5.3617445562711237e+002
  1.5990556559261045e+003  1.0581462909084057e+003  9.8213157000787987e+002  7.1197011823658886e+002  4.7604697432151852e+002  4.7604533448778830e+002  4.7604533448778784e+002  4.7604533448778784e+002  4.7604533448778784e+002  4.7604533448778784e+002  4.7604533448778784e+002  4.7604533448778784e+002  4.7604533448778784e+002  4.7604533448778784e+002
  1.6439086814128414e+003  1.4645606540311524e+003  1.4645606540311524e+003  8.8894115025567908e+002  3.5982507212638575e+002  3.4944041667997726e+002  3.4944041665391069e+002  3.4944041665391069e+002  3.4944041665391069e+002  3.4944041665391069e+002  3.4944041665391069e+002  3.4944041665391069e+002  3.4944041665391069e+002  3.4944041665391069e+002
  1.4991688366957578e+003  1.3589656232086663e+003  1.2434664237987572e+003  6.0183939878040746e+002  4.1997680817492210e+002  4.1557090145235725e+002  4.1557090145235452e+002  4.1557090145235452e+002  4.1557090145235452e+002  4.1557090145235452e+002  4.1557090145235452e+002  4.1557090145235452e+002  4.1557090145235452e+002  4.1557090145235452e+002
  1.6496689359963702e+003  1.4044467731705158e+003  1.3840862548586060e+003  8.4947662243763352e+002  2.6232648993964585e+002  2.4047899460974895e+002  2.4047899323968477e+002  2.4047899323968431e+002  2.4047899323968431e+002  2.4047899323968431e+002  2.4047899323968431e+002  2.4047899323968386e+002  2.4047899323968386e+002  2.4047899323968386e+002
  1.5321177406504053e+003  1.5321177406504053e+003  1.4067548305065689e+003  9.5576400411534814e+002  4.4188128237976753e+002  3.8185227134065690e+002  2.6347167448638083e+002  2.6347167437915095e+002  2.6347167437915095e+002  2.6347167437915095e+002  2.6347167437915095e+002  2.6347167437915095e+002  2.6347167437915095e+002  2.6347167437915095e+002
  1.5490358602275833e+003  1.3439814722047950e+003  1.2438201014121323e+003  4.4231364760616543e+002  1.0370197476046997e+001  1.0369790945152090e+001  1.0369790945152090e+001  1.0369790945152090e+001  1.0369790945152090e+001  1.0369790945152090e+001  1.0369790945152090e+001  1.0369790945152090e+001  1.0369790945152090e+001  1.0369790945152090e+001
  1.5153121852036916e+003  1.5153121852036916e+003  1.1309148208578949e+003  8.2448095460125478e+002  6.8841622215489451e+002  6.8589181545844895e+002  6.8580727526561077e+002  6.8580648577534339e+002  6.8580610494452230e+002  6.8580563978199325e+002  6.8580563978199325e+002  6.8580563978199325e+002  6.8580563978199325e+002  6.8580563978199325e+002
  1.2440926122233382e+003  1.1742975041935078e+003  8.3915803114017353e+002  4.7502510272027848e+002  2.5251114871695563e+002  2.5251108831707461e+002  2.5251108831707461e+002  2.5251108831707461e+002  2.5251108831707461e+002  2.5251108831707461e+002  2.5251108831707461e+002  2.5251108831707461e+002  2.5251108831707461e+002  2.5251108831707461e+002
  1.8444842667974553e+003  1.5239235065655130e+003  1.3684866635681969e+003  5.7823786875115638e+002  2.5711184507280268e+002  2.5686057678638963e+002  2.5686057678638826e+002  2.5686057678638826e+002  2.5686057678638826e+002  2.5686057678638826e+002  2.5686057678638826e+002  2.5686057678638826e+002  2.5686057678638826e+002  2.5686057678638826e+002
  2.0734768316843447e+003  1.5100664485593543e+003  1.2936346398425976e+003  8.7940817582842192e+002  6.0286150497611970e+002  5.9905054978232147e+002  5.9905054978072349e+002  5.9905054978072349e+002  5.9905054978072349e+002  5.9905054978072349e+002  5.9905054978072349e+002  5.9905054978072349e+002  5.9905054978072349e+002  5.9905054978072349e+002
  1.5025449477272468e+003  1.2043349892664905e+003  9.6146427360960979e+002  6.1566382289528792e+002  2.6094124356156817e+002  2.6093881961676834e+002  2.6093881961676834e+002  2.6093881961676834e+002  2.6093881961676834e+002  2.6093881961676834e+002  2.6093881961676834e+002  2.6093881961676834e+002  2.6093881961676834e+002  2.6093881961676834e+002
  1.3036292780794652e+003  1.2413401721985933e+003  1.1372720598668079e+003  8.9623353386517283e+002  6.8099837464247275e+002  6.7952856199507914e+002  6.7952854707809229e+002  6.7952854707809183e+002  6.7952854707809183e+002  6.7952854707809183e+002  6.7952854707809183e+002  6.7952854707809183e+002  6.7952854707809183e+002  6.7952854707809183e+002
  1.6910664198053810e+003  1.4077414896301420e+003  9.1004712763826637e+002  6.1169862457224781e+002  8.8472392227755336e+001  2.2295399388007354e+001  2.2295399021985759e+001  2.2295399021985759e+001  2.2295399021985759e+001  2.2295399021985759e+001  2.2295399021985759e+001  2.2295399021985759e+001  2.2295399021985759e+001  2.2295399021985759e+001
  1.9732169768091362e+003  1.1476499661973053e+003  8.7469956541597503e+002  4.6107479061966160e+002  2.5710372474205542e+001  2.5710359709675686e+001  2.5710359709675686e+001  2.5710359709675686e+001  2.5710359709675686e+001  2.5710359709675686e+001  2.5710359709675686e+001  2.5710359709674776e+001  2.5710359709674776e+001  2.5710359709674776e+001
  1.8445663688924442e+003  6.9131654939029295e+002  3.4270441433671931e+002  1.8876783844961983e+002  1.8197419277960944e+002  1.8197418672984850e+002  1.8197418672984804e+002  1.8197418672984804e+002  1.8197418672984804e+002  1.8197418672984804e+002  1.8197418672984804e+002  1.8197418672984804e+002  1.8197418672984804e+002  1.8197418672984804e+002
  1.6176605894173586e+003  1.2563045294909452e+003  9.5507685714374793e+002  4.3037763672980100e+002  3.4334762201674494e+002  3.4334757095781697e+002  3.4334757095781697e+002  3.4334757095781697e+002  3.4334757095781697e+002  3.4334757095781697e+002  3.4334757095781697e+002  3.4334757095781697e+002  3.4334757095781697e+002  3.4334757095781697e+002
  1.9121088194356580e+003  1.6682976321667602e+003  1.2278782795592901e+003  7.2406552547685033e+002  6.5731855327305539e+002  1.4852981304688001e+002  1.4748692201557742e+002  1.4748692201557606e+002  1.4748692201557606e+002  1.4748692201557606e+002  1.4748692201557606e+002  1.4748692201557606e+002  1.4748692201557606e+002  1.4748692201557606e+002
  1.7451759427120569e+003  1.3246869162810131e+003  9.7909423697971397e+002  7.9459218136568188e+002  2.2711221343612306e+002  1.6533242105434556e+002  1.6533242105233285e+002  1.6533242105233285e+002  1.6533242105233285e+002  1.6533242105233285e+002  1.6533242105233285e+002  1.6533242105233285e+002  1.6533242105233285e+002  1.6533242105233285e+002
  1.8837486719273415e+003  1.1705496838166209e+003  1.0188322184866306e+003  5.2112116116798234e+002  3.2030263463518941e+002  2.6238124692949486e+002  2.6238124373391838e+002  2.6238124373391747e+002  2.6238124373391747e+002  2.6238124373391747e+002  2.6238124373391747e+002  2.6238124373391747e+002  2.6238124373391747e+002  2.6238124373391747e+002
  1.5874973733779329e+003  1.4414818236906917e+003  1.2784715199899492e+003  7.4638797489965418e+002  5.2160865188220259e+002  5.2160863439077821e+002  5.2160863439077821e+002  5.2160863439077821e+002  5.2160863439077821e+002  5.2160863439077821e+002  5.2160863439077821e+002  5.2160863439077821e+002  5.2160863439077821e+002  5.2160863439077821e+002
  1.5655515507836726e+003  1.4546353273663299e+003  1.0579247010012532e+003  6.4901120132076448e+002  5.9923291517167036e+002  5.9923051542288658e+002  5.9923051542288658e+002  5.9923051542288658e+002  5.9923051542288658e+002  5.9923051542288658e+002  5.9923051542288658e+002  5.9923051542288658e+002  5.9923051542288658e+002  5.9923051542288658e+002
  1.5967931044302159e+003  1.5802716775202043e+003  1.3247776148546895e+003  6.5276477363619369e+002  3.8078785830486777e+002  2.4451587898713115e+001  2.3534141476599871e+001  2.3534141476443438e+001  2.3534141476443438e+001  2.3534141476443438e+001  2.3534141476443438e+001  2.3534141476443438e+001  2.3534141476443438e+001  2.3534141476443438e+001
  1.5880631417850759e+003  1.0210190988552540e+003  7.5521234042205606e+002  3.6589068491732314e+002  2.4863360860080684e+002  2.4863337561793696e+002  2.4863337561793651e+002  2.4863337561793605e+002  2.4863337561793605e+002  2.4863337561793605e+002  2.4863337561793605e+002  2.4863337561793605e+002  2.4863337561793605e+002  2.4863337561793605e+002
  1.6548515686409742e+003  1.1463703609023155e+003  1.0341839272225834e+003  8.7191352721017302e+002  5.2224177808949344e+002  7.6006083214417231e+001  2.2227560794150122e+001  2.2160394917680605e+001  2.2160392840668464e+001  2.2160392840667555e+001  2.2160392840667555e+001  2.2160392840667555e+001  2.2160392840667555e+001  2.2160392840667555e+001
  1.4858619298634007e+003  1.2372363782594980e+003  1.0744207026703257e+003  6.6172716231682352e+002  6.5060918904119490e+002  6.5060918865734220e+002  6.5060918865734220e+002  6.5060918865734220e+002  6.5060918865734175e+002  6.5060918865734175e+002  6.5060918865734175e+002  6.5060918865734175e+002  6.5060918865734175e+002  6.5060918865734175e+002
  1.6834076132089453e+003  1.0132400348230558e+003  9.2694861422178838e+002  7.3250936002775052e+002  4.4466654470480398e+002  4.4465929346062785e+002  4.4465929346062785e+002  4.4465929346062785e+002  4.4465929346062740e+002  4.4465929346062740e+002  4.4465929346062740e+002  4.4465929346062740e+002  4.4465929346062740e+002  4.4465929346062740e+002
  1.2899734140513838e+003  1.1386115987380617e+003  9.9016340311541762e+002  4.3887797981885478e+002  3.6354506796173337e+002  2.6761739946193302e+001  2.6761738841018087e+001  2.6761738841018087e+001  2.6761738841018087e+001  2.6761738841018087e+001  2.6761738841018087e+001  2.6761738841018087e+001  2.6761738841018087e+001  2.6761738841018087e+001
  1.8132134284681911e+003  1.5089418986371334e+003  9.7108026433699342e+002  4.9375107692554957e+002  2.6921110304020385e+002  2.6910356634418213e+002  2.6910356634418167e+002  2.6910356634418167e+002  2.6910356634418167e+002  2.6910356634418167e+002  2.6910356634418167e+002  2.6910356634418167e+002  2.6910356634418167e+002  2.6910356634418167e+002
  1.4910515264481901e+003  1.4910515264481896e+003  1.4383016146614700e+003  1.3793088618869415e+003  9.1492197883212930e+002  7.8315161001897695e+002  6.0362040235527911e+002  3.9447413195874287e+002  3.8620911541346277e+002  3.8620911537348002e+002  3.8620911537348002e+002  3.8620911537347956e+002  3.8620911537347956e+002  3.8620911537347956e+002
  1.9200484127330515e+003  1.8550278272690871e+003  1.2971041997024204e+003  6.7620477828963612e+002  2.8402739075710815e+002  2.6685564108651033e+002  2.6685564108530889e+002  2.6685564108530889e+002  2.6685564108530889e+002  2.6685564108530889e+002  2.6685564108530889e+002  2.6685564108530889e+002  2.6685564108530889e+002  2.6685564108530889e+002
  1.6202826147133983e+003  1.0944970751835244e+003  8.0743737173564978e+002  1.8254893818748269e+002  1.2565820102365979e+002  1.2565818921106847e+002  1.2565818921106847e+002  1.2565818921106847e+002  1.2565818921106847e+002  1.2565818921106847e+002  1.2565818921106847e+002  1.2565818921106847e+002  1.2565818921106847e+002  1.2565818921106847e+002
  1.9040251346435502e+003  1.7860589819122461e+003  1.5800326635777428e+003  1.2771205133875160e+003  9.6154316760094707e+002  7.2426724739656038e+002  7.2416879866787394e+002  7.2416879792704231e+002  6.0965918026133659e+002  6.0539403543025992e+002  6.0534060095525547e+002  6.0534053009152558e+002  6.0534053009134141e+002  6.0534053009134141e+002
  1.5089490766125555e+003  1.1805993471885222e+003  8.8642894289503147e+002  4.0950290042139159e+002  2.8555488108604550e+002  2.8547198310025533e+002  2.8547198310025487e+002  2.8547198310025487e+002  2.8547198310025487e+002  2.8547198310025487e+002  2.8547198310025487e+002  2.8547198310025487e+002  2.8547198310025487e+002  2.8547198310025487e+002
