  4.2882241047148000e+000  1.0469676324289594e+000  8.9086751779927909e-001  8.6242473025231448e-001  8.3618233335892000e-001  8.3618233335892000e-001  8.1780951711243688e-001  8.1780951711243688e-001  8.1780951711243688e-001  8.1780951711243688e-001  8.1780951711243688e-001  8.1780951711243688e-001  8.1780951711243688e-001  8.1780951711243688e-001
  3.8281663395698615e+000  1.0765544258745194e+000  7.6398860539234192e-001  7.5120572796959095e-001  7.3804303108590830e-001  7.0962984315633548e-001  7.0341575381667099e-001  7.0341575381667099e-001  7.0341575381667099e-001  7.0341575380916765e-001  7.0341575380916765e-001  7.0341575380916765e-001  7.0341575380916765e-001  7.0341575380916765e-001
  4.7603400210864493e+000  2.1053699522176430e+000  9.1794222999783415e-001  8.4461969724770825e-001  7.7275030565601810e-001  7.7275030565601810e-001  7.7275030565601810e-001  7.7275030565601810e-001  7.7275030565601810e-001  7.7275030565601810e-001  7.7275030565601810e-001  7.7275030565601810e-001  7.7275030565601810e-001  7.7275030565601810e-001
  4.8128337279076732e+000  9.4552252508196943e-001  8.6877098110267070e-001  8.4936289893244066e-001  8.2215714369340276e-001  8.0521463363470502e-001  7.9563467113894148e-001  7.9563467113894148e-001  7.9563467113894148e-001  7.9563467113894148e-001  7.9563467113894148e-001  7.9563467113894148e-001  7.9563467113894148e-001  7.9563467113894148e-001
  4.7384701435703391e+000  2.9629222424630370e+000  7.9969854736009438e-001  5.8492427065107222e-001  5.7327416291536792e-001  5.7327416291536792e-001  5.5295427375585859e-001  5.5295427375585859e-001  5.5295427375585859e-001  5.5295427375585859e-001  5.5295427375585859e-001  5.5295427375585859e-001  5.5295427375585859e-001  5.5295427375585859e-001
  5.1387570123342812e+000  2.8881718971063037e+000  7.0879280783651666e-001  6.4268681892144741e-001  5.5059599408241411e-001  5.1175579518940140e-001  5.1175579518940140e-001  5.1175579518940140e-001  5.1175579518940140e-001  5.1175579518940140e-001  5.1175579518940140e-001  5.1175579518940140e-001  5.1175579518940140e-001  5.1175579518940140e-001
  4.9297932335182395e+000  2.7593394513996827e+000  9.3106617441185335e-001  8.4108912000124292e-001  8.1923189362078119e-001  7.9320215311417996e-001  7.9320215311417996e-001  7.9320215311417996e-001  7.9320215311417996e-001  7.9320215311417996e-001  7.9320215311417996e-001  7.9320215311417996e-001  7.9320215311417996e-001  7.9320215311417996e-001
  4.8374338735652600e+000  1.5755170352401819e+000  9.3212429780442108e-001  8.1208930866023366e-001  8.1208930866023366e-001  7.1967278440865812e-001  7.1967278440865812e-001  7.1967278440865812e-001  7.1967278440865812e-001  7.1967278440865812e-001  7.1967278440865812e-001  7.1967278440865812e-001  7.1967278440865812e-001  7.1967278440865812e-001
  4.2230966387448916e+000  1.0265207874722364e+000  7.7077559958956954e-001  6.5361322233957253e-001  6.5275722441742801e-001  6.4578595965781460e-001  6.2525195750504281e-001  6.0203278565222718e-001  6.0203278565222718e-001  6.0203278565222718e-001  6.0203278565222718e-001  6.0203278565222718e-001  6.0203278565222718e-001  6.0203278565222718e-001
  5.2108796156985591e+000  2.9401212198467874e+000  7.7465275651616139e-001  7.6947664441672714e-001  6.8393127991953406e-001  6.2870961138992243e-001  6.2870961138992243e-001  6.2870961138992243e-001  6.2870961138992243e-001  6.2870961138992243e-001  6.2870961138992243e-001  6.2870961138992243e-001  6.2870961138992243e-001  6.2870961138992243e-001
  4.6061919625828978e+000  2.2949712802026170e+000  6.0625057125866988e-001  5.2514487762300632e-001  5.0343862894806080e-001  4.7448447983879305e-001  4.7448447983879305e-001  4.7448447983879305e-001  4.7448447983879305e-001  4.7448447983879305e-001  4.7448447983879305e-001  4.7448447983879305e-001  4.7448447983879305e-001  4.7448447983879305e-001
  4.8114044508663483e+000  2.3780749402328638e+000  6.5773041636634844e-001  6.5773041636634844e-001  6.3639632730314588e-001  5.9540764336475149e-001  5.9540764336475149e-001  5.9540764336475149e-001  5.9540764336475149e-001  5.9540764336475149e-001  5.9540764336475149e-001  5.9540764336475149e-001  5.9540764336475149e-001  5.9540764336475149e-001
  4.7887324373900810e+000  2.8713501711220033e+000  1.1911517092337363e+000  9.9991565632740276e-001  9.8687221159525507e-001  9.4354754499659066e-001  9.0362318457687252e-001  9.0362318457687252e-001  9.0362318457687252e-001  9.0362318457687252e-001  9.0362318457687252e-001  9.0362318457687252e-001  9.0362318457687252e-001  9.0362318457687252e-001
  4.6281524179707958e+000  3.1703387137947630e+000  8.9560467859018900e-001  8.9560467859018900e-001  8.2547168203313959e-001  8.0967385391841162e-001  8.0967385391841162e-001  8.0967385391841162e-001  8.0967385391841162e-001  8.0967385391841162e-001  8.0967385391841162e-001  8.0967385391841162e-001  8.0967385391841162e-001  8.0967385391841162e-001
  4.6983355472141284e+000  1.9173041828887563e+000  5.9669129130520560e-001  5.1625594518168327e-001  5.1625594518168327e-001  4.7431669306206459e-001  4.6005869218265616e-001  4.6005869218265616e-001  4.6005869218265616e-001  4.6005869218265616e-001  4.6005869218265616e-001  4.6005869218265616e-001  4.6005869218265616e-001  4.6005869218265616e-001
  4.4955254139626959e+000  1.1711689594696963e+000  8.2702847957352787e-001  7.9754241585214913e-001  7.8828996494485182e-001  7.4215071423463996e-001  7.1834241510123320e-001  7.1834241510123320e-001  7.1834241510123320e-001  7.1834241510123320e-001  7.1834241510123320e-001  7.1834241510123320e-001  7.1834241510123320e-001  7.1834241510123320e-001
  4.7984124489698843e+000  3.0156145178380029e+000  9.0502876467962778e-001  8.6941075262393497e-001  7.7141184493348192e-001  7.7085236079551578e-001  7.7085236079551578e-001  7.5102740690044811e-001  7.5102740690044811e-001  7.5102740690044811e-001  7.5102740690044811e-001  7.5102740690044811e-001  7.5102740690044811e-001  7.5102740690044811e-001
  4.7490582635382452e+000  2.9083519479161168e+000  6.6878128877033305e-001  5.9583177313470514e-001  5.7088366205084640e-001  5.3551081216664898e-001  5.3551081216664898e-001  4.8866563809656327e-001  4.8866563809656327e-001  4.8866563809656327e-001  4.8866563809656327e-001  4.8866563809656327e-001  4.8866563809656327e-001  4.8866563809656327e-001
  4.9259339297191218e+000  1.5465397859845780e+000  1.0791908698065527e+000  1.0018542967241046e+000  9.5094504170083383e-001  9.3090313705624794e-001  8.9500449946285698e-001  8.9500449946285698e-001  8.9500449946285698e-001  8.9500449946285698e-001  8.9500449946285698e-001  8.9500449946285698e-001  8.9500449946285698e-001  8.9500449946285698e-001
  5.3807932845663800e+000  3.1822565887573546e+000  7.8094174808211392e-001  6.8081628428581098e-001  6.2929999207358378e-001  6.0409001009907115e-001  5.9998517640565296e-001  5.9998517640565296e-001  5.9998517640565296e-001  5.9998517640565296e-001  5.9998517640565296e-001  5.9998517640565296e-001  5.9998517640565296e-001  5.9998517640565296e-001
  3.9577498735407062e+000  8.5189146822654038e-001  8.1661144214217529e-001  7.2972131520532457e-001  6.8914942831111148e-001  6.6412419754556140e-001  6.6412419754556140e-001  6.6412419754556140e-001  6.6412419754556140e-001  6.6412419754556140e-001  6.6412419754556140e-001  6.6412419754556140e-001  6.6412419754556140e-001  6.6412419754556140e-001
  4.6794733759759310e+000  2.7446866504603804e+000  7.3762275896092433e-001  7.3626224269946761e-001  6.7938632080358730e-001  6.4058477271851189e-001  6.3279179077289882e-001  6.3279179077289882e-001  6.3279179077289882e-001  6.3279179077289882e-001  6.3279179077289882e-001  6.3279179077289882e-001  6.3279179077289882e-001  6.3279179077289882e-001
  5.6388660369873378e+000  3.0822553183297714e+000  8.0078257792411023e-001  7.2254585848145325e-001  6.4402465195075820e-001  6.4402465195075820e-001  6.4080837011783842e-001  6.4080837011783842e-001  6.4080837011783842e-001  6.4080837011783842e-001  6.4080837011783842e-001  6.4080837011783842e-001  6.4080837011783842e-001  6.4080837011783842e-001
  5.6373810656448313e+000  3.2152744444476866e+000  1.0585412210225513e+000  9.2984835355355244e-001  7.7861746062831116e-001  7.7128042584263312e-001  7.7128042584263312e-001  7.7128042584263312e-001  7.7128042584263312e-001  7.7128042584263312e-001  7.7128042584263312e-001  7.7128042584263312e-001  7.7128042584263312e-001  7.7128042584263312e-001
  5.0291112346899354e+000  3.2110337835033533e+000  9.0764803891283918e-001  7.4716485507201469e-001  6.4814507032974689e-001  6.4814507032974689e-001  6.4814507032974689e-001  6.4231653173328596e-001  6.4231653173328596e-001  6.4231653173328596e-001  6.4231653173328596e-001  6.4231653173328596e-001  6.4231653173328596e-001  6.4231653173328596e-001
  5.3444002393691790e+000  2.9560813641855930e+000  7.9791998530527053e-001  7.2128655563824395e-001  6.7473958894834141e-001  6.6788241664949055e-001  6.6261365312720955e-001  6.6261365312720955e-001  6.6261365312720955e-001  6.6261365312720955e-001  6.6261365312720955e-001  6.6261365312720955e-001  6.6261365312720955e-001  6.6261365312720955e-001
  6.0030922942571578e+000  3.4453862824232147e+000  8.5970920089948777e-001  5.6338114310142373e-001  5.6338114309232878e-001  5.3258123408681968e-001  5.3075923917845103e-001  5.3075923915002932e-001  5.3075923915002932e-001  5.3075923915002932e-001  5.3075923915002932e-001  5.3075923915002932e-001  5.3075923915002932e-001  5.3075923915002932e-001
  4.7780412523500218e+000  2.6393266704594680e+000  8.5557807752024928e-001  7.3238888156879511e-001  6.9627404076845778e-001  6.8783844432346086e-001  6.8369975644873193e-001  6.6530450454661150e-001  6.6530450454661150e-001  6.6530450454661150e-001  6.6530450454661150e-001  6.6530450454661150e-001  6.6530450454661150e-001  6.6530450454661150e-001
  4.7842688675798399e+000  1.2708194758895388e+000  7.0681133140806196e-001  7.0681133140806196e-001  7.0681133140806196e-001  6.7302945698247640e-001  6.7302945698247640e-001  6.7302945698247640e-001  6.7302945698247640e-001  6.7302945698247640e-001  6.7302945698247640e-001  6.7302945698247640e-001  6.7302945698247640e-001  6.7302945698247640e-001
  4.0590269348078891e+000  1.3097405589992377e+000  7.0470407827929193e-001  5.9553057163134326e-001  5.9553057163134326e-001  5.2743004383955849e-001  5.2743004383955849e-001  5.2743004383955849e-001  5.2743004383955849e-001  5.2743004383955849e-001  5.2743004383955849e-001  5.2743004383955849e-001  5.2743004383955849e-001  5.2743004383955849e-001
  4.3850550876009038e+000  1.7265482313628127e+000  7.8537073323809636e-001  6.1090640404222540e-001  6.1090640404222540e-001  6.1090640404222540e-001  6.1090640404222540e-001  6.1090640404222540e-001  6.1090640404222540e-001  6.1090640404222540e-001  6.1090640404222540e-001  6.1090640404222540e-001  6.1090640404222540e-001  6.1090640404222540e-001
  5.0853449882420136e+000  2.7717813952706365e+000  7.6102995971564269e-001  6.0585148529526123e-001  5.9534541084531156e-001  5.4260569196753750e-001  5.4260569196753750e-001  5.4260569196753750e-001  5.4260569196753750e-001  5.4260569196753750e-001  5.4260569196753750e-001  5.4260569196753750e-001  5.4260569196753750e-001  5.4260569196753750e-001
  5.8399508728537057e+000  3.2956588409870164e+000  8.4246088213490111e-001  7.9162531784095336e-001  7.3089467013755893e-001  7.1730142520277695e-001  6.7234361854207236e-001  6.7234361854207236e-001  6.7234361854207236e-001  6.7234361854207236e-001  6.7234361854207236e-001  6.7234361854207236e-001  6.7234361854207236e-001  6.7234361854207236e-001
  4.7089421529071842e+000  2.4998926144057805e+000  7.2551532562079046e-001  7.0881470363519838e-001  7.0881470363519838e-001  6.8748748462166986e-001  6.7470088082745860e-001  6.7470088082745860e-001  6.7470088082745860e-001  6.7470088082745860e-001  6.7470088082745860e-001  6.7430277721359744e-001  6.7430277721359744e-001  6.7430277721359744e-001
  5.1890162264976425e+000  2.5458362036176823e+000  8.4554988177023915e-001  6.7390381975519631e-001  6.4555067947685529e-001  6.2414037907115016e-001  6.2414037907115016e-001  6.2414037907115016e-001  6.2414037907115016e-001  6.2414037907115016e-001  6.2414037907115016e-001  6.2414037907115016e-001  6.2414037907115016e-001  6.2414037907115016e-001
  4.6535831301152939e+000  1.5177571712729332e+000  8.2783152230422274e-001  7.2677586713507480e-001  7.2677586713507480e-001  7.1000711738270184e-001  7.0483887725117711e-001  7.0483887725117711e-001  7.0158093992540671e-001  7.0158093992540671e-001  7.0158093992540671e-001  7.0158093992540671e-001  7.0158093992540671e-001  7.0158093992540671e-001
  4.2141654177617056e+000  1.5619325079426289e+000  8.8155876612654538e-001  8.4797487762716628e-001  7.6316434691375434e-001  7.6316434691375434e-001  7.4873163154416034e-001  7.4873163154416034e-001  7.4873163154416034e-001  7.4873163154416034e-001  7.4873163154416034e-001  7.4873163154416034e-001  7.4873163154416034e-001  7.4873163154416034e-001
  4.7790863251225346e+000  1.3462889967270257e+000  7.8020080546320969e-001  7.5691388223503964e-001  7.0164823363870710e-001  6.7891790549265352e-001  6.7891790548037534e-001  6.7891790546809716e-001  6.7891790546809716e-001  6.7891790546809716e-001  6.7891790546809716e-001  6.7891790546809716e-001  6.7891790545604636e-001  6.7891790545604636e-001
  4.9095311746898460e+000  2.7165209164381849e+000  8.2594882938155934e-001  7.8674680127164720e-001  7.7005170730490136e-001  7.4318961832318564e-001  7.4318961832318564e-001  7.3708223913308757e-001  7.3708223913308757e-001  7.3708223913308757e-001  7.3708223913308757e-001  7.3708223913308757e-001  7.3708223913308757e-001  7.3708223913308757e-001
  5.5753551771097136e+000  3.1298071918874939e+000  8.1685349097074322e-001  8.1685349097074322e-001  8.0569733696984258e-001  7.4787251384918818e-001  6.9296342421625923e-001  6.9296342421625923e-001  6.9296342421625923e-001  6.9296342421625923e-001  6.9296342421625923e-001  6.9296342421625923e-001  6.9296342421625923e-001  6.9296342421625923e-001
  4.4864320193460117e+000  2.3241807108365720e+000  8.5249433097101246e-001  6.7453759583349893e-001  6.2521747191863142e-001  6.1758928609560826e-001  6.1758928609560826e-001  6.1373400264233169e-001  6.1373400264233169e-001  6.1373400264233169e-001  6.1373400264233169e-001  6.1373400264233169e-001  6.1373400264233169e-001  6.1373400264233169e-001
  4.2948665220774274e+000  2.1193283129309748e+000  7.5795634396263267e-001  7.5551326588129086e-001  6.8593026359803844e-001  6.8593026359803844e-001  6.3479946624624972e-001  6.3479946624624972e-001  6.3479946624624972e-001  6.3479946624624972e-001  6.3479946624624972e-001  6.3479946624624972e-001  6.3479946624624972e-001  6.3479946624624972e-001
  5.3809920299356691e+000  1.8778569087337473e+000  1.2411710314338507e+000  1.0983856495288364e+000  9.7821982743266744e-001  9.1336919104264780e-001  9.1336919104264780e-001  9.0974786466927071e-001  9.0974786466927071e-001  9.0974786466927071e-001  9.0974786466927071e-001  9.0974786466927071e-001  9.0974786466927071e-001  9.0974786466927071e-001
  4.0404975210194607e+000  9.7437642670570312e-001  8.5216096163708244e-001  7.8698511319021236e-001  7.6107740186057526e-001  7.4199217822456376e-001  7.3394761030408517e-001  7.3394761030408517e-001  7.3394761030408517e-001  7.3394761030408517e-001  7.3394761030408517e-001  7.3394761030408517e-001  7.3394761030408517e-001  7.3394761030408517e-001
  4.6958760233890189e+000  2.9262315832638706e+000  7.4138157287507056e-001  6.3494124295948495e-001  5.9776705349008807e-001  5.6617066465855714e-001  5.6129863952969572e-001  5.6129863952969572e-001  5.6129863952969572e-001  5.6129863952969572e-001  5.6129863952969572e-001  5.6129863952969572e-001  5.6129863952969572e-001  5.6129863952969572e-001
  4.7025506490624593e+000  1.3865409612035364e+000  8.7548644630010131e-001  7.7850790796401270e-001  7.5732285831804802e-001  7.5650971280697377e-001  7.4391548859807699e-001  7.4391548859807699e-001  7.4391548859807699e-001  7.4391548859807699e-001  7.4391548859807699e-001  7.4391548859807699e-001  7.4391548859807699e-001  7.4391548859807699e-001
  5.1796090060840925e+000  2.9161805966164138e+000  9.0659288602091692e-001  8.1144074146482126e-001  7.9220882095251000e-001  7.7957088608081904e-001  7.7957088608081904e-001  7.7957088608081904e-001  7.7957088608081904e-001  7.7957088608081904e-001  7.7957088608081904e-001  7.7957088608081904e-001  7.7957088608081904e-001  7.7957088608081904e-001
  4.8994813754623010e+000  2.6897118129759292e+000  7.3578924709795501e-001  6.9445761914062132e-001  6.3991256375084049e-001  5.9816282135966503e-001  5.6595983300621810e-001  5.6595983300621810e-001  5.6595983300621810e-001  5.6595983300621810e-001  5.6595983300621810e-001  5.6595983300621810e-001  5.6595983300621810e-001  5.6595983300621810e-001
  5.0089235319837826e+000  3.2437993085843573e+000  9.4826384145244447e-001  7.5428975611407623e-001  7.5355660566356164e-001  6.9775043074037058e-001  6.7682612580779278e-001  6.7682612580779278e-001  6.7682612580779278e-001  6.7682612580779278e-001  6.7682612580779278e-001  6.7682612580779278e-001  6.7682612580779278e-001  6.7682612580779278e-001
  5.2957658305167570e+000  3.5034663128715238e+000  1.0980226753827083e+000  9.5230825062390068e-001  8.9647395507518013e-001  8.6223382708431018e-001  8.3446849278539048e-001  8.2007382547158159e-001  8.2007382547158159e-001  8.2007382547158159e-001  8.2007382547158159e-001  8.2007382547158159e-001  8.2007382547158159e-001  8.2007382547158159e-001
  4.8587204197522169e+000  2.5400832450368398e+000  8.9851720443334671e-001  7.9928074724125509e-001  6.6114022157012187e-001  6.6114022157012187e-001  6.6114022157012187e-001  6.6114022157012187e-001  6.5601901038371579e-001  6.5601901038371579e-001  6.5601901038371579e-001  6.5601901038371579e-001  6.5601901038371579e-001  6.5601901038371579e-001
