  2.0723441853405689e+001  2.0641841718264118e+001  2.0641841718264118e+001  2.0641841718264118e+001  2.0634433827845555e+001  2.0622260124530158e+001  2.0465104733165276e+001  2.0465104733165276e+001  2.0465104733165276e+001  2.0449828437994483e+001  2.0449828437994483e+001  2.0449828437994483e+001  2.0449828437994483e+001  2.0449828437994483e+001
  2.0840240774721451e+001  2.0699267531193868e+001  2.0653355202068724e+001  2.0585031060081519e+001  2.0502921099918694e+001  2.0502921099918694e+001  2.0502921099918694e+001  2.0421031545190431e+001  2.0421031545190431e+001  2.0421031545190431e+001  2.0421031545190431e+001  2.0421031545190431e+001  2.0421031545190431e+001  2.0421031545190431e+001
  2.0779362129487367e+001  2.0721469799321994e+001  2.0674689344377612e+001  2.0554904115549675e+001  2.0554904115549675e+001  2.0554904115549675e+001  2.0408742331397434e+001  2.0408742331397434e+001  2.0408742331397434e+001  2.0408742331397434e+001  2.0408742331397434e+001  2.0408742331397434e+001  2.0408742331397434e+001  2.0408742331397434e+001
  2.0801092034528779e+001  2.0518056593253505e+001  2.0518056593253505e+001  2.0518056593253505e+001  2.0518056593253505e+001  2.0518056593253505e+001  2.0518056593253505e+001  2.0481475414029433e+001  2.0394873823379498e+001  2.0394873823379498e+001  2.0394873823379498e+001  2.0232394645957811e+001  2.0232394645957811e+001  2.0232394645957811e+001
  2.0747047981641913e+001  2.0694911953211658e+001  2.0694911953211658e+001  2.0679591877653706e+001  2.0511135401413526e+001  2.0473504530126206e+001  2.0473504530126206e+001  2.0464049909029313e+001  2.0464049909029313e+001  2.0464049909029313e+001  2.0464049909029313e+001  2.0464049909029313e+001  2.0464049909029086e+001  2.0464049909029086e+001
  2.0744170821553212e+001  2.0584378736067265e+001  2.0584378736067265e+001  2.0584378736067265e+001  2.0584378736067265e+001  2.0489900854077177e+001  2.0489900854077177e+001  2.0489900854077177e+001  2.0336303390689181e+001  2.0336303390689181e+001  2.0336303390689181e+001  2.0336303390689181e+001  2.0336303390689181e+001  2.0336303390689181e+001
  2.0651232768373802e+001  2.0651232768373802e+001  2.0651232768373802e+001  2.0640101974658592e+001  2.0126498830763921e+001  2.0098443191436672e+001  2.0077004542661143e+001  2.0073251021981946e+001  2.0073021502446522e+001  2.0072443237290599e+001  2.0072291484805987e+001  2.0072289600182103e+001  2.0071800465709430e+001  2.0071800465709430e+001
  2.0653986063768457e+001  2.0653986063768457e+001  2.0653986063768457e+001  2.0653986063768457e+001  2.0638017601355386e+001  2.0358265088795520e+001  2.0358265088795520e+001  2.0358265088795520e+001  2.0358265088795520e+001  2.0358265088795520e+001  2.0358265088795520e+001  2.0174545827846714e+001  2.0174545827846714e+001  2.0174545827846714e+001
  2.0739573304604733e+001  2.0697543544741848e+001  2.0672897020606001e+001  2.0645405844119978e+001  2.0490681496153684e+001  2.0490681496153684e+001  2.0490681496153684e+001  2.0490640129446660e+001  2.0490640129446660e+001  2.0490640129446660e+001  2.0490640129446660e+001  2.0215508632523779e+001  2.0215508632523779e+001  2.0215508632523779e+001
  2.0866485289649177e+001  2.0701634370138891e+001  2.0701634370138891e+001  2.0573015717238263e+001  2.0573015717238263e+001  2.0493266302228221e+001  2.0493266302228221e+001  2.0493266302228221e+001  2.0493266302228221e+001  2.0493266302228221e+001  2.0468882261535100e+001  2.0468882261535100e+001  2.0467005030251016e+001  2.0467005030251016e+001
  2.0855954172341853e+001  2.0796838600762840e+001  2.0796838600762840e+001  2.0442643062325487e+001  2.0442643062325487e+001  2.0442643062325487e+001  2.0442643062325487e+001  2.0344958714959603e+001  2.0238113564171385e+001  2.0238113564171385e+001  2.0238113564171385e+001  2.0238113564171385e+001  2.0238113564171385e+001  2.0238113564171385e+001
  2.0442409352871550e+001  2.0442409352871550e+001  2.0442409352871550e+001  2.0442409352871550e+001  2.0353094047096079e+001  2.0353094047096079e+001  2.0351253042033477e+001  2.0351253042033477e+001  2.0351253042033477e+001  2.0293347886716333e+001  2.0293347886716333e+001  2.0293347886716333e+001  2.0293347886716333e+001  2.0293347886716333e+001
  2.0584861947341324e+001  2.0584861947341324e+001  2.0381344292586732e+001  2.0381344292586732e+001  2.0381344292586732e+001  2.0381344292586732e+001  2.0381344292586732e+001  2.0381344292586732e+001  2.0381344292586732e+001  2.0381344292586732e+001  2.0381344292586732e+001  2.0381344292586732e+001  2.0326843420149089e+001  2.0326843420149089e+001
  2.0815030369070769e+001  2.0736736606785144e+001  2.0736736606785144e+001  2.0736736606785144e+001  2.0637585059552293e+001  2.0507721057443860e+001  2.0364559177796082e+001  2.0210532281072915e+001  2.0210532281072915e+001  2.0210532281072915e+001  2.0210532281072915e+001  2.0210532281072915e+001  2.0210532281072915e+001  2.0210532281072915e+001
  2.0779277826478506e+001  2.0574041625781888e+001  2.0417711732721614e+001  2.0417711732721614e+001  2.0380339421860072e+001  2.0380339421860072e+001  2.0272158644725323e+001  2.0272158644725323e+001  2.0272158644725323e+001  2.0272158644725323e+001  2.0272158644725323e+001  2.0272158644725323e+001  2.0272158644725323e+001  2.0272158644725323e+001
  2.0910760061459087e+001  2.0551562743456543e+001  2.0551562743456543e+001  2.0551562743456543e+001  2.0551562743456543e+001  2.0331267307747112e+001  2.0331267307747112e+001  2.0331267307747112e+001  2.0331267307747112e+001  2.0331267307747112e+001  2.0331267307747112e+001  2.0331267307747112e+001  2.0331267307747112e+001  2.0331267307747112e+001
  2.0790085670270628e+001  2.0790085670270628e+001  2.0659334372437115e+001  2.0652831772838908e+001  2.0326581804331113e+001  2.0326581804331113e+001  2.0326581804331113e+001  2.0317539578592573e+001  2.0317539578592573e+001  2.0317539578592573e+001  2.0317539578592573e+001  2.0317539578592573e+001  2.0317539578592573e+001  2.0317539578592573e+001
  2.0732484209834524e+001  2.0732484209834524e+001  2.0732484209834524e+001  2.0582737524747699e+001  2.0582737524747699e+001  2.0402237490137395e+001  2.0402237490137395e+001  2.0371254377766149e+001  2.0371254377766149e+001  2.0371254377766149e+001  2.0297276864956757e+001  2.0297276864956757e+001  2.0297276864956757e+001  2.0297276864956757e+001
  2.0771183987262702e+001  2.0771183987262702e+001  2.0745212738615805e+001  2.0536361052299753e+001  2.0536361052299753e+001  2.0536361052299753e+001  2.0536361052299753e+001  2.0510977296029864e+001  2.0510977296029864e+001  2.0362011581421029e+001  2.0362011581421029e+001  2.0362011581421029e+001  2.0362011581421029e+001  2.0362011581421029e+001
  2.0795798923268421e+001  2.0761957657936364e+001  2.0237594829152386e+001  2.0237594829152386e+001  2.0237594829152386e+001  2.0237594829152386e+001  2.0237594829152386e+001  2.0237594829152386e+001  2.0237594829152386e+001  2.0237594829152386e+001  2.0237594829152386e+001  2.0237594829152386e+001  2.0237594829152386e+001  2.0237594829152386e+001
  2.0725669057590949e+001  2.0673357219745753e+001  2.0673357219745753e+001  2.0355873715039934e+001  2.0355873702970598e+001  2.0308142775734382e+001  2.0308142775734382e+001  2.0308142775734382e+001  2.0308142775734382e+001  2.0308142775734382e+001  2.0308142775734382e+001  2.0308142775734382e+001  2.0308142775734382e+001  2.0308142775734382e+001
  2.0827308849350970e+001  2.0679371131082121e+001  2.0679371131082121e+001  2.0540126145443764e+001  2.0537833329577893e+001  2.0537833329577893e+001  2.0388125829408636e+001  2.0388125829408636e+001  2.0388125829408636e+001  2.0388125829408636e+001  2.0388125829408636e+001  2.0388125829408636e+001  2.0388125829408636e+001  2.0388125829408636e+001
  2.0893195017480593e+001  2.0693152917660882e+001  2.0693152917660882e+001  2.0556372572792043e+001  2.0556372572792043e+001  2.0466526934178773e+001  2.0466526934178773e+001  2.0466526934178773e+001  2.0466526934178773e+001  2.0466526934178773e+001  2.0466526934178773e+001  2.0466526934178773e+001  2.0466526934178773e+001  2.0466526934178773e+001
  2.0591911636378427e+001  2.0591911636378427e+001  2.0500290190692908e+001  2.0500290190692908e+001  2.0500290190692908e+001  2.0471139437912370e+001  2.0463254850919043e+001  2.0462077219229855e+001  2.0462077219229855e+001  2.0450433038916003e+001  2.0450433038916003e+001  2.0450433038916003e+001  2.0450433038916003e+001  2.0450433038916003e+001
  2.0548449228494860e+001  2.0548449228494860e+001  2.0548449228494860e+001  2.0548449228494860e+001  2.0548449228494860e+001  2.0314262164238585e+001  2.0314262164238585e+001  2.0314262164238585e+001  2.0314262164238585e+001  2.0314262164238585e+001  2.0314262164238585e+001  2.0314262164238585e+001  2.0314262164238585e+001  2.0314262164238585e+001
  2.0772075331692008e+001  2.0758472502189534e+001  2.0758472502189534e+001  2.0696197154163656e+001  2.0641928863022144e+001  2.0641928863022031e+001  2.0554504383033759e+001  2.0464408358007631e+001  2.0464408358007631e+001  2.0464408358007631e+001  2.0464408358007631e+001  2.0445453022534366e+001  2.0445453022534366e+001  2.0445453022534366e+001
  2.0724387005320068e+001  2.0724387005320068e+001  2.0582975288812463e+001  2.0582975288812463e+001  2.0582975288812463e+001  2.0506740066958400e+001  2.0506740066958400e+001  2.0453998336647487e+001  2.0453998336647487e+001  2.0453998336647487e+001  2.0416105988626327e+001  2.0416105988626327e+001  2.0416105988626327e+001  2.0416105988626327e+001
  2.0790655741845740e+001  2.0621508002125211e+001  2.0621508002125211e+001  2.0621508002125211e+001  2.0518269024634492e+001  2.0373816821635501e+001  2.0302987850257978e+001  2.0302987850257978e+001  2.0302987850257978e+001  2.0298619657982726e+001  2.0298619657982726e+001  2.0298619657982726e+001  2.0267197826063239e+001  2.0267197826063239e+001
  2.0759740816271119e+001  2.0759740816271119e+001  2.0759740816271119e+001  2.0698649280793688e+001  2.0670667691578728e+001  2.0585666860058950e+001  2.0444000599850597e+001  2.0380814556270138e+001  2.0380814556270138e+001  2.0380814556270138e+001  2.0380814556270138e+001  2.0380814556270138e+001  2.0380814556270138e+001  2.0380814556270138e+001
  2.0775761232368154e+001  2.0775761232368154e+001  2.0759286967632534e+001  2.0742690776896552e+001  2.0480468298567530e+001  2.0480468298567530e+001  2.0478271284300490e+001  2.0386702120962013e+001  2.0386702120962013e+001  2.0386702120962013e+001  2.0372844790834506e+001  2.0277760588504748e+001  2.0277760588504748e+001  2.0277760588504748e+001
  2.0575858409225930e+001  2.0575858409225930e+001  2.0575858409225930e+001  2.0575858409225930e+001  2.0475146190962846e+001  2.0475146190962846e+001  2.0447389624151015e+001  2.0419075742859263e+001  2.0419075742859263e+001  2.0419075742859263e+001  2.0365754660944390e+001  2.0365754660944390e+001  2.0365754660944390e+001  2.0365754660944390e+001
  2.0863575999225873e+001  2.0609399819682835e+001  2.0609399819682835e+001  2.0609399819682835e+001  2.0552644388595922e+001  2.0492041390064742e+001  2.0492041390064742e+001  2.0492041390064742e+001  2.0492041390064742e+001  2.0492041390064742e+001  2.0492041390064742e+001  2.0487024521298508e+001  2.0398959987991361e+001  2.0398959987991361e+001
  2.0911790671143649e+001  2.0730443547839513e+001  2.0730443547839513e+001  2.0483408625341781e+001  2.0483408625341781e+001  2.0470309631188229e+001  2.0470309631188229e+001  2.0470309631188229e+001  2.0470309631188229e+001  2.0449187724418380e+001  2.0449187724418380e+001  2.0449187724418380e+001  2.0449187724418380e+001  2.0449187724418380e+001
  2.0560118262720380e+001  2.0560118262720380e+001  2.0560118262720380e+001  2.0429423513608185e+001  2.0429423513608185e+001  2.0324091598751920e+001  2.0324091598751920e+001  2.0324091598751920e+001  2.0324091598751920e+001  2.0324091598751920e+001  2.0324091598751920e+001  2.0324091598751920e+001  2.0324091598751920e+001  2.0324091598751920e+001
  2.0808781551158631e+001  2.0633514232525727e+001  2.0633514232525727e+001  2.0544997212480325e+001  2.0544997212480325e+001  2.0544997212480325e+001  2.0537718988272786e+001  2.0537718988272786e+001  2.0537718988272786e+001  2.0448694978889876e+001  2.0448694978889876e+001  2.0448694978889876e+001  2.0448694978889876e+001  2.0448694978889876e+001
  2.0772823535751741e+001  2.0597656822784302e+001  2.0597656822784302e+001  2.0597656822784302e+001  2.0193682022233816e+001  2.0193682022233816e+001  2.0193682022233816e+001  2.0193682022233816e+001  2.0193682022233816e+001  2.0193682022233816e+001  2.0193682022233816e+001  2.0193682022233816e+001  2.0193682022233816e+001  2.0193682022233816e+001
  2.0829276876667564e+001  2.0829276876667564e+001  2.0631210920105673e+001  2.0614385347937628e+001  2.0455853023608256e+001  2.0455853023608256e+001  2.0455853023608256e+001  2.0454908478716220e+001  2.0454908478716220e+001  2.0442319999904612e+001  2.0442319999904612e+001  2.0442319999904612e+001  2.0442319999904612e+001  2.0442319999904612e+001
  2.0804733892709010e+001  2.0804733892709010e+001  2.0670097522655965e+001  2.0432974100104616e+001  2.0432974100104616e+001  2.0426770407485606e+001  2.0426770407485492e+001  2.0426770407485492e+001  2.0307829478064036e+001  2.0307829478064036e+001  2.0307829478064036e+001  2.0307829478064036e+001  2.0307829478064036e+001  2.0307829478064036e+001
  2.0813532370391840e+001  2.0813532370391840e+001  2.0520418660090172e+001  2.0520418660090172e+001  2.0520418660090172e+001  2.0483653283909803e+001  2.0302451592094144e+001  2.0302451592094144e+001  2.0302451592094144e+001  2.0302451592094144e+001  2.0302451592094144e+001  2.0302451592094144e+001  2.0302451592094144e+001  2.0302451592094144e+001
  2.0853436173491559e+001  2.0742017889492786e+001  2.0722651794928765e+001  2.0611061135167233e+001  2.0536457240533196e+001  2.0536457240533196e+001  2.0498420397408267e+001  2.0396780976509149e+001  2.0396780976509149e+001  2.0396780976509149e+001  2.0396780976509149e+001  2.0396780976509149e+001  2.0396780976509149e+001  2.0396780976509149e+001
  2.0358935544324936e+001  2.0358935544324936e+001  2.0358935544324936e+001  2.0358935544324936e+001  2.0358935544324936e+001  2.0358935544324936e+001  2.0358935544324936e+001  2.0358935544324936e+001  2.0358935544324936e+001  2.0358935544324936e+001  2.0358935544324936e+001  2.0358935544324936e+001  2.0358935544324936e+001  2.0358935544324936e+001
  2.0668928371031711e+001  2.0668928371031711e+001  2.0668928371031711e+001  2.0668928371031711e+001  2.0625297209642895e+001  2.0397094496139857e+001  2.0397094496139857e+001  2.0397094496139857e+001  2.0397094496139857e+001  2.0387603869745703e+001  2.0387603869745703e+001  2.0387603869745703e+001  2.0387603869745703e+001  2.0387603869745703e+001
  2.0706904042722726e+001  2.0706904042722726e+001  2.0706904042722726e+001  2.0706904042722726e+001  2.0641736668776616e+001  2.0640368534235222e+001  2.0583829667907253e+001  2.0561575740293279e+001  2.0473010080193603e+001  2.0473010080193603e+001  2.0473010080193603e+001  2.0473010080193603e+001  2.0396112278590181e+001  2.0396112278590181e+001
  2.0822089152250669e+001  2.0434801083229559e+001  2.0434801083229559e+001  2.0247534278952685e+001  2.0247534278952685e+001  2.0247534278952685e+001  2.0247534278952685e+001  2.0247534278952685e+001  2.0247534278952685e+001  2.0247534278952685e+001  2.0247534278952685e+001  2.0247534278952685e+001  2.0247534278952685e+001  2.0247534278952685e+001
  2.0796937517047581e+001  2.0648154780924301e+001  2.0581101247699053e+001  2.0384361950580114e+001  2.0189679489493642e+001  2.0189601435520331e+001  2.0189601433351982e+001  2.0189601433351982e+001  2.0189601433351982e+001  2.0189601433351982e+001  2.0189601433351982e+001  2.0189601433351982e+001  2.0189601433351982e+001  2.0189601433351982e+001
  2.0850682804327221e+001  2.0786040487333594e+001  2.0769104084094465e+001  2.0700538716448136e+001  2.0681330987089268e+001  2.0454261599588108e+001  2.0454261599588108e+001  2.0351847215369276e+001  2.0284246354406037e+001  2.0284246354406037e+001  2.0284246354406037e+001  2.0284246354406037e+001  2.0284246354406037e+001  2.0284246354406037e+001
  2.0674008589889581e+001  2.0674008589889581e+001  2.0674008589889581e+001  2.0658731423857944e+001  2.0602657641056680e+001  2.0579758666832731e+001  2.0385214522282581e+001  2.0385214522282581e+001  2.0385214522282581e+001  2.0385214522282581e+001  2.0341326322949953e+001  2.0341326322949953e+001  2.0341326322949953e+001  2.0341326322949953e+001
  2.0756974978478638e+001  2.0657372507332411e+001  2.0657372507332411e+001  2.0576587189210045e+001  2.0569819636643388e+001  2.0536115313512710e+001  2.0501245797648494e+001  2.0412265369636430e+001  2.0326467560205515e+001  2.0279046788077153e+001  2.0279020115084563e+001  2.0278970517623861e+001  2.0222916822188722e+001  2.0222916822188722e+001
  2.0728284392689488e+001  2.0728284392689488e+001  2.0493999587071812e+001  2.0409581107647455e+001  2.0409581107647455e+001  2.0409581107647455e+001  2.0409581107647455e+001  2.0409581107647455e+001  2.0409581107647455e+001  2.0409581107647455e+001  2.0409581107647455e+001  2.0409581107647455e+001  2.0409581107647455e+001  2.0409581107647455e+001
  2.0569801687608674e+001  2.0553427274342312e+001  2.0553427274342312e+001  2.0553427274342312e+001  2.0553427274342312e+001  2.0553427274342312e+001  2.0442416269714272e+001  2.0442416269714272e+001  2.0442416269714272e+001  2.0442416269714272e+001  2.0442416269714272e+001  2.0442416269714272e+001  2.0295378019395230e+001  2.0295378019395230e+001
  2.0469001405695849e+001  2.0469001405695849e+001  2.0469001405695849e+001  2.0469001405695849e+001  2.0433997443846124e+001  2.0433997443846124e+001  2.0324003194906254e+001  2.0324003194906254e+001  2.0324003194906254e+001  2.0324003194906254e+001  2.0324003194906254e+001  2.0324003194906254e+001  2.0324003194906254e+001  2.0324003194906254e+001
