  1.0062384068946312e+002  1.0044030112759492e+002  1.0043358099293619e+002  1.0039878826022505e+002  1.0035585675093307e+002  1.0035585675093307e+002  1.0035585675093307e+002  1.0035585675093307e+002  1.0035585675093307e+002  1.0035585675093307e+002  1.0035585675093307e+002  1.0035585675093307e+002  1.0035585675093307e+002  1.0035585675093307e+002
  1.0086550912913117e+002  1.0083671941622924e+002  1.0072787232882320e+002  1.0064251057326555e+002  1.0064251057326555e+002  1.0064251057326555e+002  1.0064251057326555e+002  1.0064251057326555e+002  1.0064251057326555e+002  1.0064251057326555e+002  1.0064251057326555e+002  1.0064251057326555e+002  1.0064251057326555e+002  1.0064251057326555e+002
  1.0050447536084812e+002  1.0034921196035566e+002  1.0029035861722787e+002  1.0024703636057529e+002  1.0015827754179782e+002  1.0015499398296879e+002  1.0015499398296788e+002  1.0015499398296788e+002  1.0015499398296788e+002  1.0015499398296788e+002  1.0015499398296788e+002  1.0015499398296788e+002  1.0015499398296788e+002  1.0015499398296788e+002
  1.0052264688403466e+002  1.0031127342609670e+002  1.0026466428697631e+002  1.0022729263350266e+002  1.0021556056402233e+002  1.0021556056402233e+002  1.0021556056402233e+002  1.0021556056402233e+002  1.0021556056402233e+002  1.0021556056402233e+002  1.0021556056402233e+002  1.0021556056402233e+002  1.0021556056402233e+002  1.0021556056402233e+002
  1.0088837052418648e+002  1.0060002048507158e+002  1.0040549883076619e+002  1.0038660581037766e+002  1.0037468311658768e+002  1.0034821888740453e+002  1.0034821888740453e+002  1.0034821888740453e+002  1.0034821888740453e+002  1.0034821888740453e+002  1.0034821888740453e+002  1.0034821888740453e+002  1.0034821888740453e+002  1.0034821888740453e+002
  1.0088385583176205e+002  1.0052300754108182e+002  1.0043737514861095e+002  1.0036583989881137e+002  1.0031539554750861e+002  1.0031539554750861e+002  1.0031539554750861e+002  1.0031539554750861e+002  1.0031539554750861e+002  1.0031539554750861e+002  1.0031539554750861e+002  1.0031539554750861e+002  1.0031539554750861e+002  1.0031539554750861e+002
  1.0104161300377336e+002  1.0073115436278931e+002  1.0060430896401886e+002  1.0060430896401886e+002  1.0053020096913497e+002  1.0052733772925694e+002  1.0052733772925694e+002  1.0052733772925694e+002  1.0052733772925694e+002  1.0052733772925694e+002  1.0052733772925694e+002  1.0052733772925694e+002  1.0052733772925694e+002  1.0052733772925694e+002
  1.0049546559856435e+002  1.0037826610165848e+002  1.0036715334526207e+002  1.0026266079760671e+002  1.0022527009163059e+002  1.0021727380455150e+002  1.0021727380455150e+002  1.0021727380455150e+002  1.0021727380455150e+002  1.0021727380455150e+002  1.0021727380455150e+002  1.0021727380455150e+002  1.0021727380455150e+002  1.0021727380455150e+002
  1.0038669469863589e+002  1.0035931706757947e+002  1.0035931706757947e+002  1.0028454208877520e+002  1.0025385169640504e+002  1.0024446947170190e+002  1.0024446947170190e+002  1.0024446947170190e+002  1.0024446947170190e+002  1.0024446947170190e+002  1.0024446947170190e+002  1.0024446947170190e+002  1.0024446947170190e+002  1.0024446947170190e+002
  1.0084209381872870e+002  1.0053000923526770e+002  1.0049942202944248e+002  1.0045612950714803e+002  1.0041565161264589e+002  1.0041565161264589e+002  1.0041565161264589e+002  1.0041565161264589e+002  1.0041565161264589e+002  1.0041565161264589e+002  1.0041565161264589e+002  1.0041565161264589e+002  1.0041565161264589e+002  1.0041565161264589e+002
  1.0065634146191906e+002  1.0043262713234844e+002  1.0035353629341080e+002  1.0031878305186729e+002  1.0023290530695067e+002  1.0023290530695067e+002  1.0023290530695067e+002  1.0023290530695067e+002  1.0023290530695067e+002  1.0023290530695067e+002  1.0023290530695067e+002  1.0023290530695067e+002  1.0023290530695067e+002  1.0023290530695067e+002
  1.0115946158251199e+002  1.0083773307342381e+002  1.0077330533718077e+002  1.0077330533718077e+002  1.0077330533718077e+002  1.0077330533718077e+002  1.0077330533718077e+002  1.0077330533718077e+002  1.0077330533718077e+002  1.0077330533718077e+002  1.0077330533718077e+002  1.0077330533718077e+002  1.0077330533718077e+002  1.0077330533718077e+002
  1.0055322029990930e+002  1.0054596058712423e+002  1.0043064173722223e+002  1.0037996087166539e+002  1.0033768177289539e+002  1.0032961257427269e+002  1.0032961257427269e+002  1.0032961257427269e+002  1.0032961257427269e+002  1.0032961257427269e+002  1.0032961257427269e+002  1.0032961257427269e+002  1.0032961257427269e+002  1.0032961257427269e+002
  1.0107689961734195e+002  1.0066027747421731e+002  1.0044634911177445e+002  1.0038140709430354e+002  1.0030442645165613e+002  1.0030442645165613e+002  1.0030442645165613e+002  1.0030442645165613e+002  1.0030442645165613e+002  1.0030442645165613e+002  1.0030442645165613e+002  1.0030442645165613e+002  1.0030442645165613e+002  1.0030442645165613e+002
  1.0051601064124361e+002  1.0043544644655367e+002  1.0041134244017212e+002  1.0034427161280337e+002  1.0031887597052946e+002  1.0031887597052946e+002  1.0031887597052946e+002  1.0031887597052946e+002  1.0031887597052946e+002  1.0031887597052946e+002  1.0031887597052946e+002  1.0031887597052946e+002  1.0031887597052946e+002  1.0031887597052946e+002
  1.0082036564477175e+002  1.0055349221140114e+002  1.0055349221140114e+002  1.0042287360201999e+002  1.0039943787113270e+002  1.0035773785511719e+002  1.0035773785511719e+002  1.0035773785511719e+002  1.0035773785511719e+002  1.0035773785511719e+002  1.0035773785511719e+002  1.0035773785511719e+002  1.0035773785511719e+002  1.0035773785511719e+002
  1.0078879160765882e+002  1.0038938538715229e+002  1.0036884859030761e+002  1.0031331509398251e+002  1.0028225224146672e+002  1.0027211158421278e+002  1.0027211158421278e+002  1.0027211158421278e+002  1.0027211158421278e+002  1.0027211158421278e+002  1.0027211158421278e+002  1.0027211158421278e+002  1.0027211158421278e+002  1.0027211158421278e+002
  1.0091084546743832e+002  1.0091084546743832e+002  1.0077606510036185e+002  1.0071635301083643e+002  1.0065761748791783e+002  1.0065761748791783e+002  1.0065761748791783e+002  1.0065761748791783e+002  1.0065761748791783e+002  1.0065761748791783e+002  1.0065761748791783e+002  1.0065761748791783e+002  1.0065761748791783e+002  1.0065761748791783e+002
  1.0066874179447950e+002  1.0048893407746118e+002  1.0025662650435061e+002  1.0025662650435061e+002  1.0021769934992471e+002  1.0021769934992471e+002  1.0021769934992471e+002  1.0021769934992471e+002  1.0021769934992471e+002  1.0021769934992471e+002  1.0021769934992471e+002  1.0021769934992471e+002  1.0021769934992471e+002  1.0021769934992471e+002
  1.0082870914063187e+002  1.0072740953213361e+002  1.0064450792616753e+002  1.0062451882450023e+002  1.0048179050289673e+002  1.0048179050289673e+002  1.0048179050289673e+002  1.0048179050289673e+002  1.0048179050289673e+002  1.0048179050289673e+002  1.0048179050289673e+002  1.0048179050289673e+002  1.0048179050289673e+002  1.0048179050289673e+002
  1.0043268039834993e+002  1.0015864046342949e+002  1.0015864046342949e+002  1.0015864046342949e+002  1.0013004965720347e+002  1.0012273483830722e+002  1.0012273483830722e+002  1.0012273483830722e+002  1.0012273483830722e+002  1.0012273483830722e+002  1.0012273483830722e+002  1.0012273483830722e+002  1.0012273483830722e+002  1.0012273483830722e+002
  1.0061354579361068e+002  1.0060626166268639e+002  1.0054011441792954e+002  1.0046183687535131e+002  1.0046183687535131e+002  1.0046183687535131e+002  1.0046183687535131e+002  1.0046183687535131e+002  1.0046183687535131e+002  1.0046183687535131e+002  1.0046183687535131e+002  1.0046183687535131e+002  1.0046183687535131e+002  1.0046183687535131e+002
  1.0061706072101560e+002  1.0045567362320844e+002  1.0028701979284278e+002  1.0028701979284278e+002  1.0028701979284278e+002  1.0028701979284278e+002  1.0028701979284278e+002  1.0028701979284278e+002  1.0028701979284278e+002  1.0028701979284278e+002  1.0028701979284278e+002  1.0028701979284278e+002  1.0028701979284278e+002  1.0028701979284278e+002
  1.0043682208350810e+002  1.0031936461552368e+002  1.0031936461552368e+002  1.0031936461552368e+002  1.0026828942717430e+002  1.0026828942717430e+002  1.0026828942717430e+002  1.0026828942717430e+002  1.0026828942717430e+002  1.0026828942717430e+002  1.0026828942717430e+002  1.0026828942717430e+002  1.0026828942717430e+002  1.0026828942717430e+002
  1.0085498184802418e+002  1.0078543801858905e+002  1.0070776107167649e+002  1.0065799102727942e+002  1.0059937399259479e+002  1.0059916132477747e+002  1.0059916132477747e+002  1.0059916132477747e+002  1.0059916132477747e+002  1.0059916132477747e+002  1.0059916132477747e+002  1.0059916132477747e+002  1.0059916132477747e+002  1.0059916132477747e+002
  1.0069804103438719e+002  1.0053160745162404e+002  1.0047218535660340e+002  1.0034140651758025e+002  1.0029440851601112e+002  1.0028023498988205e+002  1.0027909450122752e+002  1.0027909450122752e+002  1.0027909450122752e+002  1.0027909450122752e+002  1.0027909450122752e+002  1.0027909450122752e+002  1.0027909450122752e+002  1.0027909450122752e+002
  1.0047063924999202e+002  1.0031696653114477e+002  1.0029567547516945e+002  1.0024119861114468e+002  1.0019375255648538e+002  1.0018748718718098e+002  1.0018748718718098e+002  1.0018748718718098e+002  1.0018748718718098e+002  1.0018748718718098e+002  1.0018748718718098e+002  1.0018748718718098e+002  1.0018748718718098e+002  1.0018748718718098e+002
  1.0065423107316383e+002  1.0047314826436877e+002  1.0047314826436877e+002  1.0034625329435630e+002  1.0034625329435630e+002  1.0034625329435630e+002  1.0034625329435630e+002  1.0034625329435630e+002  1.0034625329435630e+002  1.0034625329435630e+002  1.0034625329435630e+002  1.0034625329435630e+002  1.0034625329435630e+002  1.0034625329435630e+002
  1.0095216039419756e+002  1.0069529952326366e+002  1.0069529952326366e+002  1.0068949557785254e+002  1.0059587050050186e+002  1.0058153832769358e+002  1.0058153832769358e+002  1.0058153832769358e+002  1.0058153832769358e+002  1.0058153832769358e+002  1.0058153832769358e+002  1.0058153832769358e+002  1.0058153832769358e+002  1.0058153832769358e+002
  1.0056535909033528e+002  1.0023918242767286e+002  1.0017643997222694e+002  1.0012668834902024e+002  1.0010421796126957e+002  1.0008493607577702e+002  1.0008493607577702e+002  1.0008493607577702e+002  1.0008493607577702e+002  1.0008493607577702e+002  1.0008493607577702e+002  1.0008493607577702e+002  1.0008493607577702e+002  1.0008493607577702e+002
  1.0086220905670825e+002  1.0082405582078627e+002  1.0062843506255376e+002  1.0036566451235967e+002  1.0024005044003115e+002  1.0024005044003115e+002  1.0024005044003115e+002  1.0024005044003115e+002  1.0024005044003115e+002  1.0024005044003115e+002  1.0024005044003115e+002  1.0024005044003115e+002  1.0024005044003115e+002  1.0024005044003115e+002
  1.0047964994707809e+002  1.0028705351593362e+002  1.0028580799652218e+002  1.0019138575860688e+002  1.0019138575860688e+002  1.0019138575860688e+002  1.0019138575860688e+002  1.0019138575860688e+002  1.0019138575860688e+002  1.0019138575860688e+002  1.0019138575860688e+002  1.0019138575860688e+002  1.0019138575860688e+002  1.0019138575860688e+002
  1.0031950085169274e+002  1.0021382361168980e+002  1.0020695170679755e+002  1.0019119904655872e+002  1.0018337480711943e+002  1.0017890815764031e+002  1.0017890815764031e+002  1.0017890815764031e+002  1.0017890815764031e+002  1.0017890815764031e+002  1.0017890815764031e+002  1.0017890815764031e+002  1.0017890815764031e+002  1.0017890815764031e+002
  1.0088410151295193e+002  1.0088410151295193e+002  1.0078608639249205e+002  1.0077223180039982e+002  1.0054046220208011e+002  1.0054046220208011e+002  1.0054046220208011e+002  1.0054046220208011e+002  1.0054046220208011e+002  1.0054046220208011e+002  1.0054046220208011e+002  1.0054046220208011e+002  1.0054046220208011e+002  1.0054046220208011e+002
  1.0094149981417286e+002  1.0047992042040687e+002  1.0039898125589525e+002  1.0034716967268696e+002  1.0034716967268696e+002  1.0034716967268696e+002  1.0034716967268696e+002  1.0034716967268696e+002  1.0034716967268696e+002  1.0034716967268696e+002  1.0034716967268696e+002  1.0034716967268696e+002  1.0034716967268696e+002  1.0034716967268696e+002
  1.0076606117952588e+002  1.0065416361853158e+002  1.0061407322707828e+002  1.0047824976126003e+002  1.0041956895131898e+002  1.0041956895131898e+002  1.0041956895131898e+002  1.0041956895131898e+002  1.0041956895131898e+002  1.0041956895131898e+002  1.0041956895131898e+002  1.0041956895131898e+002  1.0041956895131898e+002  1.0041956895131898e+002
  1.0053488374392373e+002  1.0041261429985616e+002  1.0041261429985616e+002  1.0040352373598262e+002  1.0027042042781204e+002  1.0027042042781204e+002  1.0027042042781204e+002  1.0027042042781204e+002  1.0027042042781204e+002  1.0027042042781204e+002  1.0027042042781204e+002  1.0027042042781204e+002  1.0027042042781204e+002  1.0027042042781204e+002
  1.0090552137190934e+002  1.0049048478057057e+002  1.0036465691358399e+002  1.0035602921225700e+002  1.0035602921225700e+002  1.0035602921225700e+002  1.0035602921225700e+002  1.0035602921225700e+002  1.0035602921225700e+002  1.0035602921225700e+002  1.0035602921225700e+002  1.0035602921225700e+002  1.0035602921225700e+002  1.0035602921225700e+002
  1.0048779706808455e+002  1.0040668465760382e+002  1.0035353364038201e+002  1.0029221095630464e+002  1.0025045469420229e+002  1.0025045469420229e+002  1.0025045469420229e+002  1.0025045469420229e+002  1.0025045469420229e+002  1.0025045469420229e+002  1.0025045469420229e+002  1.0025045469420229e+002  1.0025045469420229e+002  1.0025045469420229e+002
  1.0073986508670077e+002  1.0045232969899916e+002  1.0045232969899916e+002  1.0045232969899916e+002  1.0045232969899916e+002  1.0045232969899916e+002  1.0045232969899916e+002  1.0045232969899916e+002  1.0045232969899916e+002  1.0045232969899916e+002  1.0045232969899916e+002  1.0045232969899916e+002  1.0045232969899916e+002  1.0045232969899916e+002
  1.0089834908829198e+002  1.0049434323595369e+002  1.0049434323595369e+002  1.0047596896985124e+002  1.0045296056506231e+002  1.0043964233223460e+002  1.0043421307920789e+002  1.0043421307920789e+002  1.0043421307920789e+002  1.0043421307920789e+002  1.0043421307920789e+002  1.0043421307920789e+002  1.0043421307920789e+002  1.0043421307920789e+002
  1.0066261430960958e+002  1.0045601950537730e+002  1.0031346212375274e+002  1.0026322272955485e+002  1.0022777530513531e+002  1.0022488765936077e+002  1.0022488765936077e+002  1.0022488765936077e+002  1.0022488765936077e+002  1.0022488765936077e+002  1.0022488765936077e+002  1.0022488765936077e+002  1.0022488765936077e+002  1.0022488765936077e+002
  1.0089359710069402e+002  1.0052763709808505e+002  1.0052474637327396e+002  1.0047150109280210e+002  1.0042920505444363e+002  1.0042783429237261e+002  1.0042783429237261e+002  1.0042783429237261e+002  1.0042783429237261e+002  1.0042783429237261e+002  1.0042783429237261e+002  1.0042783429237261e+002  1.0042783429237261e+002  1.0042783429237261e+002
  1.0051832253463863e+002  1.0046486112294815e+002  1.0041221544137352e+002  1.0035131150298093e+002  1.0031336605611978e+002  1.0030574043269962e+002  1.0030574043269962e+002  1.0030574043269962e+002  1.0030574043269962e+002  1.0030574043269962e+002  1.0030574043269962e+002  1.0030574043269962e+002  1.0030574043269962e+002  1.0030574043269962e+002
  1.0134666604648282e+002  1.0125336807897747e+002  1.0088044909922519e+002  1.0059544440185209e+002  1.0055810152421691e+002  1.0054827994598554e+002  1.0054827994598554e+002  1.0054827994598554e+002  1.0054827994598554e+002  1.0054827994598554e+002  1.0054827994598554e+002  1.0054827994598554e+002  1.0054827994598554e+002  1.0054827994598554e+002
  1.0043659219094388e+002  1.0043659219094388e+002  1.0035653583557405e+002  1.0030820068492903e+002  1.0025444716379479e+002  1.0025444716379479e+002  1.0025444716379479e+002  1.0025444716379479e+002  1.0025444716379479e+002  1.0025444716379479e+002  1.0025444716379479e+002  1.0025444716379479e+002  1.0025444716379479e+002  1.0025444716379479e+002
  1.0065128189913548e+002  1.0042487716038249e+002  1.0042487716038249e+002  1.0039025930336902e+002  1.0039025930336902e+002  1.0037775614898283e+002  1.0037775614898283e+002  1.0037775614898283e+002  1.0037775614898283e+002  1.0037775614898283e+002  1.0037775614898283e+002  1.0037775614898283e+002  1.0037775614898283e+002  1.0037775614898283e+002
  1.0061835552068806e+002  1.0061835552068806e+002  1.0059085600772642e+002  1.0049338096778183e+002  1.0045000597696981e+002  1.0044347148815177e+002  1.0044347148815177e+002  1.0044347148815177e+002  1.0044347148815177e+002  1.0044347148815177e+002  1.0044347148815177e+002  1.0044347148815177e+002  1.0044347148815177e+002  1.0044347148815177e+002
  1.0081849773800468e+002  1.0049338669635245e+002  1.0049338669635245e+002  1.0037883883936956e+002  1.0035482249644383e+002  1.0019235133029952e+002  1.0018635837907459e+002  1.0018635837907459e+002  1.0018635837907459e+002  1.0018635837907459e+002  1.0018635837907459e+002  1.0018635837907459e+002  1.0018635837907459e+002  1.0018635837907459e+002
  1.0067376617115679e+002  1.0050518718175908e+002  1.0037429736542617e+002  1.0034951611596580e+002  1.0030959006818239e+002  1.0030540404679414e+002  1.0030540404679414e+002  1.0030540404679414e+002  1.0030540404679414e+002  1.0030540404679414e+002  1.0030540404679414e+002  1.0030540404679414e+002  1.0030540404679414e+002  1.0030540404679414e+002
  1.0045546320053700e+002  1.0035310045073902e+002  1.0035310045073902e+002  1.0030791654923269e+002  1.0029198255741176e+002  1.0029198255741176e+002  1.0029198255741176e+002  1.0029198255741176e+002  1.0029198255741176e+002  1.0029198255741176e+002  1.0029198255741176e+002  1.0029198255741176e+002  1.0029198255741176e+002  1.0029198255741176e+002
