  5.1039094043306977e+002  4.0251645562341673e+002  3.7480628094473286e+002  3.5945241792750176e+002  3.4808125580193428e+002  3.4428684463275204e+002  3.4400678570336595e+002  3.4400478448945341e+002  3.4400451244723308e+002  3.4400450147461606e+002  3.4400450092536494e+002  3.4400450092064921e+002  3.4400450092057145e+002  3.4400450092057145e+002
  6.8193593181010283e+002  4.4211635631753916e+002  3.8883250621999196e+002  3.5646798407400547e+002  3.4426060186967288e+002  3.4400710599164267e+002  3.4400458186747301e+002  3.4400450407402286e+002  3.4400450093050267e+002  3.4400450091880202e+002  3.4400450091876337e+002  3.4400450091876337e+002  3.4400450091876337e+002  3.4400450091876337e+002
  7.3011220687063269e+002  4.3647581838006272e+002  4.0326895478068900e+002  3.5882618218217613e+002  3.4529454839583741e+002  3.4404299076227971e+002  3.4400461317515101e+002  3.4400450272233820e+002  3.4400450097343673e+002  3.4400450091951734e+002  3.4400450091876792e+002  3.4400450091876428e+002  3.4400450091876428e+002  3.4400450091876428e+002
  6.2154290828932835e+002  4.2102538231172866e+002  3.7469660626599716e+002  3.5178818241769568e+002  3.4533209279770017e+002  3.4403388063317425e+002  3.4400488206990531e+002  3.4400450137318330e+002  3.4400450092692881e+002  3.4400450091889115e+002  3.4400450091883158e+002  3.4400450091882249e+002  3.4400450091882249e+002  3.4400450091882249e+002
  5.8770229544950507e+002  4.2793003202593491e+002  3.7752652421730500e+002  3.5761753781046491e+002  3.4693627209437091e+002  3.4401129951752637e+002  3.4400452000321275e+002  3.4400450199924398e+002  3.4400450095331416e+002  3.4400450091929906e+002  3.4400450091876974e+002  3.4400450091876610e+002  3.4400450091876610e+002  3.4400450091876610e+002
  5.9489333173594878e+002  4.3015391968727317e+002  3.9369316771213016e+002  3.6216819396295296e+002  3.4881968376464920e+002  3.4410604865673258e+002  3.4400896147281992e+002  3.4400451034842308e+002  3.4400450095615361e+002  3.4400450091895163e+002  3.4400450091876701e+002  3.4400450091876519e+002  3.4400450091876246e+002  3.4400450091876246e+002
  5.9418749415170169e+002  4.2168336609016205e+002  3.7994924346905191e+002  3.5800874848042986e+002  3.4601459556061900e+002  3.4455194173786094e+002  3.4453598029401019e+002  3.4400513743269039e+002  3.4400450385126715e+002  3.4400450113914485e+002  3.4400450092106394e+002  3.4400450091877428e+002  3.4400450091876428e+002  3.4400450091876428e+002
  7.0132953609574088e+002  4.3620144924746091e+002  3.8923420390689080e+002  3.5661001171629869e+002  3.4649500028228522e+002  3.4408726709779967e+002  3.4400472342756348e+002  3.4400450670896316e+002  3.4400450103358480e+002  3.4400450095496853e+002  3.4400450091881703e+002  3.4400450091876928e+002  3.4400450091876792e+002  3.4400450091876792e+002
  6.6172400996772330e+002  5.0092076954328923e+002  4.2043304524686846e+002  3.6554335891009487e+002  3.4769827648018372e+002  3.4408530396662718e+002  3.4401100739770845e+002  3.4400661999258182e+002  3.4400450734652532e+002  3.4400450111669397e+002  3.4400450092288293e+002  3.4400450091888933e+002  3.4400450091876291e+002  3.4400450091876291e+002
  6.0544420230932519e+002  4.1762362614180211e+002  3.7957669588600265e+002  3.5922259171045516e+002  3.4488191772294113e+002  3.4402182468052706e+002  3.4401970469620392e+002  3.4400461577984925e+002  3.4400450122398934e+002  3.4400450092187111e+002  3.4400450091877701e+002  3.4400450091876792e+002  3.4400450091876246e+002  3.4400450091876246e+002
  5.7774737743153810e+002  4.3165782619119909e+002  3.9416831393474104e+002  3.7094220392546276e+002  3.5040522523445452e+002  3.4483466827245093e+002  3.4408592310222593e+002  3.4400537399099630e+002  3.4400458569679313e+002  3.4400454384683235e+002  3.4400450776899515e+002  3.4400450392354151e+002  3.4400450092354640e+002  3.4400450092354640e+002
  6.1319161970038795e+002  4.2954789725715636e+002  3.9774911252183574e+002  3.6837819535524477e+002  3.4956077455307559e+002  3.4418192724691016e+002  3.4405450666407160e+002  3.4404999438371851e+002  3.4404919305926524e+002  3.4400453734245775e+002  3.4400450149478866e+002  3.4400450093537847e+002  3.4400450091962102e+002  3.4400450091962102e+002
  6.0281638114520911e+002  4.2673693899241243e+002  3.8473473270095155e+002  3.5845196496674225e+002  3.4757383906470432e+002  3.4445513806450936e+002  3.4400540083985106e+002  3.4400450747682407e+002  3.4400450094721828e+002  3.4400450091897892e+002  3.4400450091876792e+002  3.4400450091876792e+002  3.4400450091876792e+002  3.4400450091876792e+002
  6.7528484334946643e+002  4.4303915315222912e+002  3.9057643964563431e+002  3.5831085345154861e+002  3.4665515838765714e+002  3.4422971772056781e+002  3.4400875056089399e+002  3.4400597836211864e+002  3.4400450758946454e+002  3.4400450100314265e+002  3.4400450091937728e+002  3.4400450091876610e+002  3.4400450091876428e+002  3.4400450091876428e+002
  7.4954922591161449e+002  4.6142931534435957e+002  3.9360294463293803e+002  3.5905764475191290e+002  3.4564277684102080e+002  3.4401719875304207e+002  3.4400555016548287e+002  3.4400450771393162e+002  3.4400450108776749e+002  3.4400450092152187e+002  3.4400450091911171e+002  3.4400450091910125e+002  3.4400450091876610e+002  3.4400450091876610e+002
  6.5777903585179911e+002  4.4425632082323636e+002  3.9798075642768299e+002  3.6391966656770455e+002  3.4649716280608482e+002  3.4417680350064120e+002  3.4400550584201119e+002  3.4400451371172858e+002  3.4400450109985650e+002  3.4400450091948142e+002  3.4400450091878065e+002  3.4400450091877883e+002  3.4400450091877883e+002  3.4400450091877883e+002
  7.6335062777577332e+002  5.2335391146504116e+002  4.3890319268102394e+002  3.6358432477630231e+002  3.4602591684086565e+002  3.4418297939778950e+002  3.4403400153391021e+002  3.4400454872754472e+002  3.4400450146108051e+002  3.4400450096190616e+002  3.4400450091900939e+002  3.4400450091877337e+002  3.4400450091877156e+002  3.4400450091877156e+002
  6.4079181018020608e+002  4.3575111023129421e+002  3.7901082123329661e+002  3.5732540802726544e+002  3.4686507097510002e+002  3.4590234825658990e+002  3.4402581039525194e+002  3.4400625948847210e+002  3.4400450477024378e+002  3.4400450092279016e+002  3.4400450091913353e+002  3.4400450091876519e+002  3.4400450091876246e+002  3.4400450091876246e+002
  6.6312152977578990e+002  4.5412798139316510e+002  4.0230853289855258e+002  3.6071857087981380e+002  3.4642542003127892e+002  3.4403986091357274e+002  3.4400456039858909e+002  3.4400450230360002e+002  3.4400450096610712e+002  3.4400450091905350e+002  3.4400450091877292e+002  3.4400450091876246e+002  3.4400450091876246e+002  3.4400450091876246e+002
  6.3096759652830497e+002  4.2989965228941082e+002  3.8247831729298105e+002  3.5625054126627401e+002  3.4886500452625614e+002  3.4422654545322666e+002  3.4400714402811536e+002  3.4400452486514678e+002  3.4400450097372141e+002  3.4400450092102710e+002  3.4400450091877246e+002  3.4400450091876246e+002  3.4400450091876246e+002  3.4400450091876246e+002
  6.6159520672959752e+002  4.5496285619711216e+002  4.0728478907386852e+002  3.5476292987011766e+002  3.4749085250706776e+002  3.4491513558904126e+002  3.4401769215536297e+002  3.4400526666333553e+002  3.4400451181943436e+002  3.4400450138851238e+002  3.4400450092253323e+002  3.4400450091884886e+002  3.4400450091876519e+002  3.4400450091876519e+002
  6.7637134172751303e+002  4.7932250617015961e+002  4.0994762561868674e+002  3.6861411089921694e+002  3.4771612001181438e+002  3.4482633509983452e+002  3.4414338750974230e+002  3.4403904331286913e+002  3.4403522947514557e+002  3.4403517106429717e+002  3.4403460164136868e+002  3.4400454565743576e+002  3.4400450104234051e+002  3.4400450104234051e+002
  5.5159601635847184e+002  3.9076172614707411e+002  3.6588547018799954e+002  3.5394973257441052e+002  3.4885689020332711e+002  3.4412233507964447e+002  3.4400882971075634e+002  3.4400455705257309e+002  3.4400450151250834e+002  3.4400450106256903e+002  3.4400450091923676e+002  3.4400450091878520e+002  3.4400450091878520e+002  3.4400450091878520e+002
  6.9407028287718640e+002  4.6605004289283079e+002  4.1120832809220656e+002  3.5905100616827940e+002  3.4681794325280043e+002  3.4588158204852425e+002  3.4584574511103483e+002  3.4581590088128405e+002  3.4400730153100221e+002  3.4400464475051558e+002  3.4400450138310816e+002  3.4400450092200845e+002  3.4400450092004894e+002  3.4400450092004894e+002
  8.0931714804798958e+002  4.6078991125184984e+002  3.9367876427365536e+002  3.6173255087224652e+002  3.4837938747578892e+002  3.4407718353827340e+002  3.4400873979198923e+002  3.4400450336861786e+002  3.4400450094491589e+002  3.4400450092008623e+002  3.4400450091877383e+002  3.4400450091876792e+002  3.4400450091876746e+002  3.4400450091876746e+002
  7.2037021274658855e+002  4.7097300312607240e+002  4.1636634759509752e+002  3.6852437581363756e+002  3.5488648513146563e+002  3.5389832872252146e+002  3.5352745053987474e+002  3.5351832969110274e+002  3.4587376167986440e+002  3.4405394008261919e+002  3.4404993735383641e+002  3.4400498570713262e+002  3.4400451387674502e+002  3.4400451387674502e+002
  7.1357309069598614e+002  4.5354068222016076e+002  4.0903360370106702e+002  3.6335926231044186e+002  3.4716310167244274e+002  3.4425534703955509e+002  3.4401902671132348e+002  3.4400461585093854e+002  3.4400450459593867e+002  3.4400450193427150e+002  3.4400450093297604e+002  3.4400450091889525e+002  3.4400450091876246e+002  3.4400450091876246e+002
  6.4727419077825198e+002  4.4113011080083106e+002  3.9165214041647323e+002  3.5854624095325971e+002  3.4513065744983169e+002  3.4400957699861010e+002  3.4400456517863176e+002  3.4400450199805528e+002  3.4400450094944881e+002  3.4400450094679218e+002  3.4400450091880703e+002  3.4400450091877156e+002  3.4400450091877156e+002  3.4400450091877156e+002
  5.8679695013526225e+002  4.4502286832142590e+002  3.9975494466058035e+002  3.6306565941339431e+002  3.4545999583710682e+002  3.4402385071642902e+002  3.4401043638545889e+002  3.4400457468214836e+002  3.4400450221291339e+002  3.4400450093245854e+002  3.4400450091892253e+002  3.4400450091877701e+002  3.4400450091877701e+002  3.4400450091877701e+002
  6.5808290336689561e+002  4.2319474735412223e+002  3.9759048739987247e+002  3.7413175337692883e+002  3.5542733248646891e+002  3.4431505911840441e+002  3.4400738859092871e+002  3.4400464264807306e+002  3.4400450251660823e+002  3.4400450095282622e+002  3.4400450091887478e+002  3.4400450091876701e+002  3.4400450091876610e+002  3.4400450091876610e+002
  7.8446988950632522e+002  5.1704894755449413e+002  4.4542384510116881e+002  3.7449293013753413e+002  3.5029538543309491e+002  3.4730268534993229e+002  3.4402066909774749e+002  3.4400460364688934e+002  3.4400450126642045e+002  3.4400450092124584e+002  3.4400450091882931e+002  3.4400450091877065e+002  3.4400450091876246e+002  3.4400450091876246e+002
  6.5417849210035956e+002  4.6207588226100825e+002  3.9653680971987478e+002  3.5667219033561651e+002  3.4547858648257943e+002  3.4405830510535770e+002  3.4403236802991660e+002  3.4401173538022022e+002  3.4400468212278474e+002  3.4400450233119091e+002  3.4400450093614700e+002  3.4400450091878020e+002  3.4400450091876246e+002  3.4400450091876246e+002
  5.7266489529217142e+002  4.3433359262670865e+002  3.7954206290405364e+002  3.5590076254327778e+002  3.4487162057640580e+002  3.4410998007318358e+002  3.4409602792797932e+002  3.4400463365013957e+002  3.4400454868342695e+002  3.4400450115515650e+002  3.4400450092170831e+002  3.4400450091877156e+002  3.4400450091876792e+002  3.4400450091876792e+002
  7.5878975728599335e+002  4.8003676115306416e+002  4.1368615667113181e+002  3.8338341784115437e+002  3.4857219678788351e+002  3.4531199311579303e+002  3.4402052162240489e+002  3.4400462465812552e+002  3.4400452179480362e+002  3.4400450095945826e+002  3.4400450091954008e+002  3.4400450091877883e+002  3.4400450091877610e+002  3.4400450091877610e+002
  8.4484744033055722e+002  5.0084977241403294e+002  3.9678005624378511e+002  3.6303058332549790e+002  3.4860872808066597e+002  3.4406914566274554e+002  3.4401305427238049e+002  3.4400469893156469e+002  3.4400450290568688e+002  3.4400450097987550e+002  3.4400450092301207e+002  3.4400450091876837e+002  3.4400450091876519e+002  3.4400450091876519e+002
  8.0653887151197614e+002  5.2585220814102513e+002  4.4573444436531145e+002  3.7184760271851565e+002  3.4611780034786079e+002  3.4405469860915218e+002  3.4401267797810488e+002  3.4400459590114724e+002  3.4400450227400506e+002  3.4400450094841699e+002  3.4400450091919629e+002  3.4400450091880521e+002  3.4400450091879156e+002  3.4400450091879156e+002
  8.9405625344285590e+002  5.2137446250194080e+002  4.0555267408961981e+002  3.6662753179090078e+002  3.4596014870790805e+002  3.4406647754737560e+002  3.4405020837085567e+002  3.4400527349739878e+002  3.4400451618526722e+002  3.4400450105412710e+002  3.4400450092335905e+002  3.4400450091877701e+002  3.4400450091876155e+002  3.4400450091876155e+002
  6.4996333696113106e+002  4.3850547367772469e+002  3.8827565797982288e+002  3.5969782887831025e+002  3.4610592995980960e+002  3.4421672112875649e+002  3.4400539570158480e+002  3.4400458280390649e+002  3.4400450140051817e+002  3.4400450093752670e+002  3.4400450092308938e+002  3.4400450091880066e+002  3.4400450091878520e+002  3.4400450091878520e+002
  6.8183656264903584e+002  4.0491876075978962e+002  3.7083468456230821e+002  3.5011611631521328e+002  3.4437006007010723e+002  3.4405202401231782e+002  3.4405012014886915e+002  3.4400553592684719e+002  3.4400452556818482e+002  3.4400450125533644e+002  3.4400450092327037e+002  3.4400450091879657e+002  3.4400450091876291e+002  3.4400450091876291e+002
  6.0967123565894371e+002  4.0673192789653513e+002  3.6976099733413230e+002  3.5617549808314561e+002  3.4476548429519289e+002  3.4400831805531016e+002  3.4400454669791088e+002  3.4400450599315582e+002  3.4400450099912086e+002  3.4400450092052051e+002  3.4400450091877701e+002  3.4400450091876155e+002  3.4400450091876155e+002  3.4400450091876155e+002
  7.0707365158649827e+002  5.1034950849658981e+002  4.4510711187637253e+002  3.7816140176531962e+002  3.5040570587092361e+002  3.4568846005697606e+002  3.4401353565622367e+002  3.4400461596193145e+002  3.4400450884678639e+002  3.4400450138304814e+002  3.4400450094747475e+002  3.4400450092393794e+002  3.4400450091877337e+002  3.4400450091877337e+002
  6.2384601026831569e+002  4.1124849492298654e+002  3.6961559178452717e+002  3.5211335380142145e+002  3.4443038931520232e+002  3.4403259714720389e+002  3.4402026626541146e+002  3.4400457616128642e+002  3.4400450249664027e+002  3.4400450092541359e+002  3.4400450091899074e+002  3.4400450091895937e+002  3.4400450091895937e+002  3.4400450091895937e+002
  6.8570999622390536e+002  4.5013138229460810e+002  3.8576598569874159e+002  3.5359694682431427e+002  3.4583748004226300e+002  3.4403573350544639e+002  3.4400644632802687e+002  3.4400459591252320e+002  3.4400450195246731e+002  3.4400450111020928e+002  3.4400450091941593e+002  3.4400450091878338e+002  3.4400450091878338e+002  3.4400450091878338e+002
  6.3196702339251078e+002  4.3572502978799730e+002  3.8422620271469941e+002  3.5668155630443607e+002  3.4542570857543706e+002  3.4401581994710841e+002  3.4400455420760136e+002  3.4400450191145683e+002  3.4400450092869460e+002  3.4400450091884750e+002  3.4400450091879975e+002  3.4400450091879975e+002  3.4400450091879975e+002  3.4400450091879975e+002
  7.7810561869263256e+002  5.2161682569079312e+002  4.3689172708047499e+002  3.6407777872021916e+002  3.4518977967912497e+002  3.4402103739180120e+002  3.4400503636703979e+002  3.4400451794915125e+002  3.4400450810889424e+002  3.4400450102382592e+002  3.4400450092051233e+002  3.4400450091940047e+002  3.4400450091876610e+002  3.4400450091876610e+002
  7.0315240482054651e+002  5.0314577656706979e+002  4.2090485771960493e+002  3.6765225382795052e+002  3.4907290061904087e+002  3.4419483613346574e+002  3.4400996673201189e+002  3.4400452910310378e+002  3.4400450195850635e+002  3.4400450092195115e+002  3.4400450091880657e+002  3.4400450091877246e+002  3.4400450091877156e+002  3.4400450091877156e+002
  6.8896330731843500e+002  4.7713433730143106e+002  4.0832565638970300e+002  3.6517796891159560e+002  3.4465086046620308e+002  3.4401479759144604e+002  3.4400511022300270e+002  3.4400450646637455e+002  3.4400450094141115e+002  3.4400450091898028e+002  3.4400450091877701e+002  3.4400450091876337e+002  3.4400450091876337e+002  3.4400450091876337e+002
  6.7145388928387820e+002  4.9528051895941371e+002  3.8899370118934348e+002  3.5694659395691133e+002  3.4673540883186433e+002  3.4419484135459288e+002  3.4412153085443424e+002  3.4409621583832268e+002  3.4409605225085670e+002  3.4400644081101200e+002  3.4400450869259339e+002  3.4400450251004986e+002  3.4400450187030492e+002  3.4400450187030492e+002
  6.6921804329412953e+002  4.5978721832573774e+002  3.8902433581563946e+002  3.7045915267576447e+002  3.4906515322495170e+002  3.4484111241721894e+002  3.4402527506605065e+002  3.4400530185905563e+002  3.4400452160131499e+002  3.4400450163269170e+002  3.4400450103126832e+002  3.4400450091934817e+002  3.4400450091878611e+002  3.4400450091878611e+002
  6.5387182747603811e+002  4.5737904195691044e+002  3.9181032486639970e+002  3.5997686292239450e+002  3.4632337390688599e+002  3.4409408328468999e+002  3.4401197008833515e+002  3.4400454513793738e+002  3.4400450178030587e+002  3.4400450094200505e+002  3.4400450091893708e+002  3.4400450091878247e+002  3.4400450091876246e+002  3.4400450091876246e+002
  7.9279292609019012e+002  5.0794551069343197e+002  4.3121910515568652e+002  3.7817348124003593e+002  3.5383354745241331e+002  3.5063241364785699e+002  3.4400782355715455e+002  3.4400455164111327e+002  3.4400450105391747e+002  3.4400450091901530e+002  3.4400450091877519e+002  3.4400450091876974e+002  3.4400450091876974e+002  3.4400450091876974e+002
