  1.5199959326068389e+006  3.6669477241948211e+004  2.7700803222739494e+004  5.4840796697586666e+003  1.5664532073807150e+003  1.3817718359048695e+003  1.3807064447249004e+003  1.1934807338072078e+003  1.0531732985855879e+003  1.0530804931321882e+003  8.7243562854726497e+002  8.7228235930682831e+002  8.7224275503401986e+002  8.7224275503401986e+002
  3.8787848872202322e+007  6.5345558745739795e+006  8.4410331207130093e+005  5.3090749827229025e+004  4.7088794942184804e+003  1.7414878248128571e+003  1.1819535909014612e+003  1.1434674362036926e+003  9.1834274413045932e+002  9.1601726281388210e+002  9.1556226505543964e+002  7.4737518118234993e+002  7.4663248525863992e+002  7.4663248525863992e+002
  1.0611980994595869e+006  3.6165876363431707e+004  2.5553835994616402e+004  1.1575793034178236e+004  1.8748684474311640e+003  1.7192929347141935e+003  1.5918122454942422e+003  1.5868844362918326e+003  1.0983684681866534e+003  1.0960375115542802e+003  8.6112894406219129e+002  8.6048382463449752e+002  8.6032694184968477e+002  8.6032694184968477e+002
  2.7256482664301139e+006  2.9279470079063685e+004  1.8584476584753917e+004  9.5602637982407614e+003  1.3606391830765424e+003  1.1720792068753772e+003  1.1692769785731061e+003  9.9535392576722279e+002  9.9350891322427697e+002  8.9483607186886456e+002  8.9360891146146423e+002  8.9321657550973123e+002  8.9289030007238307e+002  8.9289030007238307e+002
  3.0066523878012065e+007  1.8605738538742315e+007  7.8186980867859153e+006  9.6054121928080439e+005  1.1983107355619028e+004  1.6310732223898631e+003  1.2570348834530032e+003  1.1569704789062102e+003  1.1543270552211629e+003  1.0070235899043278e+003  1.0043116848686568e+003  9.9149647074587392e+002  8.8768016980742823e+002  8.8768016980742823e+002
  4.2706897610897440e+006  3.8316395596920192e+004  2.0797615281376980e+004  4.4126262675164044e+003  1.9894256387602409e+003  1.5858341859385000e+003  1.5849803930799162e+003  1.3356564126541798e+003  1.2056629856714844e+003  1.2008344467067436e+003  1.0657463571174953e+003  9.2459168632941419e+002  9.2445330140028273e+002  9.2445330140028273e+002
  1.6563338558258377e+006  1.2674665005115527e+004  4.2725538655523487e+003  1.7171549318225880e+003  1.2766308518145170e+003  9.2693906421730208e+002  8.6292844474781805e+002  8.6222463258138396e+002  7.8776683277860866e+002  7.8753583552894770e+002  7.8732404199434495e+002  7.8731336446004480e+002  7.8724967147925781e+002  7.8724967147925781e+002
  9.2768711353683588e+005  3.1768129279302462e+004  1.9953294265757311e+004  2.9415454780815271e+003  1.4917023808789363e+003  1.4752895178043345e+003  1.1232328101203375e+003  1.1158342635385670e+003  8.8344626957954688e+002  8.5741197890761714e+002  8.5732059321765200e+002  8.2393354209370864e+002  8.2350154454495078e+002  8.2350154454495078e+002
  3.1097215948786871e+006  2.3749080110225819e+004  8.0806157751186292e+003  3.3726028435984026e+003  1.2972158007477765e+003  1.0993073839212084e+003  9.4707721284213221e+002  9.2642716941110757e+002  9.2636284691480159e+002  6.5729096536639418e+002  6.5667593436565767e+002  6.4624910277457730e+002  5.9452905559749388e+002  5.9452905559749388e+002
  1.2166064524362390e+006  1.7728622824784521e+004  7.5631025553065483e+003  5.3908033573472112e+003  1.7503110210408468e+003  8.1016540921981550e+002  7.7916992846566700e+002  7.7817101733906566e+002  7.7764717619263820e+002  7.7740192795081975e+002  7.4704509257693417e+002  7.4646197789494681e+002  7.4622201629935398e+002  7.4622201629935398e+002
  4.8128332291396399e+005  7.0731677430892651e+003  5.1728154007900284e+003  2.7207338626518303e+003  1.5380589611708947e+003  1.1492255245256165e+003  1.1486250085907377e+003  1.1482259282903051e+003  1.1395248206145188e+003  9.8802681021062926e+002  9.8406347626357592e+002  9.8265132036949399e+002  9.8150194962568366e+002  9.8150194962568366e+002
  3.7935013771988833e+006  5.4629335051451904e+004  2.5663618212464531e+004  9.9178412847733962e+003  1.0797308295130774e+003  7.8841856340247341e+002  7.8658387881855651e+002  7.8655666824056425e+002  7.8635138496482296e+002  7.8626360054701399e+002  7.8598271789220325e+002  7.6508427885822084e+002  7.3368404519448222e+002  7.3368404519448222e+002
  2.0599755107039663e+006  3.8113446044697725e+004  1.2783792381255735e+004  6.6460453140660284e+003  1.4785693384728893e+003  1.2792027727501809e+003  1.1329659587784713e+003  1.1277348435110052e+003  1.1185664865285989e+003  7.8598483006271908e+002  7.7375518356786142e+002  7.7362420892819364e+002  5.0009222730249166e+002  5.0009222730249166e+002
  1.0694903068458580e+006  5.7413197379591780e+004  3.0776684313969803e+004  5.7556920941708795e+003  2.3104971983561336e+003  1.4204421207545893e+003  1.4163068607941250e+003  1.4160349714455697e+003  1.2263104144586441e+003  1.2259515974294100e+003  1.1954266311801402e+003  1.1879042469588667e+003  1.1847494694253555e+003  1.1847494694253555e+003
  2.4623969147734153e+006  1.6060953171375972e+004  5.9015085883549145e+003  1.7287844051851980e+003  1.4155305958107219e+003  9.6166421033008692e+002  9.5229598440458085e+002  8.9777443641869013e+002  7.5959957936218188e+002  7.5954748427188315e+002  7.5953971666678308e+002  7.5953959630486588e+002  7.5953059761317400e+002  7.5953059761317400e+002
  3.2367540002763155e+006  4.4249383862032162e+004  1.3290556395313657e+004  3.5622697861735269e+003  2.0038854396000006e+003  1.8035216183510574e+003  1.7937567762186063e+003  1.0715313346719363e+003  1.0682405174974165e+003  1.0678874818244394e+003  8.3416524540609134e+002  8.3369202902945108e+002  8.3098519864884111e+002  8.3098519864884111e+002
  2.8230045655423012e+006  4.5999914227322413e+004  1.6450324842780286e+004  7.2840534139428000e+003  2.2470233655518077e+003  2.0156363312039102e+003  1.2506545402030497e+003  9.7605581876476026e+002  9.7415573076691908e+002  8.8504328298896007e+002  8.8144242795583841e+002  8.8126344994327792e+002  7.9115085241270799e+002  7.9115085241270799e+002
  1.2697869000270348e+006  4.3829567095043254e+004  1.9378959954700716e+004  2.0755192774581019e+003  1.3683750783764299e+003  8.6424935044468384e+002  8.5623750117010877e+002  8.5521951606749872e+002  8.5516650608834698e+002  8.5516162830023950e+002  8.5515464405898365e+002  7.5075857443072709e+002  7.4952861143038081e+002  7.4952861143038081e+002
  5.8871316723143088e+005  1.6503595967793353e+004  7.2973220778291470e+003  3.4734892726819535e+003  2.2021153683861330e+003  1.2042030580609480e+003  1.1165374271923206e+003  1.1159412296550818e+003  9.0967913358680653e+002  9.0538527330396209e+002  7.8798934836875742e+002  7.8558752993625421e+002  7.8510310436735290e+002  7.8510310436735290e+002
  5.8143065851779305e+005  3.7776900417207289e+004  2.3328087356482993e+004  8.2302079650830983e+003  1.7789027991428520e+003  1.4188051899325073e+003  1.3527178412313988e+003  1.3504447472311631e+003  8.3228467532790091e+002  8.2835965398737153e+002  8.2827600003858470e+002  8.2786839884649908e+002  8.2785448749690522e+002  8.2785448749690522e+002
  8.1523402289949695e+005  3.2921051168292754e+004  2.6504260594683608e+004  3.4916664021486122e+003  2.1583916230120021e+003  1.4983570516939963e+003  1.4953683749235079e+003  7.7377750507488054e+002  7.7348600552924108e+002  7.7301079908451993e+002  7.7299420231026170e+002  7.3164868267995371e+002  7.3161966624869365e+002  7.3161966624869365e+002
  1.4905159344834063e+005  1.6790071635541237e+004  1.1051776395004586e+004  4.9641660296300433e+003  2.9156547361942867e+003  1.8519574340620820e+003  1.8075781066640729e+003  1.0483805593077495e+003  1.0022929267980985e+003  1.0021194905299676e+003  9.1953782759229944e+002  8.7056734957802382e+002  7.9274035855317925e+002  7.9274035855317925e+002
  1.6235598448224334e+007  6.6504087246792493e+004  2.6076726552657616e+004  6.3407827142096576e+003  2.6751098599689467e+003  2.3596001257835323e+003  2.3106449043154898e+003  1.3428341332498658e+003  1.3356261536917518e+003  1.3355283359217592e+003  1.0814752503604418e+003  1.0740793938078532e+003  8.3513655124037723e+002  8.3513655124037723e+002
  3.1334292634309409e+006  3.7405461287580765e+004  1.0180556434370321e+004  2.0873284674102833e+003  1.5272056962836195e+003  1.2652069574075231e+003  9.6657826574201499e+002  9.6633554364384190e+002  5.4228986796657819e+002  5.4047865851222377e+002  5.4030628966724953e+002  5.3442860281713774e+002  5.2365973004505031e+002  5.2365973004505031e+002
  2.1085062025085995e+006  1.8766747121727396e+004  1.1275005456266930e+004  8.5844984273578993e+003  1.9939793390266032e+003  1.8245622986285880e+003  1.8229795833721819e+003  1.0696256415735234e+003  1.0539091648095055e+003  1.0284486800173063e+003  8.5878574183652745e+002  8.5847350673271831e+002  8.5721412954494326e+002  8.5721412954494326e+002
  4.1495504239791958e+005  1.7962245204366496e+004  6.4189609629976676e+003  3.1752654667927964e+003  1.9081908468584188e+003  1.0013583858526335e+003  9.7660039879411443e+002  9.7622968348519044e+002  8.4283696312071334e+002  8.4250633007478018e+002  8.4215898473611014e+002  7.3871504187248229e+002  7.3713259428617175e+002  7.3713259428617175e+002
  5.4633177653655093e+006  1.2319297077412666e+004  4.6536312622498863e+003  1.9579233820934624e+003  1.6103373088510189e+003  1.6085500902001440e+003  9.3174052958163838e+002  8.0832562506878003e+002  8.0821352373920763e+002  8.0806450564105262e+002  8.0802030403848221e+002  7.9739789426843072e+002  7.9575211771342674e+002  7.9575211771342674e+002
  3.0078226110834097e+006  4.1040259465405674e+004  1.6807406786134681e+004  3.9346265113429381e+003  1.5628013861620093e+003  1.2425759223019259e+003  1.1482945254257297e+003  1.1461643644731721e+003  8.8287199311285076e+002  8.8233257935001711e+002  8.8207970820814808e+002  8.8206800962750322e+002  8.8198778668619343e+002  8.8198778668619343e+002
  3.5866282704588085e+007  1.6075232233066289e+007  9.8794353936676867e+006  9.1859387878634445e+006  9.1521085446743313e+006  9.1521055545419157e+006  9.1521055545417480e+006  9.1521055545417480e+006  9.1521055545417480e+006  9.1521055545417480e+006  9.1521055545417480e+006  9.1521055545417480e+006  9.1521055545417480e+006  9.1521055545417480e+006
  9.4993366098055732e+005  2.9513341722192781e+004  1.7366320397763611e+004  2.6452591607689328e+003  1.3816527026083058e+003  1.2764988688777348e+003  9.9649247464182463e+002  9.9396674917451764e+002  9.9364769471171576e+002  8.7717746926318841e+002  8.7640385994779672e+002  8.7631824463601242e+002  8.4539271228928510e+002  8.4539271228928510e+002
  3.7212655469129393e+006  5.3949820085947998e+004  1.9990024295439751e+004  1.7626953055974536e+003  9.1878320379781599e+002  7.3421661343024516e+002  7.3262275138637324e+002  7.3261683804968879e+002  7.3252127970138827e+002  7.3251587987830226e+002  7.3251505839769470e+002  7.3251096594875435e+002  7.3250987220794514e+002  7.3250987220794514e+002
  3.1453483007029002e+006  6.1021310407019584e+004  1.0703748922048177e+004  4.0406830046808827e+003  1.2233689412699650e+003  1.2152160386435289e+003  8.7849781280030584e+002  6.9263405482656253e+002  5.6750585967073403e+002  5.6746899448456270e+002  5.4062305536348640e+002  5.4014042138357354e+002  5.3552351575353032e+002  5.3552351575353032e+002
  1.1128517975135017e+006  3.9607556805174085e+004  6.3139278430007889e+003  1.4663083075394470e+003  1.1728760712380031e+003  1.1692332348835039e+003  1.0346418371881646e+003  1.0252802351141863e+003  1.0249707751603673e+003  1.0223852224081397e+003  1.0218681853565267e+003  1.0217448615335734e+003  8.4346132749940534e+002  8.4346132749940534e+002
  2.9363968752112542e+006  4.3109890306577952e+004  1.0275909850141859e+004  2.7368764200346768e+003  1.4646132175519506e+003  1.3171475950582699e+003  1.2501911497502315e+003  1.2054370493070865e+003  1.1506923928030928e+003  7.6447959293761778e+002  7.6136092614096015e+002  7.6085277411516108e+002  7.6082761487618745e+002  7.6082761487618745e+002
  3.0427233165322486e+007  1.3052289464254260e+007  1.1083595811036047e+007  1.0790582496686768e+007  1.0780649499008030e+007  1.0780648203757299e+007  1.0780648203757210e+007  1.0780648203757210e+007  1.0780648203757210e+007  1.0780648203757210e+007  1.0780648203757210e+007  1.0780648203757210e+007  1.0780648203757210e+007  1.0780648203757210e+007
  9.3129555104806472e+005  4.7494415117838958e+004  3.4052794467184518e+004  4.2477121453098234e+003  1.6512411739316758e+003  1.4672058738047690e+003  1.4656673349129369e+003  1.1221111899490506e+003  1.1210395379311194e+003  7.8840866052260708e+002  7.8732815721421593e+002  7.8728227446687288e+002  7.8714574058993094e+002  7.8714574058993094e+002
  1.4354291905556456e+006  1.4300575703854112e+004  6.0892901597429736e+003  2.3599833593943076e+003  1.3078922473485791e+003  1.2153468113816079e+003  1.2137509241389571e+003  8.9635789002440379e+002  8.9213385441017408e+002  7.8770649053530542e+002  7.8584005208471535e+002  7.5525546262205535e+002  7.5499497902587609e+002  7.5499497902587609e+002
  1.1737686218584504e+006  2.9460062528809634e+004  2.0676863932273998e+004  1.7002528551148134e+004  1.7569787124862460e+003  1.3681733682132553e+003  1.3648071533616167e+003  1.3484385107041480e+003  1.3472582044381907e+003  1.1192391008896384e+003  1.1087505841261509e+003  1.1083681088570411e+003  1.0099585223810145e+003  1.0099585223810145e+003
  7.3990704655319161e+005  3.1501806384112984e+004  1.0711491398346945e+004  1.4737530393642346e+003  9.4349806846311321e+002  7.8364501744370455e+002  7.7513643160946503e+002  7.7498682119510340e+002  7.7496781853063339e+002  7.6166113369372533e+002  7.5804981976313229e+002  7.5802630233198670e+002  7.5791916707537439e+002  7.5791916707537439e+002
  7.9340972261412954e+005  2.6851217660289931e+004  8.7923628113016857e+003  1.3545711125423713e+003  1.0868897368186708e+003  9.9635805619481471e+002  7.9151358293835619e+002  7.7891240179475881e+002  7.7866588176877258e+002  7.7864990168083932e+002  7.7303616700531529e+002  7.7289000121832578e+002  7.7288810318916876e+002  7.7288810318916876e+002
  4.5807632910982788e+007  1.3447037605984602e+007  9.4524108737163302e+006  8.9461200111411065e+006  8.9230305732294414e+006  8.9230234688250870e+006  8.9230234688249212e+006  8.9230234688249212e+006  8.9230234688249212e+006  8.9230234688249212e+006  8.9230234688249212e+006  8.9230234688249212e+006  8.9230234688249212e+006  8.9230234688249212e+006
  4.0320163251682012e+006  2.7941698776629702e+004  4.4546218218442009e+003  1.6180357297347064e+003  1.4709766375888985e+003  9.1195714569961501e+002  8.9980272972465764e+002  8.9974798387411556e+002  7.7128363875526975e+002  7.7126901622231298e+002  7.7126885174678955e+002  7.7126692382819965e+002  7.7126491271511895e+002  7.7126491271511895e+002
  2.8538293592677070e+006  4.0327518759860017e+004  9.5524039550761663e+003  6.9154185261454240e+003  1.3494308648914266e+003  1.1603884537515505e+003  1.1602546087184464e+003  8.9815994054157363e+002  8.2670730703247136e+002  8.2664337372102182e+002  8.2639779006865911e+002  8.2638842971113945e+002  8.2638840032758071e+002  8.2638840032758071e+002
  2.0470109618668058e+006  4.9836029794191971e+004  2.3809019285071005e+004  4.4533229616730241e+003  2.1405740291751390e+003  1.9702617636656078e+003  1.9544461048719604e+003  1.2958268197318375e+003  1.1726872004010538e+003  1.1709241832510397e+003  9.5176237370731315e+002  8.5087532112681720e+002  8.5027349170292200e+002  8.5027349170292200e+002
  3.1958615440606002e+007  1.4962628748981445e+005  1.7266126933148626e+004  2.3840408822008503e+003  1.4824497448197617e+003  1.0028935931730775e+003  9.8078113194271191e+002  9.8029078326169429e+002  9.7998783774183539e+002  9.7577667665517583e+002  9.6989010374073086e+002  7.3778683545378408e+002  7.3764843411544280e+002  7.3764843411544280e+002
  4.2999277394817863e+006  4.1988795858654121e+004  3.3144947544787801e+003  1.1526774768832838e+003  8.9906892810487079e+002  8.0601174271381205e+002  8.0247963275143593e+002  8.0239301664323784e+002  8.0232148637435421e+002  7.7943826972095212e+002  7.7905321543239552e+002  7.7904791939935967e+002  7.7090167154157098e+002  7.7090167154157098e+002
  2.2689122167233960e+006  4.9317387837235299e+004  2.9368411041113512e+004  1.0491643002636081e+004  2.2023023553418734e+003  1.2683537870296832e+003  1.2067878146534158e+003  1.1370551804610918e+003  7.9989163975699557e+002  7.9974555263473849e+002  7.5529336910983602e+002  7.5525657478269477e+002  7.5525393785614415e+002  7.5525393785614415e+002
  3.1903520165880598e+007  1.4533898631469253e+007  9.2983042137235627e+006  3.8811898734697240e+005  5.4664961637071083e+003  1.5153191108603487e+003  1.5117615154001205e+003  1.1851753407491392e+003  1.0385740435350999e+003  1.0385009799286663e+003  8.4558891736768601e+002  7.6410637582087838e+002  7.6404953361001026e+002  7.6404953361001026e+002
  2.3268760164141906e+006  3.4407579819925544e+004  3.1532752033529232e+003  2.3031785939065239e+003  1.8048199639654949e+003  1.7870602478363999e+003  1.2380069563901579e+003  1.1981268372279574e+003  1.1922729687818874e+003  1.1766687170231644e+003  1.1766401879275681e+003  1.0686842450576492e+003  9.6842341727754729e+002  9.6842341727754729e+002
  2.6350975851300437e+007  1.1450603244318420e+007  9.8669134467687029e+006  9.6172483072124086e+006  9.6032594236856624e+006  9.6032565974005330e+006  9.6032565973998215e+006  9.6032565973998215e+006  9.6032565973998215e+006  9.6032565973998215e+006  9.6032565973998215e+006  9.6032565973998215e+006  9.6032565973998215e+006  9.6032565973998215e+006
  4.3807647517118827e+006  2.0645803140871481e+004  1.0793044336521336e+004  2.0778464109288707e+003  1.1369932058238319e+003  1.1241351479509826e+003  8.5731398150381210e+002  8.1833200261592810e+002  8.1789706643024374e+002  8.1780543275654964e+002  7.5912782991417225e+002  7.5425779559161219e+002  7.5411644165763710e+002  7.5411644165763710e+002
