  6.0737993995007059e+002  2.1211275561606976e+002  1.0692068329905817e+002  3.8198700976596228e+001  3.0275495337168650e+000  1.1012246678502606e+000  2.7348273305790372e-001  4.4610269981944839e-002  5.8777491090040712e-003  1.7629914722192552e-003  1.9831142708426341e-005  1.9790593341895146e-007  0.0000000000000000e+000  0.0000000000000000e+000
  5.8256489078510731e+002  2.1383779660453411e+002  7.2209214625077266e+001  1.7728114145155587e+001  6.4395398000302748e+000  1.0604793335239719e+000  1.4331322130112767e-001  1.1711457193007391e-001  1.1484672337439861e-001  1.1342300726221310e-001  1.1341541517435871e-001  1.1341385490209177e-001  1.1341376338532427e-001  1.1341376338532427e-001
  4.9777340092440500e+002  1.5940932204852038e+002  6.4097678712207994e+001  1.3960700164766422e+001  1.7539351268768542e+000  4.0226785613435823e-001  4.6609092813810094e-002  3.7560392013574528e-002  3.6835525760466226e-002  3.6823745914375650e-002  3.6823387977506172e-002  3.6823330096922291e-002  3.6823329433445906e-002  3.6823329433445906e-002
  5.0146289155658928e+002  1.6600708712309427e+002  7.8309716444694004e+001  2.5051996594164166e+001  2.2627818895755354e+000  5.9647759781591958e-001  9.7378213473461983e-002  9.7813318141106720e-003  4.8606000245854375e-004  6.1594887711180490e-005  3.8244425809352833e-005  4.5023780330666341e-006  2.3548079752799822e-007  2.3548079752799822e-007
  5.5617653234159638e+002  3.0876246714004083e+002  2.0117842090511090e+002  9.7976567344705700e+001  2.3448798794380195e+001  1.2458098067676247e+000  1.3783904159015492e-001  1.0944822163878598e-002  8.0568445755488938e-003  7.9691108593351601e-003  1.2330478674584811e-003  4.6481540948661859e-004  8.6165179027375416e-006  8.6165179027375416e-006
  5.1932741611043184e+002  1.4402498715419483e+002  5.7174291278784267e+001  1.7692125653533367e+001  1.5927922258713352e+000  9.7559643704641985e-001  7.2626370241687255e-001  6.3064583910386318e-001  5.3008454141263428e-003  1.8190054458955274e-004  7.2754628945403965e-005  2.0167657339698053e-005  5.5668533605057746e-007  5.5668533605057746e-007
  6.6375307101003727e+002  1.8438284260348246e+002  8.3515766152193351e+001  3.0688406748617581e+001  4.6077054371540953e+000  1.0654893806580503e+000  2.1343766979725842e-001  9.0559074671659801e-002  8.5539423384943802e-002  8.5386631013989245e-002  8.5379293604319173e-002  8.5379148864262788e-002  8.5379141684143178e-002  8.5379141684143178e-002
  4.3536406529609303e+002  1.7729258520003248e+002  7.8343897183360241e+001  2.0548745555966434e+001  1.4668466129221542e+000  5.8749586624503536e-001  8.0435597978294027e-002  1.7816366107581416e-003  3.8014124356777756e-005  6.8373844896996161e-007  2.2783524400438182e-008  0.0000000000000000e+000  0.0000000000000000e+000  0.0000000000000000e+000
  6.7746475606094259e+002  2.2691111863993831e+002  1.1953963361205729e+002  4.5817354451568690e+001  3.6124562425236491e+000  9.5250562246189929e-001  7.2686871214045823e-002  4.7863411430626002e-002  4.6887167321528977e-002  4.6839047545290668e-002  4.6835151512254924e-002  4.6835053598556442e-002  4.6835019323111737e-002  4.6835019323111737e-002
  5.2035823608131523e+002  1.3967864291905175e+002  6.8168032779864689e+001  1.3143226204623033e+001  1.5439760688345814e+000  4.6665377207170877e-001  2.4305189725976106e-001  1.7375226228307383e-001  1.7103372454505461e-001  1.7033803817514581e-001  1.6990998712822147e-001  1.6990885552399959e-001  1.6990883067705909e-001  1.6990883067705909e-001
  5.3924816757850135e+002  1.7766363217235050e+002  6.4098100318874003e+001  1.5680428156974585e+001  2.0151164766607508e+000  6.2643451063752309e-001  2.6170868170083850e-001  1.8273725821973130e-001  1.7956408492023002e-001  1.7941342739879929e-001  1.7941124664673680e-001  1.7941120330522153e-001  1.7941118354383434e-001  1.7941118354383434e-001
  4.8117109248513088e+002  1.5816253748489294e+002  7.1001014807785623e+001  1.9872165378543968e+001  3.3919677824286509e+000  4.5700109994697868e-001  9.1692681293352507e-002  5.6925060961248164e-002  5.6652289986004689e-002  5.6648996883609470e-002  5.6648108761464755e-002  5.6648098209279851e-002  5.6648096926664948e-002  5.6648096926664948e-002
  5.6929770881681225e+002  2.6066637150749659e+002  1.1952086423202593e+002  4.4240760333151457e+001  3.2860597028641223e+000  1.0878869702388556e+000  8.0265158294537287e-002  5.4887812323158869e-003  2.9501013227672956e-004  7.0797286753077060e-006  1.8090161120198900e-006  1.1279121281404514e-007  0.0000000000000000e+000  0.0000000000000000e+000
  6.4415470663103952e+002  1.9264557600079695e+002  9.9025900183210297e+001  3.5253526996463165e+001  5.1578943884554747e+000  6.9510658500735190e-001  5.4551654098872859e-002  4.5226391599385352e-002  4.4380001403396818e-002  4.4133397254881856e-002  4.4126921333031532e-002  4.4126607991756828e-002  4.4126601484208550e-002  4.4126601484208550e-002
  5.4436019682592291e+002  1.9247056335278376e+002  1.0124131269450049e+002  3.7607256045557506e+001  9.1496022723708847e+000  1.0376636921700992e+000  1.6600296670947046e-001  5.7244193045448810e-002  3.0642041610917659e-004  8.1337465189790237e-006  1.2763024415107793e-006  4.9722871153790038e-008  4.4181206249049865e-008  4.4181206249049865e-008
  5.1252814134659980e+002  1.9273166228756736e+002  6.7412067329189426e+001  1.6818850237234301e+001  1.6938482670678923e+000  7.5187039574643677e-001  4.5528192249889798e-002  1.5634669996984485e-002  1.4853942805757470e-002  1.4773124459111386e-002  1.4772505006931169e-002  1.4772410586715523e-002  1.4772407835607737e-002  1.4772407835607737e-002
  5.6865141941577826e+002  1.7788836996337341e+002  8.1882243598054515e+001  3.0751522587584191e+001  1.5880840258448643e+000  2.1329702047307819e-001  2.4037363033698966e-002  9.0297071100167159e-003  7.4337458975151094e-003  7.3970930063751439e-003  7.3961615017879012e-003  7.3960435989874895e-003  7.3960404570243554e-003  7.3960404570243554e-003
  7.1947071942053481e+002  1.9506141631598473e+002  6.1804445206184710e+001  1.9145911491384140e+001  4.6647318942887068e+000  1.0169307053263310e+000  2.7233782261384931e-001  5.2597100655134454e-002  1.2028395067318343e-002  1.0329859202670377e-002  9.8823484711374476e-003  9.8647193399301614e-003  9.8646758467566542e-003  9.8646758467566542e-003
  7.0464321537461001e+002  3.1655592663126322e+002  1.1733849160385682e+002  2.9616681223225896e+001  3.9746213755244071e+000  1.0250431066513102e+000  4.6025793603689635e-002  1.6904728847748629e-003  7.2237850531564618e-005  1.3027652130404022e-006  2.0517063603620045e-008  0.0000000000000000e+000  0.0000000000000000e+000  0.0000000000000000e+000
  5.9379789054003140e+002  1.8765680447671116e+002  8.9326742676077060e+001  2.4283502445450040e+001  2.4635599839513134e+000  5.7599807459405383e-001  2.0602293741035282e-001  1.8117021623493201e-001  1.8057313186045576e-001  1.7964836154806108e-001  1.7963378857871248e-001  1.7963349593367184e-001  1.7963347371119198e-001  1.7963347371119198e-001
  4.8169854140222833e+002  2.2498656887643597e+002  1.2485218643425344e+002  3.6761969255151712e+001  3.8236317789652503e+000  1.0213810859991099e+000  7.9778314075497292e-002  1.5571884163477989e-002  6.1070345952884963e-004  1.3136622965248534e-004  4.0051033010968240e-005  1.3204408105593757e-005  1.2843459899158916e-005  1.2843459899158916e-005
  3.8185730730073647e+002  1.5531888940761996e+002  7.6883082843220450e+001  1.4067818124476275e+001  2.0495749190286006e+000  6.5220218860815748e-001  2.1036255050830732e-002  7.5951189718352907e-003  7.4092017309794755e-003  7.3971802393089092e-003  7.3960608464176403e-003  7.3960467763072302e-003  7.3960407387403393e-003  7.3960407387403393e-003
  5.4028359412966074e+002  2.0978933718154099e+002  7.5861661290757979e+001  9.5366851720746126e+000  1.4688720661105208e+000  8.4812646225270782e-001  8.0172930846367763e-001  6.3727877117116805e-003  7.9768114608214091e-004  6.4233582293127256e-005  1.8505181742511922e-007  0.0000000000000000e+000  0.0000000000000000e+000  0.0000000000000000e+000
  5.1843247275742829e+002  1.6825802453164977e+002  5.7799344992723832e+001  1.9279336129527564e+001  2.1108858706440969e+000  4.6653159776633402e-001  7.7973277128990048e-002  6.3669456483580689e-002  6.3418064764277915e-002  6.3390346885057625e-002  6.3389585208255994e-002  6.3389581633600756e-002  6.3389581322553568e-002  6.3389581322553568e-002
  4.7197579140540802e+002  1.4928571414524311e+002  4.6613202364091308e+001  1.2372896098757792e+001  3.5176399110684997e+000  1.3727190897408263e+000  8.1840704292460487e-001  4.6958635503904134e-001  4.6276787456906732e-001  4.6229415454661194e-001  4.6228817440589864e-001  4.6228772281665442e-001  4.6228771425955983e-001  4.6228771425955983e-001
  6.6181343714108698e+002  1.8890010253623802e+002  8.6333425651808284e+001  2.6090643395799702e+001  2.0432178561253522e+000  1.1230844724744884e+000  3.1343604712492379e-001  2.3077058234150627e-001  2.3032880805965306e-001  2.2959119211748202e-001  2.2958700863455306e-001  2.2958641500883914e-001  2.2958637528824966e-001  2.2958637528824966e-001
  4.6752859205754021e+002  1.6419875713317822e+002  5.5970880160592515e+001  1.3610204006156550e+001  1.6017323513073052e+000  2.9455023096681998e-001  6.4005337139633411e-002  6.1871880164176218e-002  6.1458752199769151e-002  6.1400078518772716e-002  6.1398680264346694e-002  6.1396745845968326e-002  6.1396607920755741e-002  6.1396607920755741e-002
  5.8433891193148838e+002  1.8782078584968724e+002  9.2171619404176454e+001  3.1882723899026701e+001  9.7217559376327927e+000  1.1011980370441279e+000  2.0002020354741035e-001  1.1589451219265356e-002  4.1824068250662094e-003  1.0841982316378562e-004  2.0123460899412748e-005  2.7269811653241049e-006  2.1636367364408216e-007  2.1636367364408216e-007
  4.8025146478592796e+002  1.9586411629012196e+002  8.8537270646750926e+001  2.0828459064244043e+001  1.7426808884348475e+000  4.6420408356709686e-001  1.9106747908563193e-001  1.8666798465369538e-001  1.8653183686535613e-001  1.8651812468897333e-001  1.8637006882170226e-001  1.8636906626670680e-001  1.8636897195347046e-001  1.8636897195347046e-001
  5.5427735289612383e+002  2.4298679304360508e+002  1.3991421970824786e+002  4.2627350556310603e+001  2.4517819812945163e+000  1.1292331057289857e+000  6.2874774607280415e-001  1.1517966568794691e-001  2.8764908651851329e-002  2.2300915179926051e-002  2.2131384271347088e-002  2.2126940578118592e-002  2.2126777202174708e-002  2.2126777202174708e-002
  6.3716078426293643e+002  2.1275978177556317e+002  8.1434676163874656e+001  2.7114629403824665e+001  1.9765561531604590e+000  1.1031886307865761e+000  1.0402419200861459e+000  1.0301312683455990e+000  2.2100431401690912e-001  1.1613860967941037e-001  1.1500671456417422e-001  1.1498402578160949e-001  1.1498375425003360e-001  1.1498375425003360e-001
  5.1325577887897316e+002  1.7961734716304159e+002  8.1594025419464856e+001  2.2822736052643450e+001  5.9884412330757186e+000  1.2083259706228091e+000  5.8667830087108541e-001  5.0653726879488659e-001  4.9888525194728572e-001  4.9861346222462544e-001  4.9858819343717187e-001  4.9858623798763801e-001  4.9858619887891109e-001  4.9858619887891109e-001
  4.8655313288512889e+002  1.8703373665713445e+002  7.1342268181412010e+001  2.1471888420095411e+001  4.4877731699187962e+000  4.3122330008554854e-001  5.0593273116078308e-002  4.2106668180394990e-002  4.1778176243269627e-002  4.1771901476522544e-002  4.1767836809185610e-002  4.1767807499127230e-002  4.1767686062712528e-002  4.1767686062712528e-002
  5.4311749169542691e+002  1.9291347273488122e+002  7.7889468543700104e+001  2.4828718781151451e+001  1.8818890417086322e+000  1.0099831910016519e+000  9.2333876387976943e-001  1.3993195897171518e-001  1.1255441614241590e-001  1.1177805603949764e-001  1.1174556502874111e-001  1.1174218655935420e-001  1.1174211194099826e-001  1.1174211194099826e-001
  6.3189236498259288e+002  2.5521113510082773e+002  1.0916015151153067e+002  2.6294519097721036e+001  6.9211259976419797e+000  9.2446958994730721e-001  4.8693409333623094e-002  3.2576618621646958e-002  2.4186857206132117e-004  1.3381156463765365e-005  5.3842882152821403e-007  2.2258973331190646e-008  0.0000000000000000e+000  0.0000000000000000e+000
  5.3648421649709371e+002  1.7954277803137120e+002  6.0626269257972922e+001  1.7198644518144420e+001  2.3940584653862516e+000  5.1640629913526936e-001  9.5191082094402191e-002  8.2755638053413350e-002  8.0702518794964817e-002  8.0262788852792255e-002  8.0252127144831320e-002  8.0251636331240661e-002  8.0251591353544427e-002  8.0251591353544427e-002
  4.4957324164068405e+002  1.3322156753298077e+002  6.2277709725257409e+001  1.8223521901051186e+001  3.8242979139189401e+000  5.3790452747352901e-001  1.1003957554862609e-002  5.1521550457209742e-003  2.3219884860736784e-004  7.0012994228818570e-006  7.8473703979398124e-008  0.0000000000000000e+000  0.0000000000000000e+000  0.0000000000000000e+000
  4.2465121198070256e+002  1.5542670282462473e+002  9.2982549468891875e+001  3.5237022700580155e+001  3.4007789099176762e+000  9.3122658910499467e-001  7.5038110520722512e-002  2.8186878543124294e-002  2.5551423948400043e-002  2.5520956922946425e-002  4.3463443716973416e-004  5.2927821343473624e-006  3.3930314202734735e-007  3.3930314202734735e-007
  5.4166257730338748e+002  1.9861170478741280e+002  8.7709016393684351e+001  4.3176511948085704e+001  9.1831304536163998e+000  7.4809813691754243e+000  7.0585495367722615e+000  6.9555849672811974e+000  6.9354570441644228e+000  6.9352145416013400e+000  6.9351686651469890e+000  6.9351685092927937e+000  6.9351684968810332e+000  6.9351684968810332e+000
  5.5306282484168833e+002  2.5544819055802168e+002  1.3605000343169604e+002  4.2415035731174839e+001  5.8272165937700038e+000  8.9328791005277708e-001  9.7213106570507080e-002  1.5480377002631940e-002  1.0251781788269909e-002  9.9382333661424127e-003  9.9345634146175144e-003  9.9344934313876365e-003  9.9344852444573917e-003  9.9344852444573917e-003
  5.1248691533984129e+002  1.9473379606697881e+002  7.9842417938950916e+001  2.4938187573988671e+001  2.6959196636829574e+000  8.9422812951318065e-001  6.6836107269068634e-002  3.0522455740765508e-002  2.9580380796801364e-002  2.9571884976689944e-002  2.9564514319986301e-002  2.9564468061721527e-002  2.9564466506144527e-002  2.9564466506144527e-002
  4.3241841373608463e+002  1.2970228772749533e+002  5.8507168018809239e+001  1.6110731448133038e+001  1.8153530918878005e+000  9.8504400631816225e-001  4.1579225853524804e-002  2.0269741355036786e-002  7.4736759569304922e-003  7.3987369654560098e-003  7.3960730543376485e-003  7.3960517690920824e-003  7.3960405520665518e-003  7.3960405520665518e-003
  7.5022365459567527e+002  2.0529168265094768e+002  8.8808370214245429e+001  2.2371541347158313e+001  5.6830481962454087e+000  1.7184616039139655e+000  1.8484961606395700e-001  6.3844638323644176e-002  2.0692193221293564e-002  1.7922095684411943e-002  1.7244485524656739e-002  1.7229473562451858e-002  1.7226610700845413e-002  1.7226610700845413e-002
  5.1534290202154170e+002  1.2070297105070779e+002  4.7909320899299360e+001  1.3099556689009660e+001  1.7724771052950246e+000  5.4860264907006240e-001  2.9275214367862645e-001  2.5982734170293043e-001  2.5966594121177877e-001  2.5955834609044359e-001  2.5955695990637651e-001  2.5955687026441865e-001  2.5955684932273471e-001  2.5955684932273471e-001
  4.9942379327809203e+002  1.5045762672880130e+002  7.5963095740916970e+001  2.6705835055720172e+001  1.8857974546667720e+000  7.5815924627397635e-001  2.5052955988940084e-001  1.1166151319798701e-002  1.4307973731320089e-004  7.6456055921880761e-006  6.9984707806725055e-007  0.0000000000000000e+000  0.0000000000000000e+000  0.0000000000000000e+000
  5.2439898328597292e+002  1.6118909157034659e+002  7.0283978174608933e+001  1.9707405217846599e+001  3.0317488242977788e+000  1.0257727555493830e+000  8.9082872310427774e-002  3.8220417511070082e-002  1.5990445456282032e-004  8.7497111167067487e-005  3.6233052469469840e-007  2.3672441784583498e-008  0.0000000000000000e+000  0.0000000000000000e+000
  6.3144608564618466e+002  2.4339177278606303e+002  1.0761947019837112e+002  2.8392534193290999e+001  3.3188796340546105e+000  7.5277542650076157e-001  4.5989684726805535e-002  2.2792932411334732e-002  1.0021868606600037e-002  9.8821312477639367e-003  9.8658913436793227e-003  9.8621495820907512e-003  9.8577438000120310e-003  9.8577438000120310e-003
  7.0070338939337012e+002  2.4257358232172282e+002  9.9300816872100768e+001  2.7538220770098405e+001  1.8512382492973529e+000  5.6122479043096973e-001  9.7411519831553051e-002  6.7038510008956109e-002  6.3753186806479789e-002  6.3651100414404027e-002  6.3646619559790452e-002  6.3646541418052038e-002  6.3646537264503422e-002  6.3646537264503422e-002
  3.9813511842191679e+002  1.0720534415489738e+002  5.2671547574603096e+001  1.4558006988976786e+001  2.2474835173921974e+000  1.1354008292033768e+000  4.5258634865695058e-001  3.6098846953791508e-003  1.3133242237017839e-004  1.6010443687264342e-005  6.2622120822197758e-008  0.0000000000000000e+000  0.0000000000000000e+000  0.0000000000000000e+000
  4.5078508720027480e+002  1.4047622270398767e+002  5.8175880422997579e+001  1.2753824759593840e+001  3.1073828499063438e+000  1.0874743080632925e+000  2.5820122031302617e-001  1.7073174896268029e-002  8.3378175088455464e-004  3.7366019682849583e-005  1.6966147313723923e-006  7.8623315857839771e-008  1.3702674550586380e-008  1.3702674550586380e-008
  4.8368942973000117e+002  1.8657060544587750e+002  1.0223511702767837e+002  2.9336306166164036e+001  3.7110379227035537e+000  9.1139645196085439e-001  3.5225779624170173e-002  1.2647236291400077e-002  1.2336033253291134e-002  1.2323151011969458e-002  1.2322906211466034e-002  1.2316343577026601e-002  1.2316076894649086e-002  1.2316076894649086e-002
