  5.3015458806179367e+000  1.1772085260374752e+000  6.5169926375517662e-001  1.0993555814582123e-001  1.0331621719717532e-001  1.0331621665682178e-001  1.0331621665682178e-001  1.0331621665682178e-001  1.0331621665682178e-001  1.0331621665682178e-001  1.0331621665682178e-001  1.0331621665682178e-001  1.0331621665682178e-001  1.0331621665682178e-001
  6.2562760625675082e+000  1.4965689612282631e+000  6.2777637762997074e-001  2.9476557320197116e-001  2.8520829053297803e-001  2.8520828906550832e-001  2.8520828906550832e-001  2.8520828906550832e-001  2.8520828906550832e-001  2.8520828906550832e-001  2.8520828906550832e-001  2.8520828906550832e-001  2.8520828906550832e-001  2.8520828906550832e-001
  5.9584186615493309e+000  1.4315350817460057e+000  1.1162825634114597e+000  7.8602153684323639e-001  7.6572601476857471e-001  7.6572584337566241e-001  7.6572584337566241e-001  7.6572584337566241e-001  7.6572584337566241e-001  7.6572584337566241e-001  7.6572584337566241e-001  7.6572584337566241e-001  7.6572584337566241e-001  7.6572584337566241e-001
  7.2175383488331590e+000  1.1363245839139609e+000  5.2424999018535345e-001  2.8007141030673210e-001  2.7769197865984552e-001  2.7769197810198420e-001  2.7769197810198420e-001  2.7769197810198420e-001  2.7769197810198420e-001  2.7769197810198420e-001  2.7769197810198420e-001  2.7769197810198420e-001  2.7769197810198420e-001  2.7769197810198420e-001
  4.5728597085105775e+000  1.0501687309016461e+000  5.3104181572200559e-001  1.1055323030791442e-001  1.0345867809974152e-001  1.0345867397506936e-001  1.0345867397506936e-001  1.0345867397506936e-001  1.0345867397506936e-001  1.0345867397506936e-001  1.0345867397506936e-001  1.0345867397506936e-001  1.0345867397506936e-001  1.0345867397506936e-001
  8.8820723933480394e+000  1.3174609607541470e+000  6.6960336694023681e-001  2.5633516875836904e-001  2.3615016715530146e-001  2.3615014735219120e-001  2.3615014735219120e-001  2.3615014735219120e-001  2.3615014735219120e-001  2.3615014735219120e-001  2.3615014735219120e-001  2.3615014735219120e-001  2.3615014735219120e-001  2.3615014735219120e-001
  4.6156389583718465e+000  1.1676355162740037e+000  8.2718186865849930e-001  5.0678537906151178e-001  2.5589628489069582e-001  2.5589400926332928e-001  2.5589400926332928e-001  2.5589400926332928e-001  2.5589400926332928e-001  2.5589400926332928e-001  2.5589400926332928e-001  2.5589400926332928e-001  2.5589400926332928e-001  2.5589400926332928e-001
  4.6169335445900970e+000  1.0787785473434042e+000  8.4567984008288022e-001  2.2997590730869888e-001  1.9426944572046523e-001  1.9426944552640180e-001  1.9426944552640180e-001  1.9426944552640180e-001  1.9426944552640180e-001  1.9426944552640180e-001  1.9426944552640180e-001  1.9426944552640180e-001  1.9426944552640180e-001  1.9426944552640180e-001
  5.5546385710288178e+000  1.1042017161609010e+000  4.8551354469634589e-001  1.3620308435258721e-001  1.2544775204708003e-001  1.2544774068032893e-001  1.2544774068032893e-001  1.2544774068032893e-001  1.2544774068032893e-001  1.2544774068032893e-001  1.2544774068032893e-001  1.2544774068032893e-001  1.2544774068032893e-001  1.2544774068032893e-001
  1.0036601239255901e+001  1.1788275144565432e+000  5.8168411722544988e-001  1.2023195499966732e-001  1.1073174304988243e-001  1.1073174216198822e-001  1.1073174216198822e-001  1.1073174216198822e-001  1.1073174216198822e-001  1.1073174216198822e-001  1.1073174216198822e-001  1.1073174216198822e-001  1.1073174216198822e-001  1.1073174216198822e-001
  1.6198355346582161e+001  1.2573183482292052e+000  7.5371422276862177e-001  7.3098907027087989e-002  7.1310083187313467e-002  7.1310082346371928e-002  7.1310082346371928e-002  7.1310082346371928e-002  7.1310082346371928e-002  7.1310082346371928e-002  7.1310082346371928e-002  7.1310082346371928e-002  7.1310082346371928e-002  7.1310082346371928e-002
  4.1566860163578667e+000  1.1506790652754262e+000  7.4383511729615748e-001  1.4930897990234371e-001  8.8570703038385545e-002  8.8570695200246519e-002  8.8570695200246519e-002  8.8570695200246519e-002  8.8570695200246519e-002  8.8570695200246519e-002  8.8570695200246519e-002  8.8570695200246519e-002  8.8570695200246519e-002  8.8570695200246519e-002
  6.8424897734561227e+000  1.2557749825335804e+000  6.9661339970207337e-001  1.4053523897575815e-001  1.2790421479269298e-001  1.2790418950726234e-001  1.2790418950726234e-001  1.2790418950726234e-001  1.2790418950726234e-001  1.2790418950726234e-001  1.2790418950726234e-001  1.2790418950726234e-001  1.2790418950726234e-001  1.2790418950726234e-001
  6.0968414521673822e+000  1.0684525563116267e+000  1.0658073596048325e+000  8.7343060920659354e-001  5.0728437994848719e-001  5.0164289419649322e-001  5.0164066062075108e-001  5.0164066061802259e-001  5.0164066061722679e-001  5.0164066061722679e-001  5.0164066061699941e-001  5.0164066061699941e-001  5.0164066061699941e-001  5.0164066061699941e-001
  5.0950851261890193e+000  1.1293321667685632e+000  4.1078828115644228e-001  8.9404078404982101e-002  8.8509364221181386e-002  8.8509364097035359e-002  8.8509364097035359e-002  8.8509364097035359e-002  8.8509364097035359e-002  8.8509364097035359e-002  8.8509364097035359e-002  8.8509364097035359e-002  8.8509364097035359e-002  8.8509364097035359e-002
  6.3752952159334200e+000  1.1355617472119093e+000  7.9295674865977617e-001  1.9320092617806495e-001  1.3036282918676534e-001  1.3036282772679897e-001  1.3036282772679897e-001  1.3036282772668528e-001  1.3036282772668528e-001  1.3036282772668528e-001  1.3036282772668528e-001  1.3036282772668528e-001  1.3036282772668528e-001  1.3036282772668528e-001
  4.8897987078079268e+000  1.1742639089063687e+000  7.7639791156377669e-001  5.1315576386616613e-001  1.4309233322933324e-001  1.4286793802602915e-001  1.4286793802602915e-001  1.4286793802602915e-001  1.4286793802602915e-001  1.4286793802602915e-001  1.4286793802602915e-001  1.4286793802602915e-001  1.4286793802602915e-001  1.4286793802602915e-001
  3.9651684227120541e+000  1.0424570394193324e+000  7.0942555928729689e-001  2.4813373384779425e-001  9.8496741272697363e-002  9.8496716708723397e-002  9.8496716708723397e-002  9.8496716708723397e-002  9.8496716708723397e-002  9.8496716708723397e-002  9.8496716708723397e-002  9.8496716708723397e-002  9.8496716708723397e-002  9.8496716708723397e-002
  7.0166078368845319e+000  1.0980984681007158e+000  7.7819448631976229e-001  4.4789627061743431e-001  2.2881158219627196e-001  2.2881034500755959e-001  2.2881034500755959e-001  2.2881034500755959e-001  2.2881034500755959e-001  2.2881034500755959e-001  2.2881034500755959e-001  2.2881034500755959e-001  2.2881034500755959e-001  2.2881034500755959e-001
  5.4718707688253971e+000  9.9776846582756207e-001  6.6926159644117433e-001  2.0260957406890157e-001  2.0195016687341649e-001  2.0195016619481976e-001  2.0195016619481976e-001  2.0195016619481976e-001  2.0195016619481976e-001  2.0195016619481976e-001  2.0195016619481976e-001  2.0195016619481976e-001  2.0195016619481976e-001  2.0195016619481976e-001
  6.3936844271703421e+000  1.2562669619085227e+000  8.0492100247340659e-001  1.4375099540166048e-001  1.1319555608338305e-001  1.1319555496720568e-001  1.1319555496720568e-001  1.1319555496720568e-001  1.1319555496720568e-001  1.1319555496720568e-001  1.1319555496720568e-001  1.1319555496709199e-001  1.1319555496709199e-001  1.1319555496709199e-001
  3.3021103284343098e+000  1.1039670084140880e+000  6.8225526255628210e-001  1.3527055183885750e-001  1.2798517147382427e-001  1.2798516733596443e-001  1.2798516733596443e-001  1.2798516733596443e-001  1.2798516733585075e-001  1.2798516733585075e-001  1.2798516733585075e-001  1.2798516733585075e-001  1.2798516733585075e-001  1.2798516733585075e-001
  4.2768982377599514e+000  9.9925440409083421e-001  6.3412276267035850e-001  2.1201016120721761e-001  1.9444615094505480e-001  1.9444615048632841e-001  1.9444615048632841e-001  1.9444615048632841e-001  1.9444615048632841e-001  1.9444615048632841e-001  1.9444615048632841e-001  1.9444615048632841e-001  1.9444615048632841e-001  1.9444615048632841e-001
  4.5165344023970420e+000  1.1050311792218963e+000  8.3636611948077189e-001  2.9804027374916586e-001  2.9052094352005042e-001  2.9052093793029599e-001  2.9052093793029599e-001  2.9052093793029599e-001  2.9052093793029599e-001  2.9052093793029599e-001  2.9052093793029599e-001  2.9052093793029599e-001  2.9052093793029599e-001  2.9052093793029599e-001
  3.1981289950207383e+000  1.0214633635490600e+000  6.7514942086518204e-001  6.8834719167512048e-002  6.3901796421760082e-002  6.3901796347636264e-002  6.3901796347636264e-002  6.3901796347636264e-002  6.3901796347636264e-002  6.3901796347636264e-002  6.3901796347636264e-002  6.3901796347636264e-002  6.3901796347636264e-002  6.3901796347636264e-002
  1.5241561824417090e+001  1.4042992912017098e+000  1.0016982030649615e+000  5.5236302764933498e-001  5.0879353057950993e-001  5.0879350627280928e-001  5.0879350627280928e-001  5.0879350627280928e-001  5.0879350627280928e-001  5.0879350627280928e-001  5.0879350627280928e-001  5.0879350627280928e-001  5.0879350627280928e-001  5.0879350627280928e-001
  5.9810958808187706e+000  9.3084984871711640e-001  9.3000532045914497e-001  4.5994712891388190e-001  3.0054113681899253e-001  3.0010055195361929e-001  3.0010055195361929e-001  3.0010055195361929e-001  3.0010055195361929e-001  3.0010055195361929e-001  3.0010055195361929e-001  3.0010055195361929e-001  3.0010055195361929e-001  3.0010055195361929e-001
  5.7725876370990363e+000  1.0844369942205958e+000  7.2608957500813176e-001  2.5014713316659254e-001  2.1894350192985712e-001  2.1894346586543634e-001  2.1894346586543634e-001  2.1894346586543634e-001  2.1894346586532265e-001  2.1894346586532265e-001  2.1894346586532265e-001  2.1894346586532265e-001  2.1894346586532265e-001  2.1894346586532265e-001
  5.3659982612781505e+000  1.0929667786317623e+000  6.0129485893844503e-001  4.2061209624193907e-002  3.6931017466940830e-002  3.6931017411916400e-002  3.6931017411916400e-002  3.6931017411916400e-002  3.6931017411916400e-002  3.6931017411916400e-002  3.6931017411916400e-002  3.6931017411916400e-002  3.6931017411916400e-002  3.6931017411916400e-002
  5.6577931037121516e+000  1.1776772475329835e+000  6.5978461672591493e-001  4.6498804570637731e-001  3.3127867399241495e-001  3.2980246054808049e-001  3.2980246054376039e-001  3.2980246054341933e-001  3.2980246054341933e-001  3.2980246054319196e-001  3.2980246054319196e-001  3.2980246054319196e-001  3.2980246054319196e-001  3.2980246054319196e-001
  5.0024029033274928e+000  1.0542270702726455e+000  6.6400994713660566e-001  3.8816594684476513e-001  3.6682833889631183e-001  3.6682681649710958e-001  3.6682681649710958e-001  3.6682681649710958e-001  3.6682681649710958e-001  3.6682681649710958e-001  3.6682681649710958e-001  3.6682681649710958e-001  3.6682681649710958e-001  3.6682681649710958e-001
  4.5808888015355933e+000  1.4505537551538055e+000  1.0029181058615677e+000  6.3982638261052216e-001  1.8190238400291037e-001  1.8190197477656511e-001  1.8190197477656511e-001  1.8190197477656511e-001  1.8190197477656511e-001  1.8190197477656511e-001  1.8190197477656511e-001  1.8190197477656511e-001  1.8190197477656511e-001  1.8190197477656511e-001
  2.9932812546163632e+000  1.0569289662522579e+000  5.8242199823223473e-001  2.1734149093060751e-001  2.1648724201679670e-001  2.1648724200758807e-001  2.1648724200758807e-001  2.1648724200758807e-001  2.1648724200758807e-001  2.1648724200758807e-001  2.1648724200758807e-001  2.1648724200758807e-001  2.1648724200758807e-001  2.1648724200758807e-001
  6.0436978617094610e+000  1.1545481944397125e+000  9.2341810110679035e-001  4.2990940921640686e-001  3.7633599801733908e-001  3.7633553221803595e-001  3.7633553221803595e-001  3.7633553221803595e-001  3.7633553221803595e-001  3.7633553221803595e-001  3.7633553221803595e-001  3.7633553221803595e-001  3.7633553221803595e-001  3.7633553221803595e-001
  4.6471855915621063e+000  1.4628374006268814e+000  7.5942252651452691e-001  1.7348058529012178e-001  5.9008701307220690e-002  5.9008677057818204e-002  5.9008677057818204e-002  5.9008677057818204e-002  5.9008677057818204e-002  5.9008677057818204e-002  5.9008677057818204e-002  5.9008677057818204e-002  5.9008677057818204e-002  5.9008677057818204e-002
  2.8416122091465468e+000  1.1107633436176911e+000  6.1015806885166057e-001  2.7645469349045015e-001  1.7959526987033314e-001  1.7959526314371033e-001  1.7959526314371033e-001  1.7959526314371033e-001  1.7959526314371033e-001  1.7959526314371033e-001  1.7959526314371033e-001  1.7959526314371033e-001  1.7959526314371033e-001  1.7959526314371033e-001
  2.5558601432485375e+000  1.1422491141420323e+000  5.0260301698426701e-001  8.4747999617434289e-002  4.6825188058846834e-002  4.6825181370422797e-002  4.6825181370422797e-002  4.6825181370422797e-002  4.6825181370422797e-002  4.6825181370422797e-002  4.6825181370422797e-002  4.6825181370422797e-002  4.6825181370422797e-002  4.6825181370422797e-002
  4.1752782019075312e+000  1.0210597656166556e+000  8.3226317374987957e-001  1.3581878164484351e-001  1.2548958201398364e-001  1.2548958180821046e-001  1.2548958180821046e-001  1.2548958180821046e-001  1.2548958180821046e-001  1.2548958180821046e-001  1.2548958180821046e-001  1.2548958180821046e-001  1.2548958180821046e-001  1.2548958180821046e-001
  6.6137208687687234e+000  1.1442921453137842e+000  5.3975072967375581e-001  1.1891171212141671e-001  9.1039427716737009e-002  9.1039424065797903e-002  9.1039424065797903e-002  9.1039424065797903e-002  9.1039424065797903e-002  9.1039424065797903e-002  9.1039424065797903e-002  9.1039424065797903e-002  9.1039424065797903e-002  9.1039424065797903e-002
  6.2956634100305564e+000  1.4343016733554350e+000  7.6046715402117115e-001  1.6509957356288396e-001  9.8464693573760087e-002  9.8464686327929485e-002  9.8464686327929485e-002  9.8464686327929485e-002  9.8464686327929485e-002  9.8464686327815798e-002  9.8464686327815798e-002  9.8464686327815798e-002  9.8464686327815798e-002  9.8464686327815798e-002
  8.5892577405802513e+000  1.2881840329328043e+000  1.1810228422001501e+000  7.0938101179285695e-001  5.7839604073808459e-001  5.7833173648134562e-001  5.7833173648134562e-001  5.7833173648134562e-001  5.7833173648123193e-001  5.7833173648111824e-001  5.7833173648111824e-001  5.7833173648111824e-001  5.7833173648111824e-001  5.7833173648111824e-001
  4.6608065406610422e+000  1.1209848518379886e+000  9.9101124658363915e-001  4.0990990885040901e-001  2.1176628936882480e-001  2.1176573067725712e-001  2.1176573067725712e-001  2.1176573067725712e-001  2.1176573067725712e-001  2.1176573067725712e-001  2.1176573067725712e-001  2.1176573067725712e-001  2.1176573067725712e-001  2.1176573067725712e-001
  9.1713711464778953e+000  1.1967930795970005e+000  7.0129670476399042e-001  8.5487138924577266e-002  7.1339430448688290e-002  7.1339430271450510e-002  7.1339430271450510e-002  7.1339430271450510e-002  7.1339430271450510e-002  7.1339430271450510e-002  7.1339430271450510e-002  7.1339430271450510e-002  7.1339430271450510e-002  7.1339430271450510e-002
  5.0378357377410339e+000  1.0219105824189683e+000  2.2997808313323276e-001  4.7057411732907894e-002  4.6736798821598313e-002  4.6736798805113722e-002  4.6736798805113722e-002  4.6736798805113722e-002  4.6736798805113722e-002  4.6736798805113722e-002  4.6736798805113722e-002  4.6736798805113722e-002  4.6736798805113722e-002  4.6736798805113722e-002
  7.4268295440988368e+000  1.2322455944279227e+000  8.0539870802738278e-001  1.2506136575780147e-001  9.1066307431219684e-002  9.1066304382252383e-002  9.1066304382252383e-002  9.1066304382252383e-002  9.1066304382252383e-002  9.1066304382252383e-002  9.1066304382252383e-002  9.1066304382252383e-002  9.1066304382252383e-002  9.1066304382252383e-002
  1.4615003777396964e+001  1.5367265509308936e+000  1.0526076705540390e+000  5.0811866142691997e-001  1.8450441342497470e-001  1.8449073935914839e-001  1.8449073935914839e-001  1.8449073935914839e-001  1.8449073935914839e-001  1.8449073935903471e-001  1.8449073935903471e-001  1.8449073935903471e-001  1.8449073935903471e-001  1.8449073935903471e-001
  5.7554313851995857e+000  1.4693177955107330e+000  9.0851623874061715e-001  4.1889075071185289e-001  1.4776992820156920e-001  1.4776348677958140e-001  1.4776348677946771e-001  1.4776348677946771e-001  1.4776348677946771e-001  1.4776348677946771e-001  1.4776348677946771e-001  1.4776348677946771e-001  1.4776348677946771e-001  1.4776348677946771e-001
  7.0604518742637765e+000  1.2339791779519373e+000  7.4404338156193717e-001  1.8927200548432666e-001  1.7714871328007575e-001  1.7714871009638955e-001  1.7714871009638955e-001  1.7714871009638955e-001  1.7714871009638955e-001  1.7714871009638955e-001  1.7714871009638955e-001  1.7714871009638955e-001  1.7714871009638955e-001  1.7714871009638955e-001
  7.6901509337782272e+000  1.1269293094960631e+000  3.9404513633633087e-001  1.2567103938624768e-001  8.8629614270644197e-002  8.8629592475399477e-002  8.8629592475399477e-002  8.8629592475399477e-002  8.8629592475285790e-002  8.8629592475285790e-002  8.8629592475285790e-002  8.8629592475285790e-002  8.8629592475285790e-002  8.8629592475285790e-002
  6.4137961881224328e+000  1.0790678141077024e+000  7.2860274564459360e-001  3.4259211226549269e-001  2.0183738168020682e-001  2.0183735552984672e-001  2.0183735552984672e-001  2.0183735552984672e-001  2.0183735552984672e-001  2.0183735552984672e-001  2.0183735552984672e-001  2.0183735552984672e-001  2.0183735552984672e-001  2.0183735552984672e-001
  7.5529542044240543e+000  1.3471190851597612e+000  9.1199067073000606e-001  3.5199134766912721e-001  1.3528824855995936e-001  1.3528791535929940e-001  1.3528791535929940e-001  1.3528791535929940e-001  1.3528791535929940e-001  1.3528791535929940e-001  1.3528791535929940e-001  1.3528791535929940e-001  1.3528791535929940e-001  1.3528791535929940e-001
