  4.7106643973818336e+000  4.7072402862459057e+000  4.3942906979914369e+000  3.8349346488835181e+000  3.3520221980872975e+000  2.6668768135305072e+000  1.9298180911141571e+000  1.9293867558485545e+000  1.9293867536621292e+000  1.9293867470651094e+000  1.9293867470651094e+000  1.9293867470651094e+000  1.9293867470651094e+000  1.9293867470651094e+000
  5.2888968257327633e+000  4.2516574132575897e+000  4.2516574132575897e+000  2.7593082930586661e+000  2.7593082930586661e+000  1.6611562803921061e+000  1.5294783141741846e+000  1.5294769686129257e+000  1.0664930597820330e+000  8.9542941937156684e-001  8.7256891280503623e-001  8.7243912573580928e-001  8.7240337247544630e-001  8.7240337247544630e-001
  4.6514798273740325e+000  4.6514798273740325e+000  4.5763807099015139e+000  4.1240515008562397e+000  3.7253780873011237e+000  3.1960133064185356e+000  3.1960133064185356e+000  3.1948472673586821e+000  3.1948472673586821e+000  3.1948472673586821e+000  3.1948472673586821e+000  2.8808317963685113e+000  2.8808317963685113e+000  2.8808317963685113e+000
  5.4323290164893479e+000  4.4666088614021646e+000  3.7337056378864872e+000  3.7337056378864872e+000  3.4447816527344912e+000  1.8095836468717152e+000  1.8095836468717152e+000  1.8095836468717152e+000  1.5288024154781397e+000  1.5287941368990232e+000  1.5287941368990232e+000  1.5287941368990232e+000  1.5287941368990232e+000  1.5287941368990232e+000
  4.2240654634824750e+000  4.2240654634824750e+000  4.2240654634824750e+000  4.2240654634824750e+000  4.0114794939918283e+000  3.5458931876667066e+000  3.4104635477572174e+000  2.0445496842207831e+000  1.9220837274567657e+000  1.7868386432860461e+000  1.7811820265551432e+000  1.7810788224987846e+000  1.5264658513865470e+000  1.5264658513865470e+000
  4.1167005277598037e+000  3.9715502220217331e+000  3.9715502220217331e+000  3.4762625163687062e+000  3.4762625163687062e+000  3.1801558743459282e+000  1.7471772681783477e+000  1.6152980726903934e+000  1.5051144513065537e+000  1.5050699934765817e+000  1.5049296121469524e+000  1.5049223320220335e+000  1.5048625407061991e+000  1.5048625407061991e+000
  5.2766712448353701e+000  4.7208488309149743e+000  4.7208488309149743e+000  2.8375435405152984e+000  2.8375435405152984e+000  2.3488084255529884e+000  1.2956320297296315e+000  9.9674410824513870e-001  8.0842145748965777e-001  7.3291209097260435e-001  7.2666598158957640e-001  7.2620523276282256e-001  7.2170442610354257e-001  7.2170442610354257e-001
  4.8900297295826931e+000  4.8900297295826931e+000  4.5885526831186780e+000  3.4278963501883482e+000  3.4278963501883482e+000  3.4278963501883482e+000  3.4278963501883482e+000  3.0057592265113726e+000  3.0057592265113726e+000  3.0057592265113726e+000  3.0057592265113726e+000  2.1445627242665068e+000  1.9132091951214534e+000  1.9132091951214534e+000
  4.9764482840721485e+000  4.2590891532174737e+000  4.2590891532174737e+000  3.9674092408324668e+000  3.5723470050286323e+000  2.6390858995850976e+000  2.6390858995605413e+000  2.6390858995605413e+000  2.4572873902422998e+000  2.0699784182861549e+000  1.7969196362441835e+000  1.7969196362441835e+000  1.7969196362441835e+000  1.7969196362441835e+000
  4.1933994662581426e+000  4.1933994662581426e+000  3.8747378017133087e+000  3.7472888879842685e+000  3.3891252839157460e+000  1.7881425874163597e+000  1.5696840342316136e+000  1.0294321560015760e+000  7.3681178399942837e-001  6.8271128424180461e-001  6.8217469860223900e-001  6.8204911361567611e-001  6.8204867858071339e-001  6.8204867858071339e-001
  4.7939031447783691e+000  4.7939031447783691e+000  4.7939031447783691e+000  4.3054675120208685e+000  3.2037574855730782e+000  3.2037574855730782e+000  3.2037574855730782e+000  3.0871669519008265e+000  2.3141572917477333e+000  2.1839220696040229e+000  2.1839220696040229e+000  2.1839220696040229e+000  2.1839220696040229e+000  2.1839220696040229e+000
  4.7274652956889440e+000  4.5092400146622822e+000  4.5092400146622822e+000  4.5092400146622822e+000  3.8957529591114053e+000  3.1068127342605294e+000  2.3704080876516400e+000  1.8580737145305193e+000  1.7453196013409524e+000  1.5601026182857822e+000  1.5589199750747866e+000  1.5588947808164448e+000  1.5573592127470874e+000  1.5573592127470874e+000
  5.2241747487018984e+000  4.2929517601521638e+000  4.2791623925381828e+000  4.2791623925381828e+000  3.6667929346440360e+000  3.6667929166189879e+000  3.5191508226159840e+000  2.2599185632145691e+000  2.2599185632145691e+000  1.9610608844345734e+000  1.9571810764136899e+000  1.9571810764136899e+000  1.9571810764136899e+000  1.9571810764136899e+000
  4.8461396916361537e+000  4.2916020976795153e+000  3.0208039985773212e+000  3.0208039985773212e+000  3.0208039985773212e+000  3.0208039985773212e+000  2.9102734195901121e+000  2.9102734195901121e+000  2.9102734195901121e+000  2.9102734195901121e+000  2.9102734195901121e+000  2.9102734195901121e+000  2.9102734195901121e+000  2.9102734195901121e+000
  4.7444113053547881e+000  4.5163926996249302e+000  4.5163926996249302e+000  4.0261596183556776e+000  2.7968519593853216e+000  2.6478222908692715e+000  1.6897569812172151e+000  1.6351813402718562e+000  1.6072803498739177e+000  1.6068548766950244e+000  1.6066579506457401e+000  1.6064186869132300e+000  1.6064177509638284e+000  1.6064177509638284e+000
  4.3017822881063239e+000  4.3017822881063239e+000  3.1322419158998400e+000  3.1096453185125483e+000  3.1023734667580811e+000  2.5521983411194924e+000  2.5521983411194924e+000  2.5521983411194924e+000  2.5521983411194924e+000  2.4761645307289655e+000  2.4761645307289655e+000  2.4761645307289655e+000  2.4761645307289655e+000  2.4761645307289655e+000
  4.3247948974831161e+000  4.3247948974831161e+000  4.3247948974831161e+000  3.5393696681958318e+000  3.5090862196375383e+000  3.2125622477226443e+000  2.6744687836335288e+000  2.6743762914034050e+000  1.8796149314312061e+000  1.1501608084422514e+000  6.6181098261358784e-001  6.5914426339236343e-001  5.9831058266786386e-001  5.9831058266786386e-001
  5.0105873641109611e+000  4.9191966937480629e+000  3.5834473142235765e+000  3.4956194514388699e+000  3.4956194514388699e+000  3.4956194514388699e+000  3.4074285730232532e+000  3.3271033537992025e+000  3.3271033537992025e+000  3.1720423052420301e+000  2.6954170237395374e+000  2.6954170237395374e+000  2.6878268798420777e+000  2.6878268798420777e+000
  4.3087874677967193e+000  4.3087874677967193e+000  4.3087874677967193e+000  4.3087874677967193e+000  2.9931403219807180e+000  2.9931403219807180e+000  2.9931403219807180e+000  1.9985436454753653e+000  1.9938635856628935e+000  1.9929529655614715e+000  1.9924393313249311e+000  1.9923430381247726e+000  1.9899318210891579e+000  1.9899318210891579e+000
  4.6159190967484847e+000  4.6159190967484847e+000  4.3322128149966375e+000  2.9254682481412146e+000  2.6080923652200454e+000  2.1989647302618778e+000  2.1845762118366565e+000  2.0307674441614836e+000  2.0307106543866666e+000  2.0231925536304516e+000  2.0231891396304036e+000  2.0231884185320723e+000  1.5566585637839125e+000  1.5566585637839125e+000
  4.7343717706633015e+000  4.7073823846503728e+000  4.7073823846503728e+000  4.4065337460228875e+000  3.1682913303466194e+000  3.1682913303466194e+000  1.9099120790356210e+000  1.4557941982366174e+000  1.2569903224398331e+000  1.2473786105890667e+000  1.2468506771976990e+000  1.2467912666279517e+000  1.0167559852452541e+000  1.0167559852452541e+000
  4.8227333678819377e+000  4.8227333678819377e+000  4.2928258221061242e+000  4.1072090052739441e+000  3.0651083151885814e+000  2.6571037718492789e+000  2.6571037712622001e+000  2.6571037712615180e+000  2.0344471240905477e+000  1.8586822006216153e+000  1.7069616847004454e+000  1.6908471358542556e+000  1.6907275054068123e+000  1.6907275054068123e+000
  5.3791030639122255e+000  4.9884132725294421e+000  4.9884132725294421e+000  4.6739858632017786e+000  3.6738889735725024e+000  3.4253767194468310e+000  2.8342887140822768e+000  1.5186497053914536e+000  1.2845793338947260e+000  1.2416288425322364e+000  1.1987059016501007e+000  1.1969478698674720e+000  1.1969429308171584e+000  1.1969429308171584e+000
  5.0073950903763489e+000  5.0073950903763489e+000  3.9219637855323981e+000  3.2104715869959364e+000  2.2934272461341152e+000  1.7307317947615957e+000  1.6286858460757685e+000  1.6258129199925406e+000  1.4316926956562384e+000  1.4255097150592064e+000  1.3752518466010315e+000  1.3748368809290241e+000  1.3614216432181365e+000  1.3614216432181365e+000
  4.1986686111235940e+000  3.7776199005234048e+000  3.7776199005234048e+000  3.7776199005234048e+000  3.2887885174823168e+000  2.5774486934803917e+000  8.0776340998477281e-001  8.0252603687313240e-001  7.8411359688425364e-001  7.6700660967981094e-001  7.6624461158644408e-001  7.6604844523808424e-001  7.6408516301603413e-001  7.6408516301603413e-001
  4.6554696014659385e+000  3.9262102222103294e+000  3.9262102222103294e+000  3.9262052914232299e+000  3.2928487386097913e+000  1.7030189796039394e+000  1.7030189795736987e+000  1.7030189795736987e+000  1.7030189795736987e+000  1.4302110510802777e+000  1.2495099716613822e+000  1.0826124681273086e+000  1.0699929044360488e+000  1.0699929044360488e+000
  4.2024717607587263e+000  4.2024717607587263e+000  4.2024717607587263e+000  4.2024717607587263e+000  2.9385504419969948e+000  2.9373812328396980e+000  2.9373811817388287e+000  2.9373811817388287e+000  2.9373811817388287e+000  2.9373811817388287e+000  2.9373811817388287e+000  2.9373811817388287e+000  2.9373811817388287e+000  2.9373811817388287e+000
  4.8850259835130601e+000  4.5944330583895407e+000  4.5944330583895407e+000  3.9613385279733393e+000  3.6295530066809079e+000  3.1055484336693553e+000  3.1055484336693553e+000  3.1055484336693553e+000  3.1055484336693553e+000  2.4582016637295965e+000  2.4582016637295965e+000  2.4582016637295965e+000  2.4582016637295965e+000  2.4582016637295965e+000
  4.4886439181891546e+000  4.4886439181891546e+000  4.3943872533054673e+000  3.9699757097271231e+000  3.9699757097271231e+000  2.8298306273272829e+000  2.8298306273272829e+000  2.8298306273272829e+000  2.8298306273272829e+000  2.8298306273272829e+000  2.8298306273272829e+000  2.8298306273272829e+000  2.8298306273272829e+000  2.8298306273272829e+000
  4.2537068073256705e+000  3.8071385159857982e+000  3.6151733214712749e+000  3.0539137563446275e+000  2.4762591177104696e+000  2.3428199034290174e+000  1.8289643813202474e+000  1.7246448468138169e+000  1.5528682029473657e+000  1.4167351639393928e+000  1.2777576987252814e+000  1.2144698312408764e+000  1.1527749137489991e+000  1.1527749137489991e+000
  4.7291048633942410e+000  4.7098742012806269e+000  3.7188495142538613e+000  3.7183299872017415e+000  3.6359499315265111e+000  3.2741331188331060e+000  3.2702504285712166e+000  3.2702504285712166e+000  3.2702504285712166e+000  3.2702504285712166e+000  3.2702504285712166e+000  3.2702504285712166e+000  3.2702504285712166e+000  3.2702504285712166e+000
  5.7044051132222648e+000  4.2907291295271079e+000  2.9066448226872126e+000  2.9066448226872126e+000  2.5286423280790586e+000  2.5286423280790586e+000  2.1265919738016237e+000  2.1257003347093359e+000  2.1257003347093359e+000  2.1257003347093359e+000  2.1257003347093359e+000  2.1257003347093359e+000  2.1257003347093359e+000  2.1257003347093359e+000
  4.4605512732580337e+000  4.4605512732580337e+000  4.4605512732580337e+000  4.0192474136779310e+000  4.0192474136779310e+000  3.0508597337409356e+000  3.0508597337409356e+000  3.0508597337409356e+000  3.0508597337409356e+000  3.0508597337409356e+000  2.6508538850662262e+000  2.6508538850662262e+000  2.6508538850662262e+000  2.6508538850662262e+000
  4.4996334396000748e+000  4.4996334396000748e+000  4.4996334396000748e+000  4.4996334396000748e+000  3.2356984124751307e+000  2.8120688280246213e+000  2.7190087164776742e+000  1.9137248687311512e+000  1.2782847710950591e+000  1.2739827172015339e+000  1.2723202603547179e+000  1.1121251161666805e+000  1.1011758366025788e+000  1.1011758366025788e+000
  4.0924983756437996e+000  4.0924983756437996e+000  4.0286756650004918e+000  3.7456824657735979e+000  3.7456824657735979e+000  3.6375824996262054e+000  3.3112872089179746e+000  2.8271384627832958e+000  2.8196421902646307e+000  2.8196421902646307e+000  2.8196421902646307e+000  2.8196421902646307e+000  2.8196421902646307e+000  2.8196421902646307e+000
  4.3231155204998686e+000  4.2051332196679141e+000  4.2051332196679141e+000  3.1135356858637806e+000  3.0789141958994151e+000  2.7893149458232074e+000  2.1243405885547872e+000  1.9494751694726347e+000  1.9494605792567654e+000  1.9494605604036224e+000  1.7208746621261071e+000  1.7116070279855649e+000  1.7040842444687314e+000  1.7040842444687314e+000
  3.4559417799707717e+000  3.1468079707283323e+000  3.1430398025229351e+000  3.1430398025229351e+000  1.3649205092831380e+000  9.8436474070672375e-001  7.9705050225607010e-001  7.7585743825852660e-001  5.9509716315164951e-001  5.7173497480061997e-001  5.7134722511273139e-001  5.6874893039594099e-001  5.6129451054516721e-001  5.6129451054516721e-001
  3.4613519523747982e+000  3.4613519523747982e+000  3.4613519523747982e+000  3.4613519523747982e+000  3.4613519523747982e+000  3.0153012557482270e+000  2.3919718286888383e+000  1.6910725938657833e+000  1.6040582181442460e+000  1.5830469396094031e+000  1.5826249263921000e+000  1.5780672917821903e+000  1.5767645860937591e+000  1.5767645860937591e+000
  5.7327076581905203e+000  4.4436080460689027e+000  3.3678045208125695e+000  3.3388451106495722e+000  3.3254710600149338e+000  3.2537535741296324e+000  3.2537535741296324e+000  3.2537535741296324e+000  2.9851668705857719e+000  2.9851668705857719e+000  2.9851668705857719e+000  2.4217190265267163e+000  2.4217190265267163e+000  2.4217190265267163e+000
  4.6262024623897560e+000  3.5440546003055715e+000  3.5440546003055715e+000  2.6111922183531533e+000  2.1293754376956713e+000  2.1293754376956713e+000  1.4114756732965361e+000  1.3483668764313279e+000  1.1441548964812682e+000  1.1359593405825308e+000  1.1356940158498219e+000  1.1356918852495710e+000  1.1356917646619422e+000  1.1356917646619422e+000
  4.5647593174624035e+000  4.5647593174624035e+000  4.5647593174624035e+000  2.8573590682804024e+000  2.1516881503084733e+000  1.8302369415794146e+000  1.8118607816857093e+000  1.8118263494450275e+000  1.8100161439308522e+000  1.8054471370228384e+000  1.8048159382763060e+000  1.8047815350539622e+000  1.8047286756711856e+000  1.8047286756711856e+000
  5.1456413811347375e+000  4.5798523789710543e+000  4.5798523789710543e+000  3.1917937441585309e+000  2.0221689057939329e+000  1.4668109445767641e+000  1.4636196667809145e+000  1.4636093591871031e+000  1.4635520287934014e+000  1.3437923573578701e+000  1.2965635915784333e+000  1.1902276472487756e+000  1.1851545227389124e+000  1.1851545227389124e+000
  4.4974619661770703e+000  4.4974619661770703e+000  4.3284125052819036e+000  4.1985336634934356e+000  3.3079897843340405e+000  1.5830935339565713e+000  1.2249086588199134e+000  1.1883276176467916e+000  7.7523959791687957e-001  7.5614848606687701e-001  6.2755670141882547e-001  6.1637445474889319e-001  6.1430453440698329e-001  6.1430453440698329e-001
  5.1212567759412195e+000  4.8505689580460967e+000  3.6094831679190520e+000  3.6094831679190520e+000  3.5116082372635447e+000  2.2333546126060355e+000  1.3524137781166701e+000  1.2378913919092156e+000  8.9090913149311746e-001  8.8665751233997980e-001  7.7759060688049431e-001  7.7698373387192987e-001  7.7696252566261137e-001  7.7696252566261137e-001
  4.7823109770631618e+000  4.4680089741063966e+000  4.4680089741063966e+000  4.4680089741063966e+000  4.0367071289467731e+000  2.7068487160281620e+000  2.4178976134985533e+000  2.4178976134985533e+000  2.4178976134985533e+000  2.4178976134985533e+000  2.4178976134985533e+000  2.4178976134985533e+000  2.4178976134985533e+000  2.4178976134985533e+000
  4.6459331447065324e+000  4.6459331447065324e+000  4.4819393901707372e+000  3.5138162145226488e+000  2.0944287682550566e+000  1.7021285548537435e+000  1.1804345578361790e+000  1.1721068910057966e+000  1.1720588888845214e+000  1.1718223794443929e+000  1.1718222320839686e+000  1.1718222034053269e+000  1.1666858572705223e+000  1.1666858572705223e+000
  5.0267383534305736e+000  4.6514525515169680e+000  4.6514525515169680e+000  4.2711371463115029e+000  2.6102266336865796e+000  9.3153141286757091e-001  7.9190633873554361e-001  7.1772190257183865e-001  7.1667355003478406e-001  6.3518366899006651e-001  6.3514365400283168e-001  4.9767982186131121e-001  4.9303301230293073e-001  4.9303301230293073e-001
  4.3087766874843965e+000  3.6189489831035644e+000  3.6189489831035644e+000  3.6189489831035644e+000  3.4271161912349726e+000  2.4840855802945043e+000  2.4834525299575034e+000  2.4822615048806256e+000  2.4822615038706317e+000  2.4822615038706317e+000  2.4822615038706317e+000  2.4822615038706317e+000  2.4822615038706317e+000  2.4822615038706317e+000
  4.7495802656962951e+000  4.6728619911991700e+000  3.7705499171427164e+000  3.6202201590206187e+000  3.6202201590206187e+000  2.6241641694041391e+000  1.9653832283618158e+000  1.9653832283618158e+000  1.9653832283618158e+000  1.9653832283618158e+000  1.9653832283618158e+000  1.9653832283618158e+000  1.9653832283618158e+000  1.9653832283618158e+000
  3.8127531218613058e+000  3.8127531218613058e+000  3.8127531218613058e+000  3.7004602316003457e+000  3.7004602316003457e+000  1.8748349619979763e+000  1.5669489571910162e+000  1.5669431947137582e+000  9.2991008902390604e-001  9.2464326018739484e-001  9.2461401437549284e-001  9.2461357867273364e-001  9.2461329810430470e-001  9.2461329810430470e-001
  3.6194373097275729e+000  3.6194373097275729e+000  3.5687883467312531e+000  3.5687883467310257e+000  3.5201287450558993e+000  3.4091537566180250e+000  2.8101457580908118e+000  2.8101457580908118e+000  2.8101457580905844e+000  2.2515187687761227e+000  2.2515040764628793e+000  1.7183037855511429e+000  1.5696063668506213e+000  1.5696063668506213e+000
