  9.1547707245672427e-001  8.0903509374797977e-001  8.0903509374797977e-001  7.8010932791107734e-001  7.4109948343470933e-001  7.4109948343470933e-001  7.4109948343470933e-001  7.4109948343470933e-001  7.4109948343470933e-001  7.4109948343470933e-001  7.4109948343470933e-001  7.4109948343470933e-001  7.4109948343470933e-001  7.4109948343470933e-001
  8.9790130677602065e-001  4.3379619025358807e-001  2.7062703501269425e-001  1.6245006166695930e-001  1.1087838585331156e-001  9.9499846018488824e-002  9.9499846018488824e-002  9.9499846018488824e-002  9.9499846018488824e-002  9.9499846018488824e-002  9.9499846018488824e-002  9.9499846018488824e-002  9.9499846018488824e-002  9.9499846018488824e-002
  7.9499308069785002e-001  5.1448101544133351e-001  4.4670649414092622e-001  3.8731130734572616e-001  3.3554411500335846e-001  3.3487668059365205e-001  3.3487668059365205e-001  3.3487668059365205e-001  3.3487668059365205e-001  3.3487668059365205e-001  3.3487668059365205e-001  3.3487668059365205e-001  3.3487668059365205e-001  3.3487668059365205e-001
  7.5950101500438905e-001  7.5950101500438905e-001  6.9720206501506254e-001  5.7159402149386551e-001  5.2748722240585266e-001  5.1480468505997123e-001  5.1480468505997123e-001  5.1480468505997123e-001  5.1480468505997123e-001  5.1480468505997123e-001  5.1480468505997123e-001  5.1480468505997123e-001  5.1480468505997123e-001  5.1480468505997123e-001
  1.0122601113585006e+000  6.9889425837300223e-001  5.8907352285837078e-001  3.8954914640930838e-001  3.8649535447575545e-001  3.8649535447575545e-001  3.8649535447575545e-001  3.8649535447575545e-001  3.8649535447575545e-001  3.8649535447575545e-001  3.8649535447575545e-001  3.8649535447575545e-001  3.8649535447575545e-001  3.8649535447575545e-001
  9.1132162018129748e-001  6.5575107611221028e-001  6.2773072283766851e-001  5.4793789275800009e-001  4.1719178283074143e-001  4.1719178283074143e-001  4.1719178283074143e-001  4.1719178283074143e-001  4.1719178283074143e-001  4.1719178283074143e-001  4.1719178283074143e-001  4.1719178283074143e-001  4.1719178283074143e-001  4.1719178283074143e-001
  1.1295651326151983e+000  1.1295651326151983e+000  1.1081460056745982e+000  1.0514221868409095e+000  9.4679327832659510e-001  9.4679327832659510e-001  9.4679327832659510e-001  9.4679327832659510e-001  9.4679327832659510e-001  9.4679327832659510e-001  9.4679327832659510e-001  9.4679327832659510e-001  9.4679327832659510e-001  9.4679327832659510e-001
  8.7430541056369293e-001  4.0049703995464370e-001  2.6895300538171796e-001  2.2043312285836691e-001  1.5380450060979456e-001  1.4731836434680190e-001  1.4720884476400897e-001  1.4720884476400897e-001  1.4720884476400897e-001  1.4720884476400897e-001  1.4720884476400897e-001  1.4720884476400897e-001  1.4720884476400897e-001  1.4720884476400897e-001
  5.6487621486439821e-001  2.8907882654743844e-001  2.8907882654743844e-001  2.2593936046860108e-001  2.2593936046860108e-001  2.2593936046860108e-001  2.2593936046860108e-001  2.2593936046860108e-001  2.2593936046860108e-001  2.2593936046860108e-001  2.2593936046860108e-001  2.2593936046860108e-001  2.2593936046860108e-001  2.2593936046860108e-001
  7.6551814562913023e-001  4.6900731272353369e-001  4.4844573265868348e-001  3.7820757537383543e-001  3.2419954277725083e-001  3.2363403065392049e-001  3.2363403065392049e-001  3.2363403065392049e-001  3.2363403065392049e-001  3.2363403065392049e-001  3.2363403065392049e-001  3.2363403065392049e-001  3.2363403065392049e-001  3.2363403065392049e-001
  9.9648885322085334e-001  4.2325771206537866e-001  3.3978808437223051e-001  1.8601038385509128e-001  1.3218241363324523e-001  1.2370138830920041e-001  1.2370138830920041e-001  1.2370138830920041e-001  1.2370138830920041e-001  1.2370138830920041e-001  1.2370138830920041e-001  1.2370138830920041e-001  1.2370138830920041e-001  1.2370138830920041e-001
  9.8810046711378163e-001  6.7966802672799531e-001  6.7966802672799531e-001  5.5123528787953546e-001  4.5935965815942836e-001  4.5935965815942836e-001  4.5935965815942836e-001  4.5935965815942836e-001  4.5935965815942836e-001  4.5935965815942836e-001  4.5935965815942836e-001  4.5935965815942836e-001  4.5935965815942836e-001  4.5935965815942836e-001
  5.1103881787616956e-001  5.1103881787616956e-001  4.7718391774719748e-001  4.1132762968663883e-001  3.7836132624738639e-001  3.6924242257987316e-001  3.6839600277494355e-001  3.6839600277494355e-001  3.6839600277494355e-001  3.6839600277494355e-001  3.6839600277494355e-001  3.6839600277494355e-001  3.6839600277494355e-001  3.6839600277494355e-001
  8.0508710567301023e-001  6.0666743925344235e-001  5.8286929873679583e-001  4.2846939912442394e-001  4.2715161496425935e-001  4.2715161496425935e-001  4.2715161496425935e-001  4.2715161496425935e-001  4.2715161496425935e-001  4.2715161496425935e-001  4.2715161496425935e-001  4.2715161496425935e-001  4.2715161496425935e-001  4.2715161496425935e-001
  1.0757120403832232e+000  4.8091596420613314e-001  3.3768973625319632e-001  2.9192450975460815e-001  2.3353363125602300e-001  2.3090457502939898e-001  2.3090457502939898e-001  2.3090457502939898e-001  2.3090457502939898e-001  2.3090457502939898e-001  2.3090457502939898e-001  2.3090457502939898e-001  2.3090457502939898e-001  2.3090457502939898e-001
  5.0809262158963975e-001  3.5577173443198262e-001  3.2311092960640053e-001  3.0727909493430161e-001  2.7310178316770362e-001  2.6912274937603797e-001  2.6912274937603797e-001  2.6912274937603797e-001  2.6912274937603797e-001  2.6912274937603797e-001  2.6912274937603797e-001  2.6912274937603797e-001  2.6912274937603797e-001  2.6912274937603797e-001
  5.8240886892804156e-001  4.0908701487001053e-001  3.3503121730177554e-001  3.1304571818668592e-001  2.1094184533035332e-001  1.9694324631450399e-001  1.9694324631450399e-001  1.9694324631450399e-001  1.9694324631450399e-001  1.9694324631450399e-001  1.9694324631450399e-001  1.9694324631450399e-001  1.9694324631450399e-001  1.9694324631450399e-001
  7.5017682623388282e-001  6.4468350883862513e-001  5.2830377003215290e-001  5.2830377003215290e-001  5.2830377003215290e-001  5.2830377003215290e-001  5.2830377003215290e-001  5.2830377003215290e-001  5.2830377003215290e-001  5.2830377003215290e-001  5.2830377003215290e-001  5.2830377003215290e-001  5.2830377003215290e-001  5.2830377003215290e-001
  1.0689372510582871e+000  1.0689372510582871e+000  7.7005490142846611e-001  7.0421106889853036e-001  7.0421106889853036e-001  6.8647156875204018e-001  6.8647156875204018e-001  6.8647156875204018e-001  6.8647156875204018e-001  6.8647156875204018e-001  6.8647156875204018e-001  6.8647156875204018e-001  6.8647156875204018e-001  6.8647156875204018e-001
  6.4032155643303668e-001  5.2591907039163743e-001  5.0975533215364521e-001  3.7882356773980064e-001  3.3976018611838299e-001  3.3617241785736951e-001  3.3617241785736951e-001  3.3617241785736951e-001  3.3617241785736951e-001  3.3617241785736951e-001  3.3617241785736951e-001  3.3617241785736951e-001  3.3617241785736951e-001  3.3617241785736951e-001
  6.9352354913939962e-001  3.6287652173200513e-001  3.0558364863099996e-001  2.8371978133395714e-001  2.6555847166650892e-001  2.4897981306662587e-001  2.4897981306662587e-001  2.4897981306662587e-001  2.4897981306662587e-001  2.4897981306662587e-001  2.4897981306662587e-001  2.4897981306662587e-001  2.4897981306662587e-001  2.4897981306662587e-001
  9.4356721196209037e-001  8.3349957370796801e-001  8.2181031440336483e-001  6.3235674087627558e-001  5.7228058774035162e-001  5.7228058774035162e-001  5.7228058774035162e-001  5.7228058774012425e-001  5.7228058774012425e-001  5.7228058774012425e-001  5.7228058774012425e-001  5.7228058774012425e-001  5.7228058774012425e-001  5.7228058774012425e-001
  5.4356712810931640e-001  4.3103708744160940e-001  2.7600891512292947e-001  2.0210117643341619e-001  1.6980869334861382e-001  1.6595412518972807e-001  1.6595412518972807e-001  1.6595412518972807e-001  1.6595412518972807e-001  1.6595412518972807e-001  1.6595412518972807e-001  1.6595412518972807e-001  1.6595412518972807e-001  1.6595412518972807e-001
  7.2520790104681510e-001  5.6247252525804470e-001  3.0830952170094861e-001  3.0830952170094861e-001  2.7783215351269064e-001  2.3348244223097936e-001  2.3348244223097936e-001  2.3348244223097936e-001  2.3348244223097936e-001  2.3348244223097936e-001  2.3348244223097936e-001  2.3348244223097936e-001  2.3348244223097936e-001  2.3348244223097936e-001
  5.1745195703028912e-001  5.0321675041641356e-001  3.8449359908418046e-001  3.2616541470974880e-001  3.0601289617425209e-001  2.9656599754434865e-001  2.9656599754434865e-001  2.9656599754434865e-001  2.9656599754434865e-001  2.9656599754434865e-001  2.9656599754434865e-001  2.9656599754434865e-001  2.9656599754434865e-001  2.9656599754434865e-001
  5.8869487783772456e-001  4.2744435949134640e-001  3.4797812044803322e-001  3.1932877545818883e-001  3.0126638579986320e-001  2.8860160329440987e-001  2.8860160329440987e-001  2.8860160329440987e-001  2.8860160329440987e-001  2.8860160329440987e-001  2.8860160329440987e-001  2.8860160329440987e-001  2.8860160329440987e-001  2.8860160329440987e-001
  9.4845697648247551e-001  3.8052028557149242e-001  2.6077615241774765e-001  2.5763976716461912e-001  2.2084948350402556e-001  2.1624346002749917e-001  2.1624346002749917e-001  2.1624346002749917e-001  2.1624346002749917e-001  2.1624346002749917e-001  2.1624346002749917e-001  2.1624346002749917e-001  2.1624346002749917e-001  2.1624346002749917e-001
  1.1179276359248433e+000  7.6878984527274952e-001  6.1687564999192546e-001  6.0867026957407688e-001  5.6342521363922060e-001  5.5202711668857773e-001  5.5202711668857773e-001  5.5202711668857773e-001  5.5202711668857773e-001  5.5202711668857773e-001  5.5202711668857773e-001  5.5202711668857773e-001  5.5202711668857773e-001  5.5202711668857773e-001
  6.3721000158852803e-001  4.9147458652441856e-001  3.6844760305007185e-001  3.4486112671925184e-001  3.1118489102937019e-001  3.1024570599106482e-001  3.1024570599106482e-001  3.1024570599106482e-001  3.1024570599106482e-001  3.1024570599106482e-001  3.1024570599106482e-001  3.1024570599106482e-001  3.1024570599106482e-001  3.1024570599106482e-001
  1.3053371195899217e+000  8.6588087099380573e-001  6.6903091109406887e-001  3.8122197193069951e-001  3.4699496308394373e-001  3.4699496308394373e-001  3.4699496308394373e-001  3.4699496308394373e-001  3.4699496308394373e-001  3.4699496308394373e-001  3.4699496308394373e-001  3.4699496308394373e-001  3.4699496308394373e-001  3.4699496308394373e-001
  1.0653605571060325e+000  8.1699867908173474e-001  7.3598107582870398e-001  5.9430610860181332e-001  5.6988260702701155e-001  5.6988260702701155e-001  5.6988260702701155e-001  5.6988260702701155e-001  5.6988260702701155e-001  5.6988260702701155e-001  5.6988260702701155e-001  5.6988260702701155e-001  5.6988260702701155e-001  5.6988260702701155e-001
  7.1671708979829418e-001  5.5408904400496795e-001  4.9206846002857674e-001  4.3618383178954900e-001  4.2456033473581556e-001  4.1401008368075054e-001  4.1401008368075054e-001  4.1401008368075054e-001  4.1401008368075054e-001  4.1401008368075054e-001  4.1401008368075054e-001  4.1401008368075054e-001  4.1401008368075054e-001  4.1401008368075054e-001
  5.7695469055306603e-001  4.9540651618985976e-001  3.8247061864444731e-001  3.4072075316908013e-001  3.1326941569295741e-001  3.0418238720426416e-001  3.0418238720426416e-001  3.0418238720426416e-001  3.0418238720426416e-001  3.0418238720426416e-001  3.0418238720426416e-001  3.0418238720426416e-001  3.0418238720426416e-001  3.0418238720426416e-001
  7.8125250596417573e-001  4.6348715143199115e-001  3.3120224451977265e-001  2.6159290312239136e-001  1.7107739462039717e-001  1.5749769510830447e-001  1.5749769510830447e-001  1.5749769510830447e-001  1.5749769510830447e-001  1.5749769510830447e-001  1.5749769510830447e-001  1.5749769510830447e-001  1.5749769510830447e-001  1.5749769510830447e-001
  9.5676016029574384e-001  9.5429210084125771e-001  4.3049317864847580e-001  4.3049317864847580e-001  3.0881121466586592e-001  3.0224621737352209e-001  3.0224621737352209e-001  3.0224621737352209e-001  3.0224621737352209e-001  3.0224621737352209e-001  3.0224621737352209e-001  3.0224621737352209e-001  3.0224621737352209e-001  3.0224621737352209e-001
  6.6877593957110548e-001  5.3430979838958592e-001  2.1075934542409414e-001  1.9526489897634747e-001  1.9526489897634747e-001  1.9526489897634747e-001  1.9526489897634747e-001  1.9526489897634747e-001  1.9526489897634747e-001  1.9526489897634747e-001  1.9526489897634747e-001  1.9526489897634747e-001  1.9526489897634747e-001  1.9526489897634747e-001
  8.7606228458230362e-001  6.2365664027970524e-001  6.2365664027970524e-001  5.6814394934940537e-001  5.1974127988660257e-001  5.1632261035319971e-001  5.1632261035319971e-001  5.1632261035319971e-001  5.1632261035319971e-001  5.1632261035319971e-001  5.1632261035319971e-001  5.1632261035319971e-001  5.1632261035319971e-001  5.1632261035319971e-001
  5.4200467744840353e-001  3.9697276358992895e-001  3.6178231029248309e-001  2.7275004862667629e-001  2.3318839712783301e-001  2.2336682099239624e-001  2.2336682099239624e-001  2.2336682099239624e-001  2.2336682099239624e-001  2.2336682099239624e-001  2.2336682099239624e-001  2.2336682099239624e-001  2.2336682099239624e-001  2.2336682099239624e-001
  7.4847837886704838e-001  4.0033604217592256e-001  3.3549309456884657e-001  2.5445000041668209e-001  2.2668211749441980e-001  2.0869551220516769e-001  2.0869551220516769e-001  2.0869551220516769e-001  2.0869551220516769e-001  2.0869551220516769e-001  2.0869551220516769e-001  2.0869551220516769e-001  2.0869551220516769e-001  2.0869551220516769e-001
  8.0394400931277232e-001  4.9606660182848827e-001  4.9606660182848827e-001  3.0289229270329088e-001  2.3966355980110166e-001  2.3457852114506750e-001  2.3457852114506750e-001  2.3457852114506750e-001  2.3457852114506750e-001  2.3457852114506750e-001  2.3457852114506750e-001  2.3457852114506750e-001  2.3457852114506750e-001  2.3457852114506750e-001
  7.0847609809425194e-001  5.4384001971402540e-001  4.7818103040367532e-001  4.6075575104191557e-001  3.9038918945084333e-001  3.9038918945084333e-001  3.9038918945084333e-001  3.9038918945084333e-001  3.9038918945084333e-001  3.9038918945084333e-001  3.9038918945084333e-001  3.9038918945084333e-001  3.9038918945084333e-001  3.9038918945084333e-001
  3.9494998091890920e-001  3.1789946756111931e-001  2.6536807958746067e-001  2.4831180222531657e-001  2.1720413628281676e-001  2.1634106388410146e-001  2.1634106388410146e-001  2.1634106388410146e-001  2.1634106388410146e-001  2.1634106388410146e-001  2.1634106388410146e-001  2.1634106388410146e-001  2.1634106388410146e-001  2.1634106388410146e-001
  1.1707597111571886e+000  5.7934810028814354e-001  5.6578095122722516e-001  4.9213794408274225e-001  4.7450937777671243e-001  4.7450937777671243e-001  4.7450937777671243e-001  4.7450937777671243e-001  4.7450937777671243e-001  4.7450937777671243e-001  4.7450937777671243e-001  4.7450937777671243e-001  4.7450937777671243e-001  4.7450937777671243e-001
  5.9579263819045991e-001  4.7469055889655465e-001  4.1702535097988402e-001  2.9614343431148882e-001  2.5098491114476928e-001  2.4568977857916252e-001  2.4568977857916252e-001  2.4568977857916252e-001  2.4568977857916252e-001  2.4568977857916252e-001  2.4568977857916252e-001  2.4568977857916252e-001  2.4568977857916252e-001  2.4568977857916252e-001
  5.2645137055424129e-001  5.0811190629156044e-001  3.5901564720575152e-001  3.0821725861255800e-001  2.7484889771290000e-001  2.5961651084753612e-001  2.5961651084753612e-001  2.5961651084753612e-001  2.5961651084753612e-001  2.5961651084753612e-001  2.5961651084753612e-001  2.5961651084753612e-001  2.5961651084753612e-001  2.5961651084753612e-001
  1.0112988962248437e+000  6.4193571916780456e-001  6.1822139524042541e-001  5.3298984008415573e-001  4.9857106026729525e-001  4.9857106026729525e-001  4.9857106026729525e-001  4.9857106026729525e-001  4.9857106026729525e-001  4.9857106026729525e-001  4.9857106026729525e-001  4.9857106026729525e-001  4.9857106026729525e-001  4.9857106026729525e-001
  1.1339793150650621e+000  7.3759815857056310e-001  5.1995927281109289e-001  5.1995927281109289e-001  4.7991498756755391e-001  4.7991498756755391e-001  4.7991498756755391e-001  4.7991498756755391e-001  4.7991498756755391e-001  4.7991498756755391e-001  4.7991498756755391e-001  4.7991498756755391e-001  4.7991498756755391e-001  4.7991498756755391e-001
  9.7139861629443658e-001  6.5582130821348983e-001  5.9114175504168998e-001  5.0352632076169357e-001  4.4171883330795936e-001  4.4171883330795936e-001  4.4171883330795936e-001  4.4171883330795936e-001  4.4171883330795936e-001  4.4171883330795936e-001  4.4171883330795936e-001  4.4171883330795936e-001  4.4171883330795936e-001  4.4171883330795936e-001
  1.0905560974692889e+000  5.6991877966243010e-001  5.6991877966243010e-001  4.1395849100604210e-001  3.9417926812484438e-001  3.9417926812484438e-001  3.9417926812484438e-001  3.9417926812484438e-001  3.9417926812484438e-001  3.9417926812484438e-001  3.9417926812484438e-001  3.9417926812484438e-001  3.9417926812484438e-001  3.9417926812484438e-001
  7.7259255142712391e-001  5.1656146607751907e-001  4.4341801467294317e-001  3.6107004168889034e-001  3.6107004168889034e-001  3.6107004168889034e-001  3.6107004168889034e-001  3.6107004168889034e-001  3.6107004168889034e-001  3.6107004168889034e-001  3.6107004168889034e-001  3.6107004168889034e-001  3.6107004168889034e-001  3.6107004168889034e-001
  6.7992652519001240e-001  4.5545463185203516e-001  3.1748612565638723e-001  3.0914899004619656e-001  2.5487565084836206e-001  2.5102803761888026e-001  2.5102803761888026e-001  2.5102803761888026e-001  2.5102803761888026e-001  2.5102803761888026e-001  2.5102803761888026e-001  2.5102803761888026e-001  2.5102803761888026e-001  2.5102803761888026e-001
