  1.9104164961895549e+000  1.9104164961895549e+000  1.9104164961895549e+000  1.2097997539533480e+000  7.3197586931632941e-001  7.3149188147272071e-001  7.3149127119586410e-001  7.3140058478429637e-001  7.3139952856990931e-001  7.2904638177510606e-001  6.9776558080070572e-001  6.9772686166015774e-001  6.9772633164188846e-001  6.9772633164188846e-001
  2.8495703090118241e+000  1.3078868493353184e+000  1.3075261398055318e+000  1.3035377844985305e+000  1.3035148758533524e+000  1.3035148758165178e+000  1.3035148758165178e+000  1.3035148758165178e+000  1.3035148758165178e+000  1.3035148758165178e+000  1.2847340459993575e+000  1.0987675298626982e+000  9.7479006805883728e-001  9.7479006805883728e-001
  3.6620835681746939e+000  1.9559235989884201e+000  1.9559235989884201e+000  1.6077247002767763e+000  1.5887401416821376e+000  1.3756658943411821e+000  9.9983037686934040e-001  9.9983037686934040e-001  9.9983037686934040e-001  9.9983037686934040e-001  9.9983037686934040e-001  9.9983037686934040e-001  9.9983037686934040e-001  9.9983037686934040e-001
  2.4097243597848319e+000  2.4097243597848319e+000  1.7403659236626936e+000  1.4075502339378545e+000  8.6957509984472381e-001  6.1412085119422954e-001  6.1252280414259985e-001  6.1252275690480928e-001  6.1252275683273183e-001  6.1252275683273183e-001  6.1252275683273183e-001  6.1252275683273183e-001  6.1252275683273183e-001  6.1252275683273183e-001
  1.7987432768800318e+000  1.7987432768800318e+000  1.7987432768800318e+000  1.7987432768800318e+000  1.4822574985507799e+000  1.4822574985507799e+000  1.0869555801548358e+000  1.0399611613477191e+000  1.0399611613477191e+000  1.0399611613477191e+000  1.0399611613477191e+000  1.0399611613477191e+000  1.0399611613477191e+000  1.0399611613477191e+000
  2.1017604901987852e+000  1.2357309261651608e+000  1.2350415096279903e+000  1.2350415096279903e+000  1.2350415096279903e+000  1.2350415096279903e+000  1.2350415096279903e+000  1.2350415096279903e+000  1.2350415096279903e+000  1.2350415096279903e+000  1.2350415096279903e+000  1.2350415096279903e+000  1.2350415096279903e+000  1.2350415096279903e+000
  2.6915062644650334e+000  1.6096538394344861e+000  1.6096538394344861e+000  1.6096538394344861e+000  1.4952999920608363e+000  1.4952999920608363e+000  1.4952999920608363e+000  1.4952999920608363e+000  1.4952999920608363e+000  1.0132584840000618e+000  1.0132584840000618e+000  1.0132584840000618e+000  1.0132584840000618e+000  1.0132584840000618e+000
  2.5417116460610032e+000  2.0058052447079717e+000  1.9772481014399546e+000  1.7090880694859152e+000  5.3618662729945754e-001  4.3456787606055514e-001  4.3454926420213269e-001  4.3454889130748597e-001  4.3454889128088325e-001  4.3454889128088325e-001  4.3454889128088325e-001  4.3454889128088325e-001  4.3454889128088325e-001  4.3454889128088325e-001
  2.2371463270596905e+000  2.2371463270596905e+000  1.4646177427116527e+000  5.8535976700613901e-001  5.4493371947751257e-001  5.4491037515708740e-001  5.4491035031765023e-001  5.4491034893499091e-001  5.4491034893385404e-001  5.4491034893385404e-001  5.4491034893385404e-001  5.4491034893385404e-001  5.4491034893385404e-001  5.4491034893385404e-001
  2.5330482980721172e+000  2.5330482980721172e+000  2.4517026591593094e+000  2.4517026591593094e+000  1.8779638945791248e+000  1.6213738643064062e+000  1.6213738643061788e+000  1.5469785057052832e+000  1.3536798295479002e+000  1.1793569117701281e+000  1.1793569117701281e+000  1.1793569117701281e+000  1.1793569117701281e+000  1.1793569117701281e+000
  2.2027537731810298e+000  2.2027537731810298e+000  1.2551033413210462e+000  7.7082973216397477e-001  7.0507521457102484e-001  2.1810240054310270e-001  2.1808382063659337e-001  2.1808362779961499e-001  2.1808361459102343e-001  2.1808361448552205e-001  2.1808361448552205e-001  2.1808361448552205e-001  2.1808361448552205e-001  2.1808361448552205e-001
  1.7446359006289640e+000  1.7446359006289640e+000  1.3173806381491886e+000  1.1412035298926639e+000  7.0145819262575060e-001  3.2455202208984701e-001  3.2403378019239426e-001  3.2403165460209493e-001  3.2403165391701805e-001  3.2403165338564577e-001  3.2403165338541839e-001  3.2403165338541839e-001  3.2403165338541839e-001  3.2403165338541839e-001
  3.2735366200543012e+000  2.9953760183689155e+000  1.6059321904076569e+000  1.0880320941046193e+000  1.0880320941046193e+000  5.5003868621110996e-001  5.4365079349986445e-001  5.4364105392437523e-001  5.4363207005167169e-001  5.4363204003402643e-001  5.4363204003379906e-001  5.4363204003379906e-001  5.4363204003379906e-001  5.4363204003379906e-001
  2.0372839310134623e+000  2.0372839310134623e+000  1.0724187813932531e+000  1.0724187813932531e+000  9.6836045796089820e-001  9.6836045796089820e-001  7.4391196742021748e-001  7.4381677240762656e-001  7.4381677240762656e-001  7.4381677240762656e-001  7.4381677240762656e-001  7.4381677240762656e-001  7.4381677240762656e-001  7.4381677240762656e-001
  3.1365103630323574e+000  1.1517002045047775e+000  1.1517002045047775e+000  1.0455529878668131e+000  5.3464566041111539e-001  5.2744696356353415e-001  5.2466584652847814e-001  5.2466584630042234e-001  5.2466463238488359e-001  5.2466458707021957e-001  5.2462271636454716e-001  5.2462263839902334e-001  5.2462263508164142e-001  5.2462263508164142e-001
  2.7574997001549946e+000  2.6760772445022667e+000  2.1893027165897365e+000  1.5907549893267969e+000  1.4266061777257164e+000  1.4266061777257164e+000  8.6296401784761656e-001  8.6296401784761656e-001  8.6296401784761656e-001  7.5028474168675530e-001  7.5028474168675530e-001  7.5028474168675530e-001  7.5028474168675530e-001  7.5028474168675530e-001
  2.2224421774442362e+000  2.2055306291160832e+000  1.8202743097385792e+000  9.8412862086547648e-001  9.8412862086547648e-001  4.5814223859497361e-001  4.5814223859497361e-001  4.5814223859497361e-001  4.5814223859497361e-001  4.5814223859497361e-001  4.5814223859497361e-001  4.5814223859497361e-001  4.5814223859497361e-001  4.5814223859497361e-001
  1.8216291598739645e+000  1.4575799299343544e+000  1.4575799299343544e+000  1.4575799299343544e+000  1.4575799299343544e+000  7.6579948086691729e-001  7.2179286488153593e-001  7.2179286488153593e-001  3.9476069637225919e-001  3.9475930764433542e-001  3.9475930764433542e-001  3.9475930764433542e-001  3.9475930764433542e-001  3.9475930764433542e-001
  3.0878336446032790e+000  2.6003721072941062e+000  1.8008265261539691e+000  1.1455483748520692e+000  1.1455483748520692e+000  1.1455483748520692e+000  6.7107784308950613e-001  6.7107252205209988e-001  6.7107252183200217e-001  5.4071788651003772e-001  2.0013498506455107e-001  1.9925907060132886e-001  1.9925352933751128e-001  1.9925352933751128e-001
  1.8736542365056721e+000  1.8736542365056721e+000  1.8736542365056721e+000  1.3495289407017026e+000  6.9628996541632660e-001  4.6081919430866947e-001  4.6079900415497832e-001  4.6079633768908934e-001  4.6079615935695983e-001  4.6078684234953471e-001  4.5816013875332828e-001  4.5815596699480921e-001  4.5815589059634476e-001  4.5815589059634476e-001
  3.1102034525022191e+000  3.0712856508100685e+000  2.6690512019533799e+000  1.4499977169843987e+000  8.6610625874527614e-001  6.9073788630112176e-001  6.9071876246539432e-001  6.5286023942712745e-001  6.5216904906014861e-001  6.5212310289280140e-001  6.5212262313389147e-001  6.5212262313366409e-001  6.5212262313366409e-001  6.5212262313366409e-001
  1.8777319730425006e+000  8.1841343485621110e-001  7.3641300091821904e-001  7.3541363436766005e-001  7.3541363436766005e-001  7.3541363436766005e-001  7.3541363436766005e-001  7.3541363436766005e-001  7.3541363436766005e-001  7.3541363436766005e-001  7.3541363436766005e-001  7.3541363436766005e-001  7.3541363436766005e-001  7.3541363436766005e-001
  1.2788943172492964e+000  1.2788943172492964e+000  1.0944515990795480e+000  1.0944515990795480e+000  1.0944515990795480e+000  8.8460318455167908e-001  8.8460318455167908e-001  8.8460318455167908e-001  8.8460318455167908e-001  8.8460318455167908e-001  8.8460318455167908e-001  8.8460318455167908e-001  8.8460318455167908e-001  8.8460318455167908e-001
  2.0752960799491120e+000  2.0752960799491120e+000  2.0752960799491120e+000  2.0752960799491120e+000  1.5806410685918308e+000  1.3679182686971672e+000  1.3679182686971672e+000  1.3679182686971672e+000  1.3679182686971672e+000  1.3679182686971672e+000  1.3679182686971672e+000  1.3679182686971672e+000  1.3679182686971672e+000  1.3679182686971672e+000
  1.4591388433555039e+000  1.4591388433555039e+000  1.0805924944688741e+000  9.3003231330590097e-001  8.3399123052413415e-001  8.3396913297838182e-001  8.3396913297838182e-001  8.3396913297838182e-001  8.3396913297838182e-001  8.3396913297838182e-001  2.3172068327767192e-001  2.3155614571146543e-001  1.9977599969411131e-001  1.9977599969411131e-001
  3.6705951439516866e+000  1.7271863983573894e+000  1.5274085204091534e+000  8.8946214009160940e-001  6.7352918558481178e-001  2.6732538990495414e-001  2.6732538990495414e-001  2.6732538990495414e-001  2.6732538990495414e-001  2.6732538990495414e-001  2.6732538990495414e-001  2.6732538990495414e-001  2.6732538990495414e-001  2.6732538990495414e-001
  2.5216379511732612e+000  2.2030133857138026e+000  2.2030133857138026e+000  1.8408597122427182e+000  1.5952161270622582e+000  1.5952161270622582e+000  1.5430995152642026e+000  1.5430995152642026e+000  1.5430995152642026e+000  1.5377981903500313e+000  1.4406080719868442e+000  1.4406080719868442e+000  1.4376738526891586e+000  1.4376738526891586e+000
  2.2488943563635075e+000  1.6928468431367492e+000  1.6928468431367492e+000  1.6928468431367492e+000  1.1635893427016981e+000  8.3524592448043222e-001  8.3524592448043222e-001  8.3524592448043222e-001  8.3524592448043222e-001  8.3524592448043222e-001  8.3524592448043222e-001  8.3524592448043222e-001  8.3524592448043222e-001  8.3524592448043222e-001
  1.8475696706841518e+000  1.3301000464080062e+000  1.2991513234396734e+000  1.2991441339966059e+000  1.2991439563870699e+000  1.2991439563870699e+000  1.2991439563870699e+000  1.2991439563870699e+000  1.2991439563870699e+000  1.2991439563870699e+000  1.2796069787043507e+000  1.0757646691024547e+000  1.0757646691024547e+000  1.0757646691024547e+000
  2.4214165887758554e+000  2.1384976913207083e+000  1.7851907682163528e+000  1.6730069667546559e+000  1.0552012318478319e+000  7.7323093892869110e-001  7.7314646229046957e-001  7.7314636856453944e-001  7.7314636569758477e-001  7.7314636470919140e-001  7.7314636470919140e-001  7.7314636470919140e-001  7.7314636470919140e-001  7.7314636470919140e-001
  1.9634091284756323e+000  1.6239596491900556e+000  1.6239596491900556e+000  1.3267818378692482e+000  1.3267818378692482e+000  1.2085951012493297e+000  1.2085951012493297e+000  1.2085951012493297e+000  1.1296415490101026e+000  1.1296415490101026e+000  1.1296415490101026e+000  1.1296415490101026e+000  1.1296415490101026e+000  1.1296415490101026e+000
  2.8795419753523674e+000  2.1610577849903621e+000  1.5089699521593047e+000  1.4981860099626374e+000  1.4981407174830110e+000  1.4981407174714150e+000  1.4981407174714150e+000  1.4981407174714150e+000  1.4981407174714150e+000  1.4981407174714150e+000  1.4521299010200437e+000  1.4521299010200437e+000  1.4521299010200437e+000  1.4521299010200437e+000
  3.3358208604722677e+000  1.6345880132648745e+000  1.3318229418271130e+000  9.7840723282229192e-001  9.1186435345980499e-001  9.1180299823713540e-001  9.1178641409510419e-001  9.1178641409510419e-001  9.1178641409510419e-001  9.1178641409510419e-001  9.1178641409510419e-001  9.1178641409510419e-001  9.1178641409510419e-001  9.1178641409510419e-001
  2.2411527652154746e+000  2.0721169934474801e+000  1.4120714383504946e+000  1.1242763682405439e+000  1.1242763682405439e+000  1.1242763682405439e+000  7.6610329303503022e-001  7.6413194564656806e-001  7.3283517773143103e-001  5.8549903556627214e-001  5.8549903354128219e-001  5.8549903354128219e-001  5.8549903354128219e-001  5.8549903354128219e-001
  3.0629789224788055e+000  2.1238681668542085e+000  2.1238681668542085e+000  1.8649571829330398e+000  1.0792975563672371e+000  1.0792975563672371e+000  1.0792975563672371e+000  1.0792975563672371e+000  1.0792975563672371e+000  1.0792975563672371e+000  1.0792975563672371e+000  1.0792975563672371e+000  1.0792975563672371e+000  1.0792975563672371e+000
  8.0404060060936899e-001  5.0775029179339981e-001  4.2361084520530312e-001  4.1544369914959134e-001  4.1542069289471328e-001  4.1542069289471328e-001  4.1542069289471328e-001  4.1542069289471328e-001  4.1542069289471328e-001  4.1542069289471328e-001  4.1542069289471328e-001  4.1542069289471328e-001  4.1542069289471328e-001  4.1542069289471328e-001
  2.4899018717680974e+000  1.9300426444319783e+000  1.9300426444317509e+000  7.3103197657042074e-001  7.3103197657042074e-001  7.3103197657042074e-001  7.3103197657042074e-001  7.3103197657042074e-001  5.7612776656719689e-001  5.7612776500900509e-001  5.7612776500900509e-001  5.7612776500900509e-001  5.7612776500900509e-001  5.7612776500900509e-001
  2.2932568063597500e+000  2.2932568063597500e+000  1.3494757075766302e+000  1.3494757075766302e+000  1.0715573921461328e+000  1.0715573921461328e+000  1.0715573921461328e+000  1.0715573921461328e+000  1.0715573921461328e+000  1.0715573921461328e+000  1.0715573921461328e+000  1.0715573921461328e+000  1.0715573921461328e+000  1.0715573921461328e+000
  1.8816310940230778e+000  1.8631115679988852e+000  1.6841653369704090e+000  1.3370960196216402e+000  8.4079163051092110e-001  5.9881107880528361e-001  5.9881107880528361e-001  3.5094852709426050e-001  3.5094841681006983e-001  3.5094841681006983e-001  3.5094841681006983e-001  3.5094841681006983e-001  3.5094841681006983e-001  3.5094841681006983e-001
  3.5583557089667011e+000  2.9289942498126038e+000  1.8477716449360742e+000  1.5811437431975719e+000  1.3425242714067736e+000  1.2810538890923908e+000  1.1669410996012175e+000  1.1669410996012175e+000  1.1669410996012175e+000  1.1669410996012175e+000  1.1669410996012175e+000  1.1669410996012175e+000  1.1669410996012175e+000  1.1669410996012175e+000
  1.9421182698119992e+000  1.8039281162809857e+000  1.8039281162809857e+000  1.8039281162809857e+000  1.2316563805238729e+000  1.2185974912210895e+000  1.2185974912210895e+000  1.2185974912210895e+000  1.1576864864948675e+000  1.1576864864948675e+000  1.1576864864948675e+000  4.9334217623686527e-001  4.9334217623686527e-001  4.9334217623686527e-001
  2.7116930547010725e+000  2.0870184103916927e+000  1.5409121983732348e+000  1.2700297699043404e+000  1.1638711418320327e+000  1.1638711418320327e+000  1.1638711418320327e+000  1.1638711418320327e+000  1.1638711418320327e+000  1.1638711418320327e+000  1.1638711418320327e+000  1.1638711418320327e+000  1.1638711418320327e+000  1.1638711418320327e+000
  2.4846777715345070e+000  1.9006678028599708e+000  1.9006678028599708e+000  1.9006678028599708e+000  1.9006678028599708e+000  1.4841961391687164e+000  1.4841961391687164e+000  1.4841961391687164e+000  1.4758412450128162e+000  1.4758412450128162e+000  1.3139339501055929e+000  1.3139339501055929e+000  1.2215046923897717e+000  1.2215046923897717e+000
  2.8664255170399429e+000  2.8664255170399429e+000  2.8349096720594389e+000  1.4149430305667465e+000  4.6348964298590545e-001  4.6311754269049743e-001  4.6311754269049743e-001  4.6311754269049743e-001  4.6311754269049743e-001  4.6311754269049743e-001  4.6311754269049743e-001  4.6311754269049743e-001  4.6311754269049743e-001  4.6311754269049743e-001
  1.8220732933084491e+000  1.8220732933084491e+000  1.8220732933084491e+000  1.1458544568831712e+000  9.2923236242745588e-001  9.2565380091241423e-001  9.2565358446154278e-001  9.2565358446154278e-001  9.2565358446154278e-001  4.4262422096016962e-001  4.4262422096016962e-001  4.4262422096016962e-001  4.4262422096016962e-001  4.4262422096016962e-001
  3.3085718497627568e+000  2.9777489641940065e+000  1.9525219632503195e+000  1.5082252672591494e+000  1.5082252672591494e+000  1.5082252672591494e+000  1.5082252672591494e+000  1.5082252672591494e+000  1.5082252672591494e+000  1.4828897920726831e+000  1.4828897920726831e+000  1.3714068303258955e+000  1.3714068303258955e+000  1.3714068303258955e+000
  2.9231834157219510e+000  1.8622398636059643e+000  1.7816860459197414e+000  1.7816860459197414e+000  1.7816860459197414e+000  1.5064901256453140e+000  1.5064901256453140e+000  1.5064901256453140e+000  1.3494075040146072e+000  1.3494075040146072e+000  1.3494075040146072e+000  1.3494075040146072e+000  1.3494075040146072e+000  1.3494075040146072e+000
  1.6602792147150467e+000  8.7574162962710034e-001  8.7574162962710034e-001  3.4445559184314334e-001  3.0372458534066027e-001  2.3005803772025502e-001  2.2350021873876358e-001  2.2349410277888637e-001  2.2348330402041938e-001  2.2348173260388648e-001  2.2347621854783029e-001  2.2347443998796734e-001  2.2347440834187182e-001  2.2347440834187182e-001
  2.1999005017787567e+000  2.1999005017787567e+000  1.5023801516690583e+000  9.6780829397835078e-001  9.6780829397835078e-001  7.5048307153247151e-001  7.5048177211533584e-001  5.4080242285567692e-001  5.3435914690112440e-001  5.3435913708153748e-001  5.3435913681983038e-001  5.3435913681983038e-001  5.3435913681983038e-001  5.3435913681983038e-001
  1.2357292861995575e+000  1.2357292861995575e+000  1.2326710816819286e+000  1.1800406886245582e+000  1.1800406886245582e+000  1.1800406886245582e+000  1.1800406886245582e+000  1.1800406886245582e+000  1.1800406886245582e+000  1.1800406886245582e+000  1.1800406886245582e+000  1.1800406886245582e+000  1.1800406886245582e+000  1.1800406886245582e+000
  2.4839801106913910e+000  2.3729256821254694e+000  2.2229266799931793e+000  1.5164821150683565e+000  1.1207474407046902e+000  7.3510300502039172e-001  6.7222081023282954e-001  6.6785142929893482e-001  6.6785142929893482e-001  6.6785142929893482e-001  6.6785142929893482e-001  6.6785142929893482e-001  6.6785142929893482e-001  6.6785142929893482e-001
