  4.2738536008614665e+002  3.7189489031159383e+002  3.5025813789613176e+002  3.2436426295748743e+002  3.1077349031772928e+002  3.1050008819407321e+002  3.0509618668098028e+002  3.0494980898982703e+002  3.0484956763099080e+002  3.0484809009813944e+002  3.0484804698380367e+002  3.0484804177126762e+002  3.0484804175367390e+002  3.0484804175367390e+002
  4.9751990122522830e+002  3.7227504826166660e+002  3.3416760105250023e+002  3.1517924461269558e+002  3.0070713266201847e+002  2.9652271701295012e+002  2.9642083821890083e+002  2.9202608240444806e+002  2.9198520871487290e+002  2.9198144550127063e+002  2.9198059088210312e+002  2.9198058937234555e+002  2.9198058934773871e+002  2.9198058934773871e+002
  4.4308702845840435e+002  3.5846751982309115e+002  3.2651283830107150e+002  3.0728749817960988e+002  3.0277327514443141e+002  2.9999543440013349e+002  2.9819461696976896e+002  2.9799398847719704e+002  2.9799294189933380e+002  2.9799293695080041e+002  2.9799293688087573e+002  2.9799293688025864e+002  2.9799293687954923e+002  2.9799293687954923e+002
  4.6486833065366227e+002  3.8768648713794710e+002  3.5137564480663877e+002  3.2874551809420791e+002  3.1472792872005539e+002  2.9503102761561331e+002  2.8977383641866709e+002  2.8974972953495489e+002  2.8974682679868511e+002  2.8974680521105347e+002  2.8974680323152188e+002  2.8974680321956203e+002  2.8974680321827827e+002  2.8974680321827827e+002
  4.7806973987390256e+002  3.7727455929132611e+002  3.4796263482952827e+002  3.3134790298727557e+002  3.1911120514191498e+002  3.0829298130298685e+002  3.0771431022439765e+002  3.0771005886494231e+002  3.0770988535296783e+002  3.0770988440062411e+002  3.0770988431115165e+002  3.0770988431089609e+002  3.0770988431089154e+002  3.0770988431089154e+002
  4.8575191669113337e+002  3.5707897591635401e+002  3.3501502206921714e+002  3.1888642980862824e+002  3.0902704213796687e+002  3.0597393370211694e+002  3.0589707673763860e+002  3.0589202544308682e+002  3.0589191804574921e+002  3.0589185843519226e+002  3.0589185770062204e+002  3.0589185768226253e+002  3.0589185768222706e+002  3.0589185768222706e+002
  4.7716127255165793e+002  3.8113175019984828e+002  3.4368331936730328e+002  3.2806628531040678e+002  3.1607416047020615e+002  3.1367076480497008e+002  3.1161941028847150e+002  3.0225877415727382e+002  3.0195052686231975e+002  3.0194535683710728e+002  3.0194529128748354e+002  3.0194515225394207e+002  3.0194515191666915e+002  3.0194515191666915e+002
  4.9715460915316817e+002  3.8241893622381895e+002  3.4122872709923786e+002  3.1865076039074665e+002  3.1062723547286032e+002  3.0945918614003540e+002  3.0938305500497381e+002  3.0938205631206574e+002  3.0938204845029577e+002  3.0938204841215747e+002  3.0938204841190873e+002  3.0938204841190873e+002  3.0938204841190873e+002  3.0938204841190873e+002
  4.8203065127336868e+002  3.8231033635914991e+002  3.3760396650892790e+002  3.1880664340139174e+002  3.0803198340360541e+002  3.0723065163833780e+002  3.0717188659925705e+002  3.0717091299702861e+002  3.0717089780591232e+002  3.0717089741913969e+002  3.0717089736131538e+002  3.0717089735624768e+002  3.0717089735423997e+002  3.0717089735423997e+002
  4.8131543362820139e+002  3.6789850274293303e+002  3.4360829982161613e+002  3.2666126602331360e+002  3.1087521300732897e+002  3.0548863020908266e+002  3.0543633473759292e+002  3.0542813123930728e+002  3.0542810873521012e+002  3.0542810787438793e+002  3.0542810786874179e+002  3.0542810786864902e+002  3.0542810786864811e+002  3.0542810786864811e+002
  4.7820664156544399e+002  3.7324113295694042e+002  3.4101202253742122e+002  3.2496938287566400e+002  3.0289332899048622e+002  3.0066386088483523e+002  3.0054791169603868e+002  3.0054690096679496e+002  3.0054688297512166e+002  3.0054688294988955e+002  3.0054688294910966e+002  3.0054688294910147e+002  3.0054688294910102e+002  3.0054688294910102e+002
  4.5595893113133889e+002  3.9154497485598904e+002  3.6764396754358677e+002  3.3150154231401393e+002  3.1699688479908173e+002  3.0563099890292779e+002  3.0533662666531836e+002  3.0529414125688209e+002  3.0529367390482821e+002  3.0529363960543697e+002  3.0529363873622970e+002  3.0529363871767555e+002  3.0529363871610576e+002  3.0529363871610576e+002
  4.2800690149163484e+002  3.6325701607501924e+002  3.4516420350247427e+002  3.3689943415012431e+002  3.1837691694355408e+002  3.0651120263078110e+002  3.0385868460244410e+002  3.0370360952183910e+002  3.0370175828142419e+002  3.0370150719096591e+002  3.0370150579582696e+002  3.0370150578392941e+002  3.0370150578389712e+002  3.0370150578389712e+002
  4.4542968282939091e+002  3.6425552606480414e+002  3.3703391688406100e+002  3.1601997133035820e+002  3.0227299742316109e+002  2.9817766366165324e+002  2.9749966947271923e+002  2.9747557090980354e+002  2.9747022154627939e+002  2.9746936669642764e+002  2.9746933116003083e+002  2.9746932921885809e+002  2.9746932900567344e+002  2.9746932900567344e+002
  4.4052706041543206e+002  3.7137112907175924e+002  3.3680745183537965e+002  3.1503458104659558e+002  3.0439857935976261e+002  2.9876718320579403e+002  2.9618474685743013e+002  2.9615168173080883e+002  2.9615116016420325e+002  2.9615114574096560e+002  2.9615103869767245e+002  2.9615103864676530e+002  2.9615103864542561e+002  2.9615103864542561e+002
  4.6943316664725717e+002  3.6111575550492489e+002  3.3989323990263028e+002  3.1923899525710203e+002  3.1011201851146643e+002  3.0599240915382325e+002  3.0163965057277164e+002  3.0147915198929513e+002  3.0147159299461555e+002  3.0147155661530041e+002  3.0147155589241856e+002  3.0147155588989972e+002  3.0147155588978148e+002  3.0147155588978148e+002
  4.5256234592994861e+002  3.6590993112153774e+002  3.4369734973832874e+002  3.2941008839058668e+002  3.0525527086941065e+002  3.0266131842278310e+002  3.0215725581461629e+002  3.0208763800284760e+002  3.0208542253336691e+002  3.0208539537574688e+002  3.0208539515137409e+002  3.0208539514783115e+002  3.0208539514779113e+002  3.0208539514779113e+002
  4.4234975715958763e+002  3.6972481121716373e+002  3.5066701175901017e+002  3.2108370920360494e+002  3.1140719299754937e+002  3.0913234842285510e+002  3.0905473349123577e+002  3.0905356994737895e+002  3.0905351562992246e+002  3.0905351452625837e+002  3.0905325648400094e+002  3.0905325570895729e+002  3.0905325570230434e+002  3.0905325570230434e+002
  4.5474204197135259e+002  3.7355746002849946e+002  3.3953692628799354e+002  3.2036233632973790e+002  3.1105504006245610e+002  3.0736040051161535e+002  3.0460244657285375e+002  3.0459415230737613e+002  3.0459382467071237e+002  3.0459380063764820e+002  3.0459380055208567e+002  3.0459380053651739e+002  3.0459380052423103e+002  3.0459380052423103e+002
  4.3536801449161430e+002  3.6798742665136524e+002  3.4177533119739473e+002  3.2249249504761246e+002  3.1797597640536151e+002  3.1312999847086667e+002  3.1297644024695319e+002  3.1296748170857927e+002  3.1296742643853941e+002  3.1296742434896532e+002  3.1296742432596511e+002  3.1296742432564361e+002  3.1296742432564224e+002  3.1296742432564224e+002
  4.8631713713823319e+002  3.8695135937721898e+002  3.5949525262055886e+002  3.2940429362832720e+002  3.0652631649542309e+002  2.9659819728553657e+002  2.9637784199575026e+002  2.9628084345682237e+002  2.9627648491920854e+002  2.9627639720475736e+002  2.9627637177553515e+002  2.9627637085177321e+002  2.9627637084902517e+002  2.9627637084902517e+002
  4.4247085361012523e+002  3.7688394576069550e+002  3.5135641336417166e+002  3.2587496444844965e+002  2.9632214530379679e+002  2.9045505283395778e+002  2.8899645284052167e+002  2.8897288810444843e+002  2.8897153681581631e+002  2.8897153295530961e+002  2.8897153282661930e+002  2.8897153282138061e+002  2.8897153282137242e+002  2.8897153282137242e+002
  4.1303749651875432e+002  3.5073737894251826e+002  3.3154240062020608e+002  3.1137881502380969e+002  3.0210441407711096e+002  3.0123813284421885e+002  3.0117900202656392e+002  3.0117473359315136e+002  3.0117457396469081e+002  3.0117457076538312e+002  3.0117456878939083e+002  3.0117456877067389e+002  3.0117456877061886e+002  3.0117456877061886e+002
  4.7923252487070977e+002  3.8733611490490375e+002  3.3321664573911039e+002  3.1212961966146440e+002  2.9904069865176416e+002  2.9779408459032038e+002  2.9775968044985621e+002  2.9775561740439252e+002  2.9775552226430182e+002  2.9775551245333327e+002  2.9775551168718130e+002  2.9775551164978469e+002  2.9775551164592798e+002  2.9775551164592798e+002
  4.2868444459645980e+002  3.8301993225843535e+002  3.5415016877918151e+002  3.2172512829752532e+002  3.1508672086944262e+002  3.0296835160473756e+002  3.0289138690250957e+002  3.0288394820970643e+002  3.0288363204806956e+002  3.0288363020795578e+002  3.0288363013339449e+002  3.0288363012293257e+002  3.0288363012049967e+002  3.0288363012049967e+002
  4.8839185238967502e+002  3.6762858515749667e+002  3.4420466293949175e+002  3.2621622429618719e+002  3.1411390636396527e+002  3.1109039705420309e+002  3.1106873380216075e+002  3.1106839166281543e+002  3.1106838596127727e+002  3.1106838593472867e+002  3.1106838591729047e+002  3.1106838591675978e+002  3.1106838591675205e+002  3.1106838591675205e+002
  4.4070302095921943e+002  3.6864377905257425e+002  3.4769756510703064e+002  3.2697770637074473e+002  3.1435413689480856e+002  3.1195742124131812e+002  3.1170116967100012e+002  3.1169532761576420e+002  3.1169456588615958e+002  3.1169454860092264e+002  3.1169454818733539e+002  3.1169454814583059e+002  3.1169454814567234e+002  3.1169454814567234e+002
  4.8367569383319596e+002  3.7140209253061903e+002  3.3299447331548981e+002  3.0711507960784365e+002  3.0233021784399716e+002  3.0170360741959212e+002  3.0168997021223640e+002  3.0168949723916148e+002  3.0168948229760326e+002  3.0168948202564115e+002  3.0168948093802601e+002  3.0168948093549761e+002  3.0168948093548806e+002  3.0168948093548806e+002
  4.5510849650232740e+002  3.8033549810410477e+002  3.4558191205346930e+002  3.1968579665164452e+002  3.0990886494810456e+002  3.0928968184842597e+002  3.0921112686805282e+002  3.0921075848496685e+002  3.0921073413973090e+002  3.0921073395058738e+002  3.0921073394892801e+002  3.0921073394870837e+002  3.0921073394865607e+002  3.0921073394865607e+002
  5.0576021714429089e+002  3.6649482006982998e+002  3.4230873810735466e+002  3.2311103737142639e+002  3.1254022488144801e+002  3.0883018369825049e+002  3.0690437963801014e+002  3.0658296557156700e+002  3.0657200463685786e+002  3.0657005396288332e+002  3.0656977840419449e+002  3.0656977329205256e+002  3.0656977311661558e+002  3.0656977311661558e+002
  4.8391561531956904e+002  3.8847074795286107e+002  3.4916379871237268e+002  3.2965443271644517e+002  3.2359592484607901e+002  3.0123356118817992e+002  2.9850632071611653e+002  2.9848199129180512e+002  2.9848171921911580e+002  2.9848142947278347e+002  2.9848142858668598e+002  2.9848142721350541e+002  2.9848142718236977e+002  2.9848142718236977e+002
  4.6082563446440190e+002  3.7454034828177601e+002  3.5464772534403210e+002  3.2412978958877193e+002  3.0544536458300354e+002  3.0276893591612543e+002  3.0264034582906834e+002  3.0263939657516903e+002  3.0172535404704013e+002  3.0172031471333003e+002  3.0172018131235018e+002  3.0172017662527696e+002  3.0172017645168626e+002  3.0172017645168626e+002
  4.6636010494936363e+002  3.9045672007342318e+002  3.6580749339330896e+002  3.2915019317958331e+002  3.1594598875290967e+002  2.9784698602570052e+002  2.9689253878797626e+002  2.9688833049190998e+002  2.9688826644817800e+002  2.9684183806417786e+002  2.9684110338779419e+002  2.9684109590293428e+002  2.9684109532675757e+002  2.9684109532675757e+002
  4.8124915968525875e+002  3.8707084997765924e+002  3.5735911708622643e+002  3.3559325848437311e+002  3.1923916508010461e+002  3.0593140186652954e+002  3.0559802832329478e+002  3.0486876646069868e+002  3.0486289779936624e+002  3.0486273255607557e+002  3.0486273107654097e+002  3.0486273104474913e+002  3.0486272981246748e+002  3.0486272981246748e+002
  4.8299507465227362e+002  4.0725950037914845e+002  3.5813439064241948e+002  3.3392420089232019e+002  3.2539504294859398e+002  3.0258523136967324e+002  3.0191116773711337e+002  3.0162410839622271e+002  3.0160896632800905e+002  3.0160864725362990e+002  3.0160862342825794e+002  3.0160862314265705e+002  3.0160862313759844e+002  3.0160862313759844e+002
  4.9303422328164788e+002  3.8447679190389681e+002  3.4815030945646140e+002  3.3128841930574936e+002  3.1640952200370793e+002  3.1324557107209057e+002  3.1300834737530886e+002  3.1300714898941897e+002  3.1300713189611452e+002  3.1300712740139579e+002  3.1300712738889933e+002  3.1300712738877201e+002  3.1300712738876791e+002  3.1300712738876791e+002
  4.2724532981470111e+002  3.4525113581892356e+002  3.2566842973511666e+002  3.1291348221349244e+002  3.0735100440819724e+002  3.0327097672705031e+002  3.0322168419762647e+002  3.0322097070194741e+002  3.0322058717899517e+002  3.0322058492928181e+002  3.0322058492088627e+002  3.0322058492065571e+002  3.0322058492065571e+002  3.0322058492065571e+002
  4.8554353139668183e+002  3.8472625144018912e+002  3.5234714788211659e+002  3.3376862358230846e+002  3.2229011966689086e+002  3.1322535510107309e+002  3.1174989326118293e+002  3.0958348266839175e+002  3.0952290094648151e+002  3.0952223644202513e+002  3.0952223441072783e+002  3.0952223439016234e+002  3.0952223439010140e+002  3.0952223439010140e+002
  4.9680068133860323e+002  3.8862208052766982e+002  3.3459452644851490e+002  3.1900263677152952e+002  3.1422799287865200e+002  3.1332291903472378e+002  3.1313563534879540e+002  3.1309499028780147e+002  3.1309290177820276e+002  3.1309289397971042e+002  3.1309289390383265e+002  3.1309289390365257e+002  3.1309289390365211e+002  3.1309289390365211e+002
  4.6642158276607279e+002  4.0144874892539519e+002  3.7592866488527307e+002  3.2952643211847862e+002  3.1776495020160291e+002  2.9942664235851134e+002  2.9914839874642439e+002  2.9914435565967369e+002  2.9914434581524620e+002  2.9914434572293203e+002  2.9914434572060372e+002  2.9914434572058781e+002  2.9914434572058326e+002  2.9914434572058326e+002
  4.3678549327602559e+002  3.5780137388500771e+002  3.3975233604840332e+002  3.3301057803618460e+002  3.1646018977489985e+002  3.0685964398593205e+002  3.0677792434370303e+002  3.0677672245568283e+002  3.0677593151026895e+002  3.0677590813713414e+002  3.0677590650521188e+002  3.0677590597722610e+002  3.0677590595343918e+002  3.0677590595343918e+002
  4.3787951041606038e+002  3.7117206103887020e+002  3.4557570388785007e+002  3.2817347359096630e+002  3.2501357303545819e+002  3.2253428667748176e+002  3.2244650007926248e+002  3.2243818631964359e+002  3.2243719754631593e+002  3.2243719450850676e+002  3.2243705978604885e+002  3.2243705093385324e+002  3.2243705085817464e+002  3.2243705085817464e+002
  4.7784236508102231e+002  3.6435549760301092e+002  3.3049571973953198e+002  3.1091789474851612e+002  3.0251166162210029e+002  2.9802006022105752e+002  2.9725424728670805e+002  2.9719467789175496e+002  2.9719257649189376e+002  2.9719245981082031e+002  2.9719245533278854e+002  2.9719245526825398e+002  2.9719245399711235e+002  2.9719245399711235e+002
  4.1266885060146660e+002  3.5360798300232545e+002  3.3342057199011060e+002  3.2505569072207436e+002  3.1353475525507019e+002  3.0965697881988126e+002  3.0938331287885421e+002  3.0867595640995341e+002  3.0865024691334975e+002  3.0864984195686702e+002  3.0864979216697566e+002  3.0864979190470331e+002  3.0864979190378517e+002  3.0864979190378517e+002
  4.6580519277114718e+002  3.8024015287282737e+002  3.4527495370571160e+002  3.2624381524874616e+002  3.0658350170905305e+002  3.0530802506299779e+002  3.0523461840362961e+002  3.0523362787480892e+002  3.0523361684085557e+002  3.0523361500804367e+002  3.0523361500607916e+002  3.0523361500600413e+002  3.0523361500600413e+002  3.0523361500600413e+002
  4.7687455364542348e+002  3.8778520792586050e+002  3.4873957417051588e+002  3.3155645099385674e+002  3.1315266664350474e+002  3.0606823109910147e+002  3.0089520156061144e+002  3.0073646429537712e+002  3.0071752171217577e+002  3.0071603126998525e+002  3.0071602081647416e+002  3.0071601889592512e+002  3.0071601861870840e+002  3.0071601861870840e+002
  4.8944289457463901e+002  4.0409508938101044e+002  3.6959832476919746e+002  3.5077977476585374e+002  3.3351732222112150e+002  3.0889424001697898e+002  3.0749700725926959e+002  3.0737873877500988e+002  3.0737641942369419e+002  3.0737020133528767e+002  3.0736986399272428e+002  3.0736985224611362e+002  3.0736798317153398e+002  3.0736798317153398e+002
  4.5968330087914956e+002  3.6249093896465865e+002  3.3354286890907088e+002  3.1774342051738631e+002  3.0571031635374675e+002  3.0275689973572344e+002  3.0269380055600141e+002  3.0268951246134338e+002  3.0268938652706902e+002  3.0268938028684897e+002  3.0268937712446314e+002  3.0268937694441593e+002  3.0268937694190299e+002  3.0268937694190299e+002
  4.9315845114522426e+002  3.9946366236711629e+002  3.6397070914106735e+002  3.4127714420873463e+002  3.1184351179260693e+002  2.9382271710292162e+002  2.9292618421108273e+002  2.8946078766940172e+002  2.8945839259437662e+002  2.8945754925409483e+002  2.8945754885168117e+002  2.8945754883940481e+002  2.8945754883895097e+002  2.8945754883895097e+002
  4.3023824997316297e+002  3.6459790157377574e+002  3.4115854751279494e+002  3.2869262038823308e+002  3.0073577084989711e+002  2.9503608699859114e+002  2.9494506002862454e+002  2.9489706342043110e+002  2.9489652772225099e+002  2.9489652374876778e+002  2.9489652355826729e+002  2.9489652348663731e+002  2.9489652348592608e+002  2.9489652348592608e+002
  4.5019660583130826e+002  3.8554032918679013e+002  3.4837141682541278e+002  3.1360179158516030e+002  2.9683077195509486e+002  2.9131000987614198e+002  2.9097735465404230e+002  2.9096268938832782e+002  2.9095992287036370e+002  2.9095990398217600e+002  2.9095990348541090e+002  2.9095990348046098e+002  2.9095990348010127e+002  2.9095990348010127e+002
