  2.9038502206428484e+002  2.3919530496079324e+002  2.2933866521105665e+002  2.2504735045779353e+002  2.2121422263082695e+002  2.1717867061033303e+002  2.1629148757364555e+002  2.1607776165574614e+002  2.1607121946634925e+002  2.1607074006045696e+002  2.1604495102655210e+002  2.1604389342522973e+002  2.1604386349630204e+002  2.1604386349630204e+002
  2.5896288322724831e+002  2.4386025793788394e+002  2.3891722732500693e+002  2.3406195770750264e+002  2.2958077827026227e+002  2.2721231269506416e+002  2.2683647632814154e+002  2.2611277568004243e+002  2.2588793684709162e+002  2.2567468171036080e+002  2.2417227992569451e+002  2.2403314152411031e+002  2.2398432583009890e+002  2.2398432583009890e+002
  2.8050812657745246e+002  2.4235200253395806e+002  2.3187921984676677e+002  2.2415429152612342e+002  2.2097972890032452e+002  2.1493873056323901e+002  2.1150033693686601e+002  2.0959022256871458e+002  2.0923807178386596e+002  2.0907037986331852e+002  2.0880154046931375e+002  2.0869284370867535e+002  2.0868532043064624e+002  2.0868532043064624e+002
  2.8929545836574334e+002  2.5054646036729127e+002  2.3319361087170364e+002  2.2499861828905978e+002  2.1538093002984078e+002  2.1000320983494885e+002  2.0873346651420161e+002  2.0871343801902822e+002  2.0849072820046376e+002  2.0824672649282365e+002  2.0810338757152294e+002  2.0784890151997024e+002  2.0758755187609313e+002  2.0758755187609313e+002
  2.9614511367077466e+002  2.6459897988575131e+002  2.4905705747154070e+002  2.4375555088396413e+002  2.4197587445624822e+002  2.3964041557663131e+002  2.3638977793071126e+002  2.3537255706473798e+002  2.3500502509764419e+002  2.3499693714697787e+002  2.3499633924556883e+002  2.3499627693759021e+002  2.3499626033400546e+002  2.3499626033400546e+002
  3.1128064603663006e+002  2.5400624579254327e+002  2.4504302666948251e+002  2.2598635770370993e+002  2.2073136406537787e+002  2.1777873711873917e+002  2.1384703343013507e+002  2.1211072140986880e+002  2.1099136622339711e+002  2.1060557934919734e+002  2.1047454559995731e+002  2.1045487052180670e+002  2.1045316594240876e+002  2.1045316594240876e+002
  2.7619339486278159e+002  2.4324474860602504e+002  2.3828962267439420e+002  2.3396959809375494e+002  2.3112276374006660e+002  2.2805413207401580e+002  2.2551641008748356e+002  2.2540248404961767e+002  2.2539838399363271e+002  2.2539814879488722e+002  2.2427112341506245e+002  2.2227679536252072e+002  2.2221406692616711e+002  2.2221406692616711e+002
  2.7907924077004645e+002  2.3632716384670493e+002  2.2607387155105698e+002  2.1940122265486025e+002  2.1467841180470214e+002  2.1288991283312725e+002  2.1022389791399291e+002  2.0970904044271401e+002  2.0942367488015725e+002  2.0940811821612260e+002  2.0940446251117373e+002  2.0940320180564595e+002  2.0940314523793040e+002  2.0940314523793040e+002
  3.1485136576284822e+002  2.5579997859418563e+002  2.2990290647386155e+002  2.2220143897734215e+002  2.1310742500716242e+002  2.0926114275952204e+002  2.0905581174310146e+002  2.0863264771602780e+002  2.0857215706494799e+002  2.0857084426091023e+002  2.0857072150068734e+002  2.0857069638812573e+002  2.0857069578427991e+002  2.0857069578427991e+002
  2.6881186795211033e+002  2.4153630162925128e+002  2.3089179678846995e+002  2.2598903796536388e+002  2.2481965950077119e+002  2.2423811582288545e+002  2.1907840909462539e+002  2.1591325009340198e+002  2.1531402481959276e+002  2.1247277153633377e+002  2.1216042870294814e+002  2.0833019880687198e+002  2.0826706714905276e+002  2.0826706714905276e+002
  2.7134630485332309e+002  2.4257350281561185e+002  2.3494879839861869e+002  2.3148166390689994e+002  2.2986593845621110e+002  2.2974559210955749e+002  2.2974318355048172e+002  2.2939970712870354e+002  2.2938424573490329e+002  2.2938367677882570e+002  2.2938363403217863e+002  2.2938363301848449e+002  2.2938363301576328e+002  2.2938363301576328e+002
  3.4718222419570020e+002  2.7468796641329436e+002  2.4905907501171623e+002  2.3222583525904793e+002  2.1730360994293233e+002  2.1295155567388792e+002  2.1070098860871849e+002  2.0722899411481603e+002  2.0655441861227928e+002  2.0613949792913172e+002  2.0599253544870817e+002  2.0594591826820488e+002  2.0594346682781270e+002  2.0594346682781270e+002
  3.1164798455709524e+002  2.5852893461963413e+002  2.3369121934941222e+002  2.1835890086045629e+002  2.1085656842959133e+002  2.0882051222924883e+002  2.0796959523867417e+002  2.0766616082321571e+002  2.0748418813235685e+002  2.0701583483871582e+002  2.0688496189806710e+002  2.0643044057909356e+002  2.0607248664472490e+002  2.0607248664472490e+002
  2.9440462510736870e+002  2.5883312087427021e+002  2.4253490317110709e+002  2.3337325359166016e+002  2.2417616473346789e+002  2.1574625306469625e+002  2.1297089467586966e+002  2.1145275106104327e+002  2.0878061718911158e+002  2.0843835816585715e+002  2.0774454708013718e+002  2.0717146139426677e+002  2.0671841048803390e+002  2.0671841048803390e+002
  2.8892912222142468e+002  2.5140745725409215e+002  2.4022709098066252e+002  2.3000903831668302e+002  2.2312028438955849e+002  2.1930030578973037e+002  2.1858505454256237e+002  2.1855280454712056e+002  2.1835051885636040e+002  2.1831233053983578e+002  2.1801022190213916e+002  2.1800828222011160e+002  2.1800825568191158e+002  2.1800825568191158e+002
  3.0397962535927445e+002  2.6882894819120384e+002  2.5758749669677854e+002  2.3942118554797207e+002  2.2166293168218681e+002  2.1887520944612015e+002  2.1631379545796062e+002  2.1428049910671734e+002  2.1331973179167153e+002  2.1225537931449435e+002  2.1127394921302084e+002  2.1069034707684796e+002  2.1049443968143260e+002  2.1049443968143260e+002
  2.9153154981091348e+002  2.4749652838805014e+002  2.3635600977803551e+002  2.2158227268042947e+002  2.1253637255191734e+002  2.1167597087995091e+002  2.1090960732111489e+002  2.1064809758964429e+002  2.1024659927768562e+002  2.1009336044299744e+002  2.1006849870555925e+002  2.1005515404825655e+002  2.1005083619130755e+002  2.1005083619130755e+002
  3.0845275209557303e+002  2.5172118502916464e+002  2.3525384027737664e+002  2.2702458648756237e+002  2.1508221561934261e+002  2.1094689058143194e+002  2.0861895352062766e+002  2.0697340445035479e+002  2.0537628136302692e+002  2.0519136994689325e+002  2.0517960776287055e+002  2.0517774848193767e+002  2.0517762905351628e+002  2.0517762905351628e+002
  3.0999268879702231e+002  2.6166197196479834e+002  2.3455356604353847e+002  2.2602754244553262e+002  2.2025927961456637e+002  2.1418151066372411e+002  2.1261940656423076e+002  2.1104723899164674e+002  2.1064067053704957e+002  2.1053774341151575e+002  2.1053644409234857e+002  2.1051713018948885e+002  2.1051588457662820e+002  2.1051588457662820e+002
  2.8846611099844495e+002  2.5138287367270777e+002  2.3609560105762193e+002  2.2026234333652428e+002  2.1626441792109154e+002  2.1564781928642060e+002  2.1478147228867920e+002  2.1474204632068586e+002  2.1473592288516647e+002  2.1473580655555224e+002  2.1473580293299938e+002  2.1473580287051482e+002  2.1473580286545439e+002  2.1473580286545439e+002
  3.0694014743662319e+002  2.6640279866623223e+002  2.6021747366187446e+002  2.5611814582124089e+002  2.5105352290976771e+002  2.5001468646452349e+002  2.5000610727019875e+002  2.4999652173011100e+002  2.4998385839961475e+002  2.4998383891318099e+002  2.4998383600875422e+002  2.4998383593116660e+002  2.4998383593075050e+002  2.4998383593075050e+002
  2.9192132222413238e+002  2.5622341460431744e+002  2.3679786055482600e+002  2.2239811245049168e+002  2.1284863481149796e+002  2.1127949281844394e+002  2.1095025614367523e+002  2.1018917515745943e+002  2.0997596115512351e+002  2.0973856312362705e+002  2.0971566665259706e+002  2.0939507930905711e+002  2.0937224241028662e+002  2.0937224241028662e+002
  3.2448512172259598e+002  2.6375815157180887e+002  2.4963241753862803e+002  2.3630462925081065e+002  2.2560376622752392e+002  2.1218352220342558e+002  2.0832367930139662e+002  2.0645075808207093e+002  2.0641756459337694e+002  2.0629069671709476e+002  2.0608670933057374e+002  2.0604460548624547e+002  2.0599924757387862e+002  2.0599924757387862e+002
  3.0814131074553643e+002  2.6307541061640586e+002  2.4515118100818290e+002  2.3351006177224735e+002  2.3008188019653971e+002  2.2490813385903539e+002  2.2240480135093958e+002  2.2210529392170156e+002  2.1402697304766434e+002  2.1252721384697406e+002  2.1207526885893049e+002  2.1201852517008820e+002  2.1201586612484243e+002  2.1201586612484243e+002
  2.9200946348466459e+002  2.4628060674835342e+002  2.3304782641775091e+002  2.1930221572485834e+002  2.1234672568271208e+002  2.0829225878180569e+002  2.0757953725288144e+002  2.0726421893433826e+002  2.0718565639095641e+002  2.0686818560450365e+002  2.0647718507258878e+002  2.0646433695616952e+002  2.0645962310187360e+002  2.0645962310187360e+002
  2.8562926901861010e+002  2.4546129129441806e+002  2.3478609057966787e+002  2.2126391496034921e+002  2.1380383929589107e+002  2.1155766352164392e+002  2.1007424783671831e+002  2.0865453357368779e+002  2.0850020562172494e+002  2.0761457414014194e+002  2.0695627933540982e+002  2.0682488602259582e+002  2.0676514766912396e+002  2.0676514766912396e+002
  3.1313916790458006e+002  2.6863251839201348e+002  2.3825469651467529e+002  2.2560191440636572e+002  2.1560454171672791e+002  2.0992958768113795e+002  2.0935773544997028e+002  2.0818532865723773e+002  2.0697320727227907e+002  2.0638833750846197e+002  2.0630903460842592e+002  2.0618166539984122e+002  2.0607363933484066e+002  2.0607363933484066e+002
  2.7424027781908399e+002  2.4358416776631248e+002  2.2962012590465974e+002  2.2436458871589184e+002  2.1913692033110783e+002  2.1797590935275821e+002  2.1503484929854994e+002  2.1307140867952558e+002  2.1259434044785803e+002  2.1254706981024856e+002  2.1249792327780369e+002  2.1249734896583368e+002  2.1249730857399300e+002  2.1249730857399300e+002
  2.7346545518055336e+002  2.3487645789288126e+002  2.2886405944217950e+002  2.2520053575098882e+002  2.2173137779051467e+002  2.1569516084322368e+002  2.1546323998760226e+002  2.1427566315900094e+002  2.1424702081366240e+002  2.1424633420986083e+002  2.1424630733592812e+002  2.1424630699350564e+002  2.1424630698801002e+002  2.1424630698801002e+002
  2.8395242496242645e+002  2.5674423646071500e+002  2.4559382696835701e+002  2.4072114318914191e+002  2.3787417905378197e+002  2.3612590059455306e+002  2.2404498578393896e+002  2.1981760545490306e+002  2.1849936526548072e+002  2.1702427939373820e+002  2.1698007336760293e+002  2.1697916052460096e+002  2.1696102981286003e+002  2.1696102981286003e+002
  2.6741966935815890e+002  2.3436186734565490e+002  2.2411433187823559e+002  2.1652027080796961e+002  2.1179803032630980e+002  2.1015602330902084e+002  2.0994321888709328e+002  2.0976993392224131e+002  2.0974347106639561e+002  2.0945598985276183e+002  2.0944369258377219e+002  2.0932419463702036e+002  2.0897902190177865e+002  2.0897902190177865e+002
  2.8671526095999843e+002  2.5355448238286954e+002  2.4642669136393852e+002  2.4076461055835080e+002  2.3847774306435440e+002  2.3582160634288493e+002  2.3402723679099881e+002  2.2149187103145687e+002  2.1914563145049851e+002  2.1555963570937865e+002  2.1329078039734577e+002  2.1150153470976329e+002  2.1077882829383725e+002  2.1077882829383725e+002
  2.9528101991075573e+002  2.5928967321546224e+002  2.4503594172361181e+002  2.3341759385630485e+002  2.3115080603091246e+002  2.2816832758146575e+002  2.2691929394753970e+002  2.2219007039505050e+002  2.2103067579750086e+002  2.2007352832937704e+002  2.1713913335783627e+002  2.1649649862559363e+002  2.1575639557525801e+002  2.1575639557525801e+002
  3.1120067261712757e+002  2.7104908541410441e+002  2.4863531782045538e+002  2.2529919376411317e+002  2.2157932801464858e+002  2.2064878956343728e+002  2.1971083920334377e+002  2.1704901774336349e+002  2.1668467333703256e+002  2.1665818007401913e+002  2.1665686372310302e+002  2.1665684353942879e+002  2.1665684034069909e+002  2.1665684034069909e+002
  3.0898410095764120e+002  2.7798493052204958e+002  2.6185290684252368e+002  2.4619821141052898e+002  2.3619092647949674e+002  2.3332483737673238e+002  2.2873245538497167e+002  2.2782105915281682e+002  2.2662234836983089e+002  2.2640980955500481e+002  2.2640875676247970e+002  2.2640863352670704e+002  2.2640861263051875e+002  2.2640861263051875e+002
  2.9360217718651893e+002  2.4559398503975444e+002  2.3505395934015041e+002  2.1990655706116650e+002  2.1439126917162866e+002  2.1117673907110975e+002  2.0932862702026614e+002  2.0848332737490136e+002  2.0830384889451443e+002  2.0817205918201171e+002  2.0799654425339759e+002  2.0796400928132744e+002  2.0796357787062198e+002  2.0796357787062198e+002
  3.0647286244524821e+002  2.6245356458693004e+002  2.4006261513336267e+002  2.3242935200212423e+002  2.2755165493636741e+002  2.2612451085514658e+002  2.2518399863242757e+002  2.2403388383842730e+002  2.2401156109794101e+002  2.2401019743066536e+002  2.2388087799556251e+002  2.2318333589417261e+002  2.2283863534763486e+002  2.2283863534763486e+002
  2.8251601707374539e+002  2.3954093323686266e+002  2.2448762501235933e+002  2.1582909477331395e+002  2.1389610827851038e+002  2.1215082457127983e+002  2.1175626950112519e+002  2.1174903983304057e+002  2.1174835257493123e+002  2.1174834360510113e+002  2.1174834327998906e+002  2.1174834326778455e+002  2.1174834326744394e+002  2.1174834326744394e+002
  3.1752846034703771e+002  2.6546542411900691e+002  2.4571899793466309e+002  2.2928610393126246e+002  2.2409997506110312e+002  2.1647471532885083e+002  2.1555619101826505e+002  2.1548204735003537e+002  2.1307975021399807e+002  2.1091750407963036e+002  2.0743565160169783e+002  2.0723821262345700e+002  2.0719744719742175e+002  2.0719744719742175e+002
  2.9829260359181035e+002  2.5353580664194078e+002  2.3256384062154848e+002  2.1787815699652901e+002  2.1441367744334593e+002  2.1099786636043427e+002  2.0867065240942566e+002  2.0825472540802230e+002  2.0808720363258226e+002  2.0785287713064008e+002  2.0780119110285113e+002  2.0769684555795948e+002  2.0740550212106973e+002  2.0740550212106973e+002
  2.9921167301924061e+002  2.5829678251044425e+002  2.5158304344081625e+002  2.3885177972391557e+002  2.2780859929548387e+002  2.2557358166098538e+002  2.2495243187595861e+002  2.2486523701607121e+002  2.2486224762306210e+002  2.2483535644559652e+002  2.2483235851174004e+002  2.2483162824040528e+002  2.2483139740633715e+002  2.2483139740633715e+002
  2.7608164558268072e+002  2.4449916083808239e+002  2.2411544044610901e+002  2.1783221515986497e+002  2.1293088918257763e+002  2.0956773554476331e+002  2.0884458956845128e+002  2.0870943001881824e+002  2.0868026990538419e+002  2.0867969084663901e+002  2.0867955169896322e+002  2.0867955104239445e+002  2.0867955097358117e+002  2.0867955097358117e+002
  3.1143086221237809e+002  2.5226819354768486e+002  2.3741879550292197e+002  2.2610816825035636e+002  2.1823092816540884e+002  2.1195937662657025e+002  2.1092873621186209e+002  2.0984784570614329e+002  2.0956892325048784e+002  2.0930963571804978e+002  2.0915186659203346e+002  2.0912347103938873e+002  2.0908393828345197e+002  2.0908393828345197e+002
  3.1337995222545806e+002  2.5690944693428219e+002  2.3980048836361129e+002  2.3053213918358279e+002  2.2652710313384523e+002  2.2060590411774638e+002  2.1832161486556424e+002  2.1638284611252493e+002  2.1617120831594139e+002  2.1487881777767416e+002  2.1478520528455010e+002  2.1432491067063529e+002  2.1274637254453683e+002  2.1274637254453683e+002
  2.8676306181206883e+002  2.6289735804724160e+002  2.4762432410812380e+002  2.3563037612355492e+002  2.1692738469396136e+002  2.0997774367410193e+002  2.0841545451322054e+002  2.0793611729257191e+002  2.0788343953114418e+002  2.0780483289818403e+002  2.0779150166171985e+002  2.0778559706731039e+002  2.0773502558343398e+002  2.0773502558343398e+002
  2.6796080100623112e+002  2.3816425013361550e+002  2.2352511010563194e+002  2.1699701721602196e+002  2.1238758531065287e+002  2.0905598381633718e+002  2.0802964179502396e+002  2.0768303074826736e+002  2.0760121411225600e+002  2.0687752818466788e+002  2.0658430414603572e+002  2.0656511239762176e+002  2.0643813867445897e+002  2.0643813867445897e+002
  3.1618510291208804e+002  2.7668243358312884e+002  2.4718048839722587e+002  2.3246309957179756e+002  2.2776566611843782e+002  2.2450417271394235e+002  2.2176072470067083e+002  2.1994337774169753e+002  2.1934222730418423e+002  2.1900327227397929e+002  2.1826243004515391e+002  2.1510076812373700e+002  2.1400357854595495e+002  2.1400357854595495e+002
  2.8707263014597993e+002  2.3537091654351798e+002  2.2716588745204808e+002  2.1935502016949931e+002  2.1600833011576196e+002  2.1497499878993403e+002  2.1470679784717186e+002  2.1467141573863773e+002  2.1467033161568634e+002  2.1467031464293177e+002  2.1467031412261395e+002  2.1467031380010440e+002  2.1467031379660602e+002  2.1467031379660602e+002
  2.8687884634888860e+002  2.4567821537101418e+002  2.3418374475320661e+002  2.2915607374925457e+002  2.2385571129966911e+002  2.1812940269834962e+002  2.1756547964587207e+002  2.1741669221698658e+002  2.1739105509728461e+002  2.1738996993620231e+002  2.1738995856293104e+002  2.1738995698040935e+002  2.1738995691234095e+002  2.1738995691234095e+002
  2.7320343057224454e+002  2.4709196509568574e+002  2.3264787583210546e+002  2.2224990511380702e+002  2.0970021505417026e+002  2.0725357182875860e+002  2.0690645141613004e+002  2.0664587638934745e+002  2.0660307252644270e+002  2.0658358154350435e+002  2.0658045107329099e+002  2.0656951363146618e+002  2.0656872977857574e+002  2.0656872977857574e+002
  3.2768473556252547e+002  2.7552797010632867e+002  2.4262704982512969e+002  2.2956785107028008e+002  2.2156095041642402e+002  2.0935231911452775e+002  2.0830094375761382e+002  2.0736842565784673e+002  2.0649555134608136e+002  2.0608059102290372e+002  2.0594659299183377e+002  2.0594499945125062e+002  2.0594493411580106e+002  2.0594493411580106e+002
