  5.0623863841810419e+001  1.4965304493265137e+001  1.6189272161729491e+000  8.4358867846032126e-001  7.8318165632538239e-002  1.4813224424869986e-008  0.0000000000000000e+000  0.0000000000000000e+000  0.0000000000000000e+000  0.0000000000000000e+000  0.0000000000000000e+000  0.0000000000000000e+000  0.0000000000000000e+000  0.0000000000000000e+000
  6.7340562804512899e+001  3.8033332657299809e+001  3.4990814793533673e+001  3.4781661732499742e+001  3.4780274876458179e+001  3.4780274874720703e+001  3.4780274874720703e+001  3.4780274874720703e+001  3.4780274874720703e+001  3.4780274874720703e+001  3.4780274874720703e+001  3.4780274874720703e+001  3.4780274874720703e+001  3.4780274874720703e+001
  8.2311817498472806e+001  4.3276649539275581e+001  3.6276379758873134e+001  3.4854462299332397e+001  3.4780274935072839e+001  3.4780274874720703e+001  3.4780274874720703e+001  3.4780274874720703e+001  3.4780274874720703e+001  3.4780274874720703e+001  3.4780274874720703e+001  3.4780274874720703e+001  3.4780274874720703e+001  3.4780274874720703e+001
  8.0374036276350864e+001  3.7944309980631658e+001  3.5369779285766924e+001  3.4785951002919035e+001  3.4780274875051930e+001  3.4780274874720646e+001  3.4780274874720646e+001  3.4780274874720646e+001  3.4780274874720646e+001  3.4780274874720646e+001  3.4780274874720646e+001  3.4780274874720646e+001  3.4780274874720646e+001  3.4780274874720646e+001
  8.8518469699167326e+001  2.0848232102800807e+001  5.0303410140998608e+000  4.3461317283778840e+000  4.3354074665389248e+000  4.3354073379854299e+000  4.3354073379854299e+000  4.3354073379854299e+000  4.3354073379854299e+000  4.3354073379854299e+000  4.3354073379854299e+000  4.3354073379854299e+000  4.3354073379854299e+000  4.3354073379854299e+000
  5.8991814471385339e+001  1.2621597209589595e+001  8.5757016129900876e-001  6.4809391423074203e-001  2.8745517246989039e-002  2.4901794404286193e-008  0.0000000000000000e+000  0.0000000000000000e+000  0.0000000000000000e+000  0.0000000000000000e+000  0.0000000000000000e+000  0.0000000000000000e+000  0.0000000000000000e+000  0.0000000000000000e+000
  5.4862017520578831e+001  3.6629773562181413e+001  3.4870103556131312e+001  3.4780428577565772e+001  3.4780274874756969e+001  3.4780274874720646e+001  3.4780274874720646e+001  3.4780274874720646e+001  3.4780274874720646e+001  3.4780274874720646e+001  3.4780274874720646e+001  3.4780274874720646e+001  3.4780274874720646e+001  3.4780274874720646e+001
  6.3382223302190084e+001  3.8352779958484234e+001  3.5800345980680788e+001  3.4839107303563196e+001  3.4780274896911862e+001  3.4780274874720703e+001  3.4780274874720703e+001  3.4780274874720703e+001  3.4780274874720703e+001  3.4780274874720703e+001  3.4780274874720703e+001  3.4780274874720703e+001  3.4780274874720703e+001  3.4780274874720703e+001
  4.9774161083067497e+001  2.1658786627137943e+001  8.5655148589802366e+000  8.5356089574867156e-001  2.4428336433192044e-001  4.0550389712734614e-008  0.0000000000000000e+000  0.0000000000000000e+000  0.0000000000000000e+000  0.0000000000000000e+000  0.0000000000000000e+000  0.0000000000000000e+000  0.0000000000000000e+000  0.0000000000000000e+000
  1.0094488843512266e+002  7.3586699739093660e+001  7.1033380057847637e+001  6.9774444497338436e+001  3.4814918073389549e+001  3.4780274874720703e+001  3.4780274874720703e+001  3.4780274874720703e+001  3.4780274874720703e+001  3.4780274874720703e+001  3.4780274874720703e+001  3.4780274874720703e+001  3.4780274874720703e+001  3.4780274874720703e+001
  6.8639407782647822e+001  3.6243421031916057e+001  3.4999675075047151e+001  3.4780709220706626e+001  3.4780274874741849e+001  3.4780274874720703e+001  3.4780274874720703e+001  3.4780274874720703e+001  3.4780274874720703e+001  3.4780274874720646e+001  3.4780274874720646e+001  3.4780274874720646e+001  3.4780274874720646e+001  3.4780274874720646e+001
  1.0172177942346252e+002  9.0403439483029047e+000  4.5788802647896318e+000  4.3775146114898575e+000  4.3354081209967603e+000  4.3354073379854299e+000  4.3354073379854299e+000  4.3354073379854299e+000  4.3354073379854299e+000  4.3354073379854299e+000  4.3354073379854299e+000  4.3354073379854299e+000  4.3354073379854299e+000  4.3354073379854299e+000
  5.2656892519127439e+001  1.1640724635824995e+001  1.5031268431607145e+000  6.6696391608934391e-001  3.0964061499105355e-002  0.0000000000000000e+000  0.0000000000000000e+000  0.0000000000000000e+000  0.0000000000000000e+000  0.0000000000000000e+000  0.0000000000000000e+000  0.0000000000000000e+000  0.0000000000000000e+000  0.0000000000000000e+000
  1.3740688662657817e+002  6.8319332314208282e+001  6.6835561371352014e+001  6.1482538418665115e+001  2.2040037350319608e-001  2.8514898531284416e-007  0.0000000000000000e+000  0.0000000000000000e+000  0.0000000000000000e+000  0.0000000000000000e+000  0.0000000000000000e+000  0.0000000000000000e+000  0.0000000000000000e+000  0.0000000000000000e+000
  9.4096015767037159e+001  4.1661744752197592e+001  3.5374548637858368e+001  3.4781570430125441e+001  3.4780274876131955e+001  3.4780274874720646e+001  3.4780274874720646e+001  3.4780274874720646e+001  3.4780274874720646e+001  3.4780274874720646e+001  3.4780274874720646e+001  3.4780274874720646e+001  3.4780274874720646e+001  3.4780274874720646e+001
  5.2838756898845133e+001  6.4795827379095954e+000  8.8560863318292604e-001  7.8253262647933752e-002  7.3619448914996610e-004  0.0000000000000000e+000  0.0000000000000000e+000  0.0000000000000000e+000  0.0000000000000000e+000  0.0000000000000000e+000  0.0000000000000000e+000  0.0000000000000000e+000  0.0000000000000000e+000  0.0000000000000000e+000
  6.7847193358808227e+001  3.5356044506046373e+001  3.4794494801153576e+001  3.4780351937188527e+001  3.4780274874743895e+001  3.4780274874720703e+001  3.4780274874720703e+001  3.4780274874720703e+001  3.4780274874720703e+001  3.4780274874720703e+001  3.4780274874720703e+001  3.4780274874720703e+001  3.4780274874720703e+001  3.4780274874720703e+001
  8.4837623985884477e+001  6.4953754340517094e+000  9.5641400972340307e-001  7.2132033817661068e-001  1.6483425762658044e-002  0.0000000000000000e+000  0.0000000000000000e+000  0.0000000000000000e+000  0.0000000000000000e+000  0.0000000000000000e+000  0.0000000000000000e+000  0.0000000000000000e+000  0.0000000000000000e+000  0.0000000000000000e+000
  7.4442074524996315e+001  7.0739117285046973e+000  2.0068496077198006e-001  8.9133661385062624e-002  3.2681782303143336e-003  0.0000000000000000e+000  0.0000000000000000e+000  0.0000000000000000e+000  0.0000000000000000e+000  0.0000000000000000e+000  0.0000000000000000e+000  0.0000000000000000e+000  0.0000000000000000e+000  0.0000000000000000e+000
  7.6453891969634697e+001  3.7147089479212354e+001  5.0764294942910055e+000  4.3366087907292012e+000  4.3354073502196115e+000  4.3354073379855436e+000  4.3354073379854299e+000  4.3354073379854299e+000  4.3354073379854299e+000  4.3354073379854299e+000  4.3354073379854299e+000  4.3354073379854299e+000  4.3354073379854299e+000  4.3354073379854299e+000
  6.5857256308669207e+001  3.9499218267147171e+001  3.5337903527158744e+001  3.4784527512830437e+001  3.4780274910363062e+001  3.4780274874720703e+001  3.4780274874720703e+001  3.4780274874720703e+001  3.4780274874720703e+001  3.4780274874720703e+001  3.4780274874720703e+001  3.4780274874720703e+001  3.4780274874720703e+001  3.4780274874720703e+001
  8.6671903464017419e+001  5.4578740799650859e+001  3.6499874385196733e+001  3.4787086694352354e+001  3.4780274893880119e+001  3.4780274874720646e+001  3.4780274874720646e+001  3.4780274874720646e+001  3.4780274874720646e+001  3.4780274874720646e+001  3.4780274874720646e+001  3.4780274874720646e+001  3.4780274874720646e+001  3.4780274874720646e+001
  3.9222411364242305e+001  6.5120878713147476e+000  4.7352061169571016e+000  4.4415071484207829e+000  4.3354075735813922e+000  4.3354073379854299e+000  4.3354073379854299e+000  4.3354073379854299e+000  4.3354073379854299e+000  4.3354073379854299e+000  4.3354073379854299e+000  4.3354073379854299e+000  4.3354073379854299e+000  4.3354073379854299e+000
  7.5538414516952230e+001  5.2235242652400188e+001  5.4086472305403959e+000  7.1759852843013050e-001  2.8406666717728513e-002  0.0000000000000000e+000  0.0000000000000000e+000  0.0000000000000000e+000  0.0000000000000000e+000  0.0000000000000000e+000  0.0000000000000000e+000  0.0000000000000000e+000  0.0000000000000000e+000  0.0000000000000000e+000
  7.6201139882869938e+001  3.9984195608275741e+001  3.5740259017166750e+001  3.4815931910115864e+001  3.4780274890985652e+001  3.4780274874720646e+001  3.4780274874720646e+001  3.4780274874720646e+001  3.4780274874720646e+001  3.4780274874720646e+001  3.4780274874720646e+001  3.4780274874720646e+001  3.4780274874720646e+001  3.4780274874720646e+001
  1.3902412952522945e+002  6.9875388554675226e+001  4.0762707672261058e+001  3.4812149575743433e+001  3.4780274891620138e+001  3.4780274874720703e+001  3.4780274874720646e+001  3.4780274874720646e+001  3.4780274874720646e+001  3.4780274874720646e+001  3.4780274874720646e+001  3.4780274874720646e+001  3.4780274874720646e+001  3.4780274874720646e+001
  8.8539409378334767e+001  4.2443142039185261e+001  3.5236746217333973e+001  3.4793227457844125e+001  3.4780274875941473e+001  3.4780274874720703e+001  3.4780274874720646e+001  3.4780274874720646e+001  3.4780274874720646e+001  3.4780274874720646e+001  3.4780274874720646e+001  3.4780274874720646e+001  3.4780274874720646e+001  3.4780274874720646e+001
  1.3369302382118462e+002  7.3041406434617443e+001  2.0589868295011627e+001  3.9788115564457485e+000  3.6146968645374500e-001  0.0000000000000000e+000  0.0000000000000000e+000  0.0000000000000000e+000  0.0000000000000000e+000  0.0000000000000000e+000  0.0000000000000000e+000  0.0000000000000000e+000  0.0000000000000000e+000  0.0000000000000000e+000
  4.0914750652958048e+001  8.1605596632199990e+000  4.9958509048872202e+000  4.6013722650573072e+000  4.3354098505209322e+000  4.3354073379854299e+000  4.3354073379854299e+000  4.3354073379854299e+000  4.3354073379854299e+000  4.3354073379854299e+000  4.3354073379854299e+000  4.3354073379854299e+000  4.3354073379854299e+000  4.3354073379854299e+000
  5.6217344145436186e+001  1.5008637028430940e+001  1.8037062767373868e+000  8.0948592518308260e-001  1.1507159114893284e-001  1.5440815559486509e-007  0.0000000000000000e+000  0.0000000000000000e+000  0.0000000000000000e+000  0.0000000000000000e+000  0.0000000000000000e+000  0.0000000000000000e+000  0.0000000000000000e+000  0.0000000000000000e+000
  7.2937326811249704e+001  3.8621837032738995e+000  1.0296213353998951e+000  7.9657255195434118e-001  1.9899004592957681e-002  0.0000000000000000e+000  0.0000000000000000e+000  0.0000000000000000e+000  0.0000000000000000e+000  0.0000000000000000e+000  0.0000000000000000e+000  0.0000000000000000e+000  0.0000000000000000e+000  0.0000000000000000e+000
  7.7964787594918619e+001  3.6831148805638065e+001  3.5198696900125128e+001  3.4780899465476466e+001  3.4780274874933468e+001  3.4780274874720646e+001  3.4780274874720646e+001  3.4780274874720646e+001  3.4780274874720646e+001  3.4780274874720646e+001  3.4780274874720646e+001  3.4780274874720646e+001  3.4780274874720646e+001  3.4780274874720646e+001
  3.3566760401279112e+001  8.5014641364790577e-001  2.7898608508138523e-001  2.6539185525160747e-001  1.8234125927108380e-002  0.0000000000000000e+000  0.0000000000000000e+000  0.0000000000000000e+000  0.0000000000000000e+000  0.0000000000000000e+000  0.0000000000000000e+000  0.0000000000000000e+000  0.0000000000000000e+000  0.0000000000000000e+000
  1.5648679729897719e+002  1.4209956607850302e+001  1.5678659528231265e+000  1.3002914385907616e-001  1.7506885968145980e-003  0.0000000000000000e+000  0.0000000000000000e+000  0.0000000000000000e+000  0.0000000000000000e+000  0.0000000000000000e+000  0.0000000000000000e+000  0.0000000000000000e+000  0.0000000000000000e+000  0.0000000000000000e+000
  9.1606893611483429e+001  4.6741682370427043e+001  3.7720320849758821e+001  3.4966065999474210e+001  3.4780274940518325e+001  3.4780274874720703e+001  3.4780274874720646e+001  3.4780274874720646e+001  3.4780274874720646e+001  3.4780274874720646e+001  3.4780274874720646e+001  3.4780274874720646e+001  3.4780274874720646e+001  3.4780274874720646e+001
  6.1723721721337995e+001  3.5518069587009791e+001  3.4832676507782367e+001  3.4780417973511874e+001  3.4780274874967120e+001  3.4780274874720703e+001  3.4780274874720703e+001  3.4780274874720703e+001  3.4780274874720703e+001  3.4780274874720703e+001  3.4780274874720703e+001  3.4780274874720703e+001  3.4780274874720703e+001  3.4780274874720703e+001
  5.5728531986910411e+001  3.5834353642825420e+001  3.4812144931208195e+001  3.4780466436866050e+001  3.4780274874983434e+001  3.4780274874720646e+001  3.4780274874720646e+001  3.4780274874720646e+001  3.4780274874720646e+001  3.4780274874720646e+001  3.4780274874720646e+001  3.4780274874720646e+001  3.4780274874720646e+001  3.4780274874720646e+001
  7.7239599919422346e+001  3.8054374598891172e+001  3.4855333666452566e+001  3.4781058616340033e+001  3.4780274874824556e+001  3.4780274874720646e+001  3.4780274874720646e+001  3.4780274874720646e+001  3.4780274874720646e+001  3.4780274874720646e+001  3.4780274874720646e+001  3.4780274874720646e+001  3.4780274874720646e+001  3.4780274874720646e+001
  7.3718060668001385e+001  2.2001393923190676e+001  7.7037778396613135e+000  7.4385291152253785e-001  9.6760697719730615e-002  5.4675354022037936e-008  0.0000000000000000e+000  0.0000000000000000e+000  0.0000000000000000e+000  0.0000000000000000e+000  0.0000000000000000e+000  0.0000000000000000e+000  0.0000000000000000e+000  0.0000000000000000e+000
  5.3687172473124235e+001  1.2894987758921843e+001  4.9842802515122457e+000  4.7177719849708524e+000  4.3354322347398124e+000  4.3354073379855436e+000  4.3354073379854299e+000  4.3354073379854299e+000  4.3354073379854299e+000  4.3354073379854299e+000  4.3354073379854299e+000  4.3354073379854299e+000  4.3354073379854299e+000  4.3354073379854299e+000
  5.6227058855211908e+001  8.4208388565871246e+000  8.1585317009711389e-001  5.8482435844251768e-001  2.6093047235576705e-002  0.0000000000000000e+000  0.0000000000000000e+000  0.0000000000000000e+000  0.0000000000000000e+000  0.0000000000000000e+000  0.0000000000000000e+000  0.0000000000000000e+000  0.0000000000000000e+000  0.0000000000000000e+000
  6.2309990744985953e+001  1.5192462641134000e+001  5.1559771875527076e+000  4.6319945421530520e+000  4.3354076944815461e+000  4.3354073379854299e+000  4.3354073379854299e+000  4.3354073379854299e+000  4.3354073379854299e+000  4.3354073379854299e+000  4.3354073379854299e+000  4.3354073379854299e+000  4.3354073379854299e+000  4.3354073379854299e+000
  8.9124346287125491e+001  7.2383636429788567e+001  4.7046129575393593e+001  3.5474437597234271e+001  3.4780275115366692e+001  3.4780274874720703e+001  3.4780274874720703e+001  3.4780274874720703e+001  3.4780274874720703e+001  3.4780274874720703e+001  3.4780274874720703e+001  3.4780274874720703e+001  3.4780274874720703e+001  3.4780274874720703e+001
  8.0840056721090548e+001  4.2075181629552674e+001  3.5633418113591802e+001  3.4781634159767236e+001  3.4780274875115083e+001  3.4780274874720703e+001  3.4780274874720703e+001  3.4780274874720703e+001  3.4780274874720703e+001  3.4780274874720703e+001  3.4780274874720703e+001  3.4780274874720703e+001  3.4780274874720703e+001  3.4780274874720703e+001
  5.1866889322970621e+001  3.7330089174503428e+001  3.5766559181840705e+001  3.4802851923617311e+001  3.4780274916009716e+001  3.4780274874720703e+001  3.4780274874720703e+001  3.4780274874720703e+001  3.4780274874720703e+001  3.4780274874720703e+001  3.4780274874720703e+001  3.4780274874720703e+001  3.4780274874720703e+001  3.4780274874720703e+001
  4.4901929893467525e+001  7.8428724347115804e+000  1.5136713878945329e+000  8.0456322464613095e-001  7.1588984258312394e-002  1.5349201021308545e-008  0.0000000000000000e+000  0.0000000000000000e+000  0.0000000000000000e+000  0.0000000000000000e+000  0.0000000000000000e+000  0.0000000000000000e+000  0.0000000000000000e+000  0.0000000000000000e+000
  4.3035234800191404e+001  3.6297216439194756e+001  3.4864208507363571e+001  3.4780595805290261e+001  3.4780274875440284e+001  3.4780274874720703e+001  3.4780274874720703e+001  3.4780274874720703e+001  3.4780274874720703e+001  3.4780274874720703e+001  3.4780274874720703e+001  3.4780274874720703e+001  3.4780274874720703e+001  3.4780274874720703e+001
  5.5792138608777009e+001  3.6267402789006155e+001  3.4803955169970493e+001  3.4780296981453375e+001  3.4780274874754241e+001  3.4780274874720646e+001  3.4780274874720646e+001  3.4780274874720646e+001  3.4780274874720646e+001  3.4780274874720646e+001  3.4780274874720646e+001  3.4780274874720646e+001  3.4780274874720646e+001  3.4780274874720646e+001
  5.3431691067835118e+001  1.9745977545590733e+001  6.1688933810287381e+000  4.7621525399553661e+000  4.3354108155126596e+000  4.3354073379854299e+000  4.3354073379854299e+000  4.3354073379854299e+000  4.3354073379854299e+000  4.3354073379854299e+000  4.3354073379854299e+000  4.3354073379854299e+000  4.3354073379854299e+000  4.3354073379854299e+000
  8.1695721142967898e+001  4.1447959734473841e+001  3.4849394428714561e+001  3.4780378417475276e+001  3.4780274874850591e+001  3.4780274874720646e+001  3.4780274874720646e+001  3.4780274874720646e+001  3.4780274874720646e+001  3.4780274874720646e+001  3.4780274874720646e+001  3.4780274874720646e+001  3.4780274874720646e+001  3.4780274874720646e+001
  7.1228863076660730e+001  6.7963764592800601e+001  6.5539928047366686e+001  3.5151552441125546e+001  3.4780275009541526e+001  3.4780274874720703e+001  3.4780274874720703e+001  3.4780274874720703e+001  3.4780274874720703e+001  3.4780274874720703e+001  3.4780274874720703e+001  3.4780274874720703e+001  3.4780274874720703e+001  3.4780274874720703e+001
