  3.3461848261124032e+001  2.6227403446637595e+001  2.2413757068047403e+001  2.0144553044035661e+001  1.9453862016717039e+001  1.9444587476090646e+001  1.9444582715622232e+001  1.9444582715589490e+001  1.9444582715584033e+001  1.9444582715582669e+001  1.9444582715582669e+001  1.9444582715582669e+001  1.9444582715582669e+001  1.9444582715582669e+001
  3.5778928008847060e+001  3.0414856451223045e+001  2.5779989345196554e+001  2.3848041844448744e+001  2.3590262374728468e+001  2.3587506230589270e+001  2.3587496500707857e+001  2.3587496490701142e+001  2.3587496490697276e+001  2.3587496490695912e+001  2.3587496490695912e+001  2.3587496490695912e+001  2.3587496490695912e+001  2.3587496490695912e+001
  4.0809246933294162e+001  2.9872498140867719e+001  2.7194273102730335e+001  2.4200044907484767e+001  2.3872559865641961e+001  2.3866735408787690e+001  2.3866734234056935e+001  2.3866734234012938e+001  2.3866734234002479e+001  2.3866734234002479e+001  2.3866734234001228e+001  2.3866734234001228e+001  2.3866734234001228e+001  2.3866734234001228e+001
  3.9118489765011873e+001  2.9680087834241476e+001  2.4735501701371390e+001  2.1964400008055236e+001  2.1689897747692612e+001  2.1684764858848553e+001  2.1684760769155787e+001  2.1684760769018908e+001  2.1684760769016293e+001  2.1684760769014588e+001  2.1684760769014588e+001  2.1684760769014588e+001  2.1684760769014588e+001  2.1684760769014588e+001
  3.7374105226845018e+001  3.1305296006500498e+001  2.6255737779039237e+001  2.3822561001813483e+001  2.3031259132592822e+001  2.3016396347661384e+001  2.3016394151935401e+001  2.3016394151848544e+001  2.3016394151845702e+001  2.3016394151845475e+001  2.3016394151845475e+001  2.3016394151845475e+001  2.3016394151845475e+001  2.3016394151845475e+001
  3.8796859376941597e+001  3.1407970028504906e+001  2.6488091821786384e+001  2.0890663500117512e+001  2.0122938288450769e+001  2.0107983570981901e+001  2.0107980510555080e+001  2.0107980499226073e+001  2.0107980499219479e+001  2.0107980499219252e+001  2.0107980499218456e+001  2.0107980499218456e+001  2.0107980499218456e+001  2.0107980499218456e+001
  3.6444261570206208e+001  2.6562222872434972e+001  2.3898218970476591e+001  2.2226589382732527e+001  2.1974445941217482e+001  2.1972181781421682e+001  2.1972179289494079e+001  2.1972179289268070e+001  2.1972179289264886e+001  2.1972179289263181e+001  2.1972179289263181e+001  2.1972179289263181e+001  2.1972179289263181e+001  2.1972179289263181e+001
  3.6420634470760547e+001  2.6163257284545921e+001  2.2643716391589237e+001  1.9190249124526190e+001  1.8608452192323966e+001  1.8592420311781780e+001  1.8592403317924095e+001  1.8592403317418757e+001  1.8592403317416029e+001  1.8592403317414323e+001  1.8592403317414323e+001  1.8592403317414323e+001  1.8592403317414323e+001  1.8592403317414323e+001
  3.9190710517594084e+001  3.5801024774860821e+001  3.3892653300924508e+001  2.8580943686656155e+001  2.7631212225943500e+001  2.7616051966790565e+001  2.7616051238736645e+001  2.7616051238718569e+001  2.7616051238718569e+001  2.7616051238717205e+001  2.7616051238717205e+001  2.7616051238717205e+001  2.7616051238717205e+001  2.7616051238717205e+001
  3.4410636166077666e+001  2.7221917982089053e+001  2.2721487519051720e+001  2.1108914717744483e+001  2.0608446995049462e+001  2.0603127073023302e+001  2.0603121519750857e+001  2.0603121519425031e+001  2.0603121519419574e+001  2.0603121519416050e+001  2.0603121519413889e+001  2.0603121519413889e+001  2.0603121519413889e+001  2.0603121519413889e+001
  3.8259405166012698e+001  2.8313342250256028e+001  2.5231333097618062e+001  2.3602798572858205e+001  2.3302060609853129e+001  2.3293987896423118e+001  2.3293983306686300e+001  2.3293983306533164e+001  2.3293983306529526e+001  2.3293983306529412e+001  2.3293983306528730e+001  2.3293983306528162e+001  2.3293983306528048e+001  2.3293983306528048e+001
  3.1618597848429886e+001  1.7685756963355061e+001  1.4848279811063321e+001  1.3256045639826652e+001  1.2762436882620818e+001  1.2754743708429487e+001  1.2754743380334276e+001  1.2754739574828704e+001  1.2754739574792097e+001  1.2754739574788005e+001  1.2754739574786981e+001  1.2754739574786072e+001  1.2754739574786072e+001  1.2754739574786072e+001
  3.8316171330450857e+001  3.3878842313054747e+001  3.0574956602786870e+001  2.8943359301159717e+001  2.8658587466615472e+001  2.8655079038204462e+001  2.8655078651203780e+001  2.8655078651165240e+001  2.8655078651165240e+001  2.8655078651165013e+001  2.8655078651164786e+001  2.8655078651164786e+001  2.8655078651164786e+001  2.8655078651164786e+001
  3.5383022901766140e+001  3.1273482644760975e+001  2.8159926623474803e+001  2.6302455064845390e+001  2.5708877696185937e+001  2.5698873338774661e+001  2.5698850007755595e+001  2.5698850007514238e+001  2.5698850007512078e+001  2.5698850007512078e+001  2.5698850007512078e+001  2.5698850007512078e+001  2.5698850007512078e+001  2.5698850007512078e+001
  3.4197487491197990e+001  2.3348317731788711e+001  1.8648874874848389e+001  1.6340372372265847e+001  1.5815636823142086e+001  1.5807351862664973e+001  1.5807343215279957e+001  1.5807339398785530e+001  1.5807339398497447e+001  1.5807339398494832e+001  1.5807339398491195e+001  1.5807339398490285e+001  1.5807339398490285e+001  1.5807339398490285e+001
  3.3906829001736696e+001  2.6151856508573701e+001  2.2652467969894701e+001  2.0854381740964413e+001  2.0403376293341125e+001  2.0399277019908482e+001  2.0399275690892523e+001  2.0399275690878653e+001  2.0399275690878653e+001  2.0399275690878540e+001  2.0399275690878540e+001  2.0399275690878540e+001  2.0399275690878540e+001  2.0399275690878540e+001
  3.1843742382506775e+001  2.8847953879722581e+001  2.5278074407210852e+001  2.0369145709793543e+001  1.9602619618434574e+001  1.9574395802145432e+001  1.9574390325492232e+001  1.9574390325421518e+001  1.9574390325421518e+001  1.9574390325421518e+001  1.9574390325421518e+001  1.9574390325421518e+001  1.9574390325421518e+001  1.9574390325421518e+001
  3.7695833617014728e+001  3.1693082163662325e+001  2.5558214157480734e+001  2.0187942005498485e+001  1.8561356212045666e+001  1.8545393693302458e+001  1.8545381554464484e+001  1.8545380615711906e+001  1.8545380615497265e+001  1.8545380615497265e+001  1.8545380615495446e+001  1.8545380615495219e+001  1.8545380615495219e+001  1.8545380615495219e+001
  3.4300295301875053e+001  2.8001170882306269e+001  2.4940359736247501e+001  2.2881354595538028e+001  2.2432174133274543e+001  2.2426417389667449e+001  2.2426411741075185e+001  2.2426411740975936e+001  2.2426411740975936e+001  2.2426411740975936e+001  2.2426411740975936e+001  2.2426411740975936e+001  2.2426411740975936e+001  2.2426411740975936e+001
  3.6051625526096359e+001  3.3412649632787748e+001  3.0838242868178440e+001  2.9011790031830856e+001  2.8669788259063353e+001  2.8666942146603787e+001  2.8666941363835576e+001  2.8666941363808633e+001  2.8666941363806586e+001  2.8666941363805904e+001  2.8666941363805904e+001  2.8666941363805904e+001  2.8666941363805904e+001  2.8666941363805904e+001
  3.8510288934445612e+001  3.2937386444368599e+001  2.6861700740665469e+001  2.2930435060076206e+001  2.2531554177085127e+001  2.2526051687664562e+001  2.2526050631906855e+001  2.2526050631895259e+001  2.2526050631893895e+001  2.2526050631893895e+001  2.2526050631893554e+001  2.2526050631893554e+001  2.2526050631893554e+001  2.2526050631893554e+001
  3.3954137798704551e+001  2.4965564830497328e+001  2.2379305134667106e+001  2.0487869890156958e+001  2.0132837057695042e+001  2.0129691046682524e+001  2.0129689810183550e+001  2.0129689810079526e+001  2.0129689810074865e+001  2.0129689810074865e+001  2.0129689810074865e+001  2.0129689810074865e+001  2.0129689810074865e+001  2.0129689810074865e+001
  3.4775756374784009e+001  2.5647878707381210e+001  2.2853875420641543e+001  2.0561967407361522e+001  1.9457452187126933e+001  1.9430816844773972e+001  1.9430812470638216e+001  1.9430812469113562e+001  1.9430812469112425e+001  1.9430812469109696e+001  1.9430812469109696e+001  1.9430812469109696e+001  1.9430812469109696e+001  1.9430812469109696e+001
  3.7505916837010432e+001  2.6668975648276387e+001  2.0798797917769434e+001  1.8060138483991636e+001  1.7687701769674732e+001  1.7681195086392904e+001  1.7681193797958599e+001  1.7681193797926653e+001  1.7681193797923129e+001  1.7681193797923129e+001  1.7681193797923129e+001  1.7681193797923129e+001  1.7681193797923129e+001  1.7681193797923129e+001
  3.7330973844545952e+001  3.1571141084892702e+001  2.2331036517423172e+001  1.9530506251217389e+001  1.8564947467153615e+001  1.8549945248184940e+001  1.8549939491618943e+001  1.8549939490349743e+001  1.8549939490345878e+001  1.8549939490344286e+001  1.8549939490344286e+001  1.8549939490344286e+001  1.8549939490344286e+001  1.8549939490344286e+001
  3.8338833178612617e+001  3.5219998012150199e+001  3.1216157165834716e+001  2.8971678994312470e+001  2.8644547865855202e+001  2.8641719658408533e+001  2.8641719513363910e+001  2.8641719513356293e+001  2.8641719513355724e+001  2.8641719513355724e+001  2.8641719513355724e+001  2.8641719513355724e+001  2.8641719513355724e+001  2.8641719513355724e+001
  3.7958388865980055e+001  3.0561350140132390e+001  2.4924680361618016e+001  2.2646673154068594e+001  2.2016423907961780e+001  2.2011721481511131e+001  2.2011721283266752e+001  2.2011721283259135e+001  2.2011721283255042e+001  2.2011721283254019e+001  2.2011721283254019e+001  2.2011721283254019e+001  2.2011721283254019e+001  2.2011721283254019e+001
  3.3854264249794142e+001  2.8273642233670330e+001  2.6407588342410691e+001  2.4674589876234677e+001  2.4402820810248045e+001  2.4401205159876099e+001  2.4401204165601484e+001  2.4401204165571130e+001  2.4401204165565105e+001  2.4401204165565105e+001  2.4401204165565105e+001  2.4401204165565105e+001  2.4401204165565105e+001  2.4401204165565105e+001
  3.3456798559284380e+001  3.0086817310720903e+001  2.3342552549195716e+001  1.6823652710555621e+001  1.5633436052761908e+001  1.5620844939789663e+001  1.5620840619794308e+001  1.5620840578668094e+001  1.5620840578648085e+001  1.5620840578648085e+001  1.5620840578648085e+001  1.5620840578648085e+001  1.5620840578648085e+001  1.5620840578648085e+001
  3.6039130303345019e+001  2.9501748612092115e+001  2.5750716819742934e+001  2.4628616703272996e+001  2.4223161476177779e+001  2.4216832758584701e+001  2.4215661027039005e+001  2.4215660495994030e+001  2.4215660495910242e+001  2.4215660495908878e+001  2.4215660495906718e+001  2.4215660495906718e+001  2.4215660495906718e+001  2.4215660495906718e+001
  4.0252684224607151e+001  2.5755062215417297e+001  1.8204475521883978e+001  1.5728095032034048e+001  1.5336293200249997e+001  1.5332810874453230e+001  1.5332810750703061e+001  1.5332810750685212e+001  1.5332810750676003e+001  1.5332810750675208e+001  1.5332810750671911e+001  1.5332810750671570e+001  1.5332810750671570e+001  1.5332810750671570e+001
  4.0571286641371330e+001  3.1751236839970375e+001  2.5150806553696953e+001  2.2937246668526655e+001  2.1254179787531939e+001  2.1217660091507810e+001  2.1217650247207871e+001  2.1217650245866707e+001  2.1217650245863297e+001  2.1217650245863297e+001  2.1217650245863297e+001  2.1217650245863297e+001  2.1217650245863297e+001  2.1217650245863297e+001
  3.6296599719633264e+001  2.8035402457994792e+001  2.4846650741777125e+001  2.1899315159043795e+001  2.1520221989261358e+001  2.1515353333095277e+001  2.1515352483240235e+001  2.1515352483197830e+001  2.1515352483196580e+001  2.1515352483194988e+001  2.1515352483194988e+001  2.1515352483194988e+001  2.1515352483194988e+001  2.1515352483194988e+001
  3.5506850344866166e+001  2.9063857545194082e+001  2.3007916531840465e+001  1.8986832522642317e+001  1.8108055649911989e+001  1.8098807349959770e+001  1.8098803099246425e+001  1.8098803099139673e+001  1.8098803099133534e+001  1.8098803099128986e+001  1.8098803099126940e+001  1.8098803099126940e+001  1.8098803099126940e+001  1.8098803099126940e+001
  3.7148846924508121e+001  3.1283756236045633e+001  2.5576034911655597e+001  2.3228252843805535e+001  2.2796880186689350e+001  2.2791325019479814e+001  2.2791324641118649e+001  2.2791324641089318e+001  2.2791324641087613e+001  2.2791324641087385e+001  2.2791324641087385e+001  2.2791324641087385e+001  2.2791324641087385e+001  2.2791324641087385e+001
  3.5643915550700058e+001  2.6246855191930990e+001  2.1292649237699607e+001  1.9119228076969421e+001  1.8593885681958227e+001  1.8584050450764721e+001  1.8584045461142409e+001  1.8584045454906459e+001  1.8584045454899979e+001  1.8584045454898501e+001  1.8584045454897705e+001  1.8584045454897705e+001  1.8584045454897705e+001  1.8584045454897705e+001
  3.6952195810705234e+001  3.1760729690033486e+001  2.4389472971820624e+001  2.0620106270750398e+001  2.0100158480079131e+001  2.0095298220185668e+001  2.0095296989391159e+001  2.0095296989136955e+001  2.0095296989124677e+001  2.0095296989124677e+001  2.0095296989124677e+001  2.0095296989124677e+001  2.0095296989124677e+001  2.0095296989124677e+001
  3.6597106034792546e+001  2.6874125989966615e+001  2.2218088261389880e+001  2.0498298755607834e+001  1.9934474408168398e+001  1.9930049452684102e+001  1.9930049277181524e+001  1.9930049277134003e+001  1.9930049277126045e+001  1.9930049277125477e+001  1.9930049277125477e+001  1.9930049277125477e+001  1.9930049277125477e+001  1.9930049277125477e+001
  3.8473730409370773e+001  3.3663381912037380e+001  3.1558855796200078e+001  3.0209291445476424e+001  2.9943094240073492e+001  2.9937563612042595e+001  2.9937562934542939e+001  2.9937562934090238e+001  2.9937562934087737e+001  2.9937562934085690e+001  2.9937562934085690e+001  2.9937562934085690e+001  2.9937562934085690e+001  2.9937562934085690e+001
  3.5321467356023049e+001  2.8864395863441814e+001  2.3088126601727936e+001  2.0718832627229290e+001  2.0192934256930130e+001  2.0188860650593597e+001  2.0188854489978212e+001  2.0188854489806772e+001  2.0188854489801884e+001  2.0188854489801884e+001  2.0188854489801884e+001  2.0188854489801884e+001  2.0188854489801884e+001  2.0188854489801884e+001
  3.4792705573039143e+001  2.6646054922014969e+001  2.1800284136835899e+001  1.9475042833021462e+001  1.9146462051299068e+001  1.9141726596687249e+001  1.9141726446901771e+001  1.9141726446898815e+001  1.9141726446898815e+001  1.9141726446898815e+001  1.9141726446898133e+001  1.9141726446897792e+001  1.9141726446897792e+001  1.9141726446897792e+001
  3.2718610056768739e+001  2.8655508942304664e+001  2.4233393997028543e+001  2.2590510098000323e+001  2.2445180836027816e+001  2.2439303575292115e+001  2.2439300780572466e+001  2.2439300780549502e+001  2.2439300780547569e+001  2.2439300780545750e+001  2.2439300780545750e+001  2.2439300780545750e+001  2.2439300780545750e+001  2.2439300780545750e+001
  3.9188303109368690e+001  3.1110589804348479e+001  2.5787394807080773e+001  2.2852437042672591e+001  2.2039030874328432e+001  2.2032163820692176e+001  2.2032163601001002e+001  2.2032163600969170e+001  2.2032163600960303e+001  2.2032163600956892e+001  2.2032163600956210e+001  2.2032163600956210e+001  2.2032163600956210e+001  2.2032163600956210e+001
  3.5899844911035075e+001  2.7866400002955174e+001  2.3825930772769311e+001  2.1594700659974819e+001  2.1131320946283495e+001  2.1126085645252942e+001  2.1126084842257796e+001  2.1126084841911734e+001  2.1126084841910256e+001  2.1126084841910256e+001  2.1126084841909915e+001  2.1126084841909915e+001  2.1126084841909915e+001  2.1126084841909915e+001
  3.4244955009287878e+001  2.7506541967342628e+001  2.2145073022286738e+001  1.9053041734700514e+001  1.8488443721151043e+001  1.8484523035064399e+001  1.8484522666953808e+001  1.8484522666824546e+001  1.8484522666824091e+001  1.8484522666821817e+001  1.8484522666821817e+001  1.8484522666821817e+001  1.8484522666821817e+001  1.8484522666821817e+001
  3.3767390496919120e+001  2.1251669736468102e+001  1.8884196543863027e+001  1.7256657399232495e+001  1.6939324849960940e+001  1.6935213267217364e+001  1.6935212516971433e+001  1.6935212516950514e+001  1.6935212516947331e+001  1.6935212516945512e+001  1.6935212516945512e+001  1.6935212516945512e+001  1.6935212516945512e+001  1.6935212516945512e+001
  3.6916703645343887e+001  2.9615482085536541e+001  2.6593507508041739e+001  2.4834926881465208e+001  2.4536566731028415e+001  2.4532105192997733e+001  2.4532103820970519e+001  2.4532103819038184e+001  2.4532103819036820e+001  2.4532103819035910e+001  2.4532103819035910e+001  2.4532103819035910e+001  2.4532103819035910e+001  2.4532103819035910e+001
  3.9051303731599887e+001  3.4599827964806423e+001  2.7244179306572391e+001  2.2948438664361561e+001  2.1556278193968183e+001  2.1542536385646599e+001  2.1542527066837010e+001  2.1542526325046197e+001  2.1542526324120104e+001  2.1542526324118398e+001  2.1542526324118171e+001  2.1542526324118171e+001  2.1542526324118171e+001  2.1542526324118171e+001
  3.8705002807576079e+001  3.0338583938812121e+001  2.4958941610195893e+001  2.2369271643357820e+001  2.1852317061756594e+001  2.1845263012965574e+001  2.1845261864523422e+001  2.1845261864477834e+001  2.1845261864476129e+001  2.1845261864476129e+001  2.1845261864476129e+001  2.1845261864476129e+001  2.1845261864476129e+001  2.1845261864476129e+001
  3.9230603402612246e+001  3.1278656857331384e+001  2.7416002490798746e+001  2.4855152297549580e+001  2.4058241261711032e+001  2.4056033676576703e+001  2.4056029338604276e+001  2.4056029337342807e+001  2.4056029337330756e+001  2.4056029337328710e+001  2.4056029337326436e+001  2.4056029337326436e+001  2.4056029337326436e+001  2.4056029337326436e+001
  3.5191983467463615e+001  2.6970925012212092e+001  2.4633917829611391e+001  2.2039282650314021e+001  2.1727067445835814e+001  2.1724348283283348e+001  2.1724344412301093e+001  2.1724344410759841e+001  2.1724344410759841e+001  2.1724344410759272e+001  2.1724344410756544e+001  2.1724344410756544e+001  2.1724344410756544e+001  2.1724344410756544e+001
