  8.4005943129633670e+002  4.2592298919397354e+002  3.8075995442338353e+002  3.7042634912287440e+002  3.6660351128253114e+002  3.5953811443084851e+002  3.5913411778122918e+002  3.5906242019283400e+002  3.5902648185061071e+002  3.5899731884318771e+002  3.5899580711217050e+002  3.5899564931027453e+002  3.5899557835873156e+002  3.5899557835873156e+002
  4.6862798099770907e+002  3.1990200834841335e+002  2.8758836089500028e+002  2.7987903027636548e+002  2.7351481386487376e+002  2.6610134006915087e+002  2.6528512758413171e+002  2.6522839928564008e+002  2.6518954846087399e+002  2.6518583440341945e+002  2.6517198000227290e+002  2.6517008187598458e+002  2.6516907849631934e+002  2.6516907849631934e+002
  1.3633027227221019e+003  1.1232804126094343e+003  1.1057751624086036e+003  1.1018213866071856e+003  1.0776622774630528e+003  1.0669050939629947e+003  1.0546480449020628e+003  1.0545033230941235e+003  1.0543218841137796e+003  1.0540888398380293e+003  1.0540796818862013e+003  1.0540745948952899e+003  1.0540719091984743e+003  1.0540719091984743e+003
  7.0764268955648276e+002  3.9847992504041758e+002  3.1670360682252976e+002  3.0845350099415509e+002  2.9896337073781206e+002  2.8129447083544164e+002  2.8112630719173330e+002  2.8107041008644410e+002  2.8104475656305613e+002  2.8104435884628128e+002  2.8104433478712417e+002  2.8104432989026191e+002  2.8104413916626436e+002  2.8104413916626436e+002
  5.1338639261417120e+002  4.6510142307750402e+002  4.2827808006156829e+002  4.0249276045508577e+002  3.9671453797141203e+002  3.9093233924233118e+002  3.9062212834598085e+002  3.9059806156577952e+002  3.9058882021536874e+002  3.9058810906611188e+002  3.9056838554518799e+002  3.9056618058622644e+002  3.9056580512503115e+002  3.9056580512503115e+002
  1.0550637076703024e+003  8.4236783592011989e+002  7.7832798519319886e+002  7.6093202892948921e+002  7.4947381684023912e+002  7.4167269756076348e+002  7.4157260164569288e+002  7.4150208470732241e+002  7.4148711672049103e+002  7.4147779602996388e+002  7.4147636590386810e+002  7.4147622929800855e+002  7.4147619400413987e+002  7.4147619400413987e+002
  9.4916723265082874e+002  5.8483928196614397e+002  4.6316721920615146e+002  3.1056957115224077e+002  3.0036245010369612e+002  2.9648347790652770e+002  2.9630978069520006e+002  2.9603645478283806e+002  2.9600900029613877e+002  2.9599577117270201e+002  2.9599438398158463e+002  2.9596518886191825e+002  2.9595769356411256e+002  2.9595769356411256e+002
  9.0017837005369256e+002  5.0866661027839746e+002  4.4030273925353458e+002  4.3051500890283205e+002  4.2244250100595036e+002  4.1016109149434442e+002  4.0799598548593895e+002  4.0793758244410174e+002  4.0792421060912466e+002  4.0792307208670900e+002  4.0792299850649579e+002  4.0792298493515727e+002  4.0792297745921223e+002  4.0792297745921223e+002
  6.2993466860867102e+002  5.7175633920780047e+002  5.5737062845317769e+002  5.5469877080146489e+002  5.4804136288509017e+002  5.4269904603200121e+002  5.4243098458472105e+002  5.4240794368004890e+002  5.4236640639449070e+002  5.4236358176930935e+002  5.4236269306070881e+002  5.4236202849462188e+002  5.4235048144080247e+002  5.4235048144080247e+002
  8.6968025136520964e+002  4.9650904907450558e+002  3.5151057826002989e+002  3.2930298353744774e+002  3.0692842675516476e+002  3.0399780664791342e+002  3.0374680285673276e+002  3.0305124100064404e+002  3.0302101580848876e+002  3.0301937484611653e+002  3.0301760272541424e+002  3.0301757996487231e+002  3.0301757699370228e+002  3.0301757699370228e+002
  9.2474782845320306e+002  7.8685115620218767e+002  7.4117808322175733e+002  7.3752924267497610e+002  7.3215264568184011e+002  7.2432166614450398e+002  7.2411289605314460e+002  7.2410802775964657e+002  7.2410709715448002e+002  7.2410681228498379e+002  7.2410673226581412e+002  7.2410672381403720e+002  7.2410672239302039e+002  7.2410672239302039e+002
  6.2665654682433205e+002  4.3451615609712144e+002  3.0914832009577276e+002  2.8732713936111304e+002  2.7224701638973193e+002  2.6895687296277538e+002  2.6880445461496629e+002  2.6878976742617670e+002  2.6878849445905144e+002  2.6878830299114998e+002  2.6878827023701342e+002  2.6878825891293582e+002  2.6878825797761920e+002  2.6878825797761920e+002
  1.0169792642995608e+003  4.6935997734090097e+002  4.3546287528379571e+002  4.2334185673236516e+002  4.1720397927447584e+002  3.9795255003764260e+002  3.9746377903044413e+002  3.9699262859946430e+002  3.9697649178355914e+002  3.9697320494195856e+002  3.9696710188853467e+002  3.9695119967587516e+002  3.9695075924844878e+002  3.9695075924844878e+002
  8.7523380576734189e+002  3.9866261244418547e+002  3.0491942185388098e+002  2.8582260766782656e+002  2.8115385347243500e+002  2.7331764015726003e+002  2.7311825941696952e+002  2.7308687154522841e+002  2.7300214262132977e+002  2.7299179801454102e+002  2.7298818037174033e+002  2.7298811547676223e+002  2.7298810127271145e+002  2.7298810127271145e+002
  6.1482366765113193e+002  5.1996432079102397e+002  5.0515481429187548e+002  4.9728709813039086e+002  4.9567797379031617e+002  4.9137701363248107e+002  4.9110837561791777e+002  4.9094490914226071e+002  4.9090071163220546e+002  4.9088757707091736e+002  4.9088707170820362e+002  4.9088680702970032e+002  4.9088664006541740e+002  4.9088664006541740e+002
  7.9327175111065390e+002  5.3324636364111302e+002  4.6853067237424102e+002  4.5927883130062673e+002  4.5251120350112387e+002  4.4617932485780284e+002  4.4600384270069890e+002  4.4593651838498999e+002  4.4593058637296099e+002  4.4593053950421745e+002  4.4588530715346042e+002  4.4584601469566769e+002  4.4584420312296970e+002  4.4584420312296970e+002
  9.7601161192036034e+002  7.6654580669962434e+002  5.6684907862787577e+002  5.5181804353552161e+002  5.1654502529799856e+002  5.1382975228287705e+002  5.1177184384662587e+002  5.0783597896191986e+002  5.0777831948979929e+002  5.0761560621101853e+002  5.0750331555038429e+002  5.0746719183090227e+002  5.0746248224541114e+002  5.0746248224541114e+002
  7.8676679107916061e+002  6.6493234109926198e+002  6.0390876117482321e+002  5.9840981790711612e+002  5.9625251426576187e+002  5.9097821062466437e+002  5.9068298261315431e+002  5.9064520355622381e+002  5.9058804884212077e+002  5.9057928114933566e+002  5.9057896350864439e+002  5.9057865397059413e+002  5.9057864527493575e+002  5.9057864527493575e+002
  8.1817375608179600e+002  5.8832764113093026e+002  5.3266349660439391e+002  5.2036799615679047e+002  5.1684654523200652e+002  4.9810197106790019e+002  4.9795308997241227e+002  4.9790591619125917e+002  4.9788999910861321e+002  4.9788922424529483e+002  4.9788855186916498e+002  4.9783764940180117e+002  4.9782349692787420e+002  4.9782349692787420e+002
  1.3304863636036753e+003  1.0394794452731594e+003  1.0029634100274743e+003  8.3982335980014705e+002  8.2643258987975832e+002  5.6386842470343527e+002  5.6309406415287958e+002  5.6293183738419702e+002  5.6259690033273182e+002  5.6257461828904434e+002  5.6255461199694400e+002  5.6255253535796737e+002  5.6255241606656773e+002  5.6255241606656773e+002
  7.5312394296314187e+002  6.2314106622976851e+002  6.0903394084036881e+002  5.9501749614669097e+002  5.9221432631945891e+002  5.9012596163470789e+002  5.9000861225785366e+002  5.8993984091119182e+002  5.8993343205533438e+002  5.8993288187897952e+002  5.8992457730947626e+002  5.8992446064146316e+002  5.8992444816579155e+002  5.8992444816579155e+002
  9.4031118156339198e+002  4.0602528520403939e+002  3.1600683738542466e+002  2.8328134811711152e+002  2.7725291045933227e+002  2.6860630652560349e+002  2.6834605174490889e+002  2.6828995316511191e+002  2.6826212403550016e+002  2.6826073820525517e+002  2.6825822970549689e+002  2.6825805198517946e+002  2.6825800896661258e+002  2.6825800896661258e+002
  7.2482914768082082e+002  5.2488045319710454e+002  4.9633108143313393e+002  4.9228759152456541e+002  4.8534025381979973e+002  4.8497487767780740e+002  4.8442959789679753e+002  4.8431697847973737e+002  4.8430721967547470e+002  4.8430610690539015e+002  4.8430609398023353e+002  4.8430608668170362e+002  4.8430607911364177e+002  4.8430607911364177e+002
  9.6457354405986507e+002  7.9353969855229752e+002  7.5579129739764767e+002  7.4517728422286473e+002  7.3821938560446415e+002  7.3351469383507447e+002  7.3333346939112880e+002  7.3332334503215634e+002  7.3332253648564392e+002  7.3332250981799780e+002  7.3332250522831873e+002  7.3332250217107094e+002  7.3332250217107094e+002  7.3332250217107094e+002
  8.4678997545064385e+002  6.1077040719336401e+002  4.2391053541858537e+002  4.1279075631372189e+002  4.0302468927956033e+002  3.9865526293001449e+002  3.9370424916230650e+002  3.9342478904593645e+002  3.9338220032967865e+002  3.9337265477927394e+002  3.9337162697850636e+002  3.9337154181966162e+002  3.9337151306400119e+002  3.9337151306400119e+002
  7.5249678242638493e+002  6.5162033315379449e+002  5.8793431390874093e+002  5.7020804673934481e+002  5.6396084227082474e+002  5.6095149451313682e+002  5.6049627648081196e+002  5.6041475029383446e+002  5.6037716072935473e+002  5.6037661153268755e+002  5.6037488676810608e+002  5.6037145866407036e+002  5.6037135739436735e+002  5.6037135739436735e+002
  8.9701059737494143e+002  5.6654296655544249e+002  5.1796478639171710e+002  5.0942327657704527e+002  5.0202526450644245e+002  5.0002989949819994e+002  4.9982112729800747e+002  4.9981213015651792e+002  4.9971021181057904e+002  4.9970651916372481e+002  4.9970599271678748e+002  4.9970136918588605e+002  4.9969916088912169e+002  4.9969916088912169e+002
  6.3981730693062582e+002  4.5165049416768397e+002  3.0485925431114811e+002  2.7732671572879690e+002  2.7298684013976163e+002  2.6229861341037349e+002  2.6198564376113063e+002  2.6191299213557795e+002  2.6191106438131646e+002  2.6191039206964888e+002  2.6191038830607749e+002  2.6191038104160725e+002  2.6191037771140282e+002  2.6191037771140282e+002
  8.0532549786095569e+002  5.9938683254231682e+002  5.3585376621285377e+002  5.2085864392074154e+002  5.1055690322640885e+002  5.0904477570479776e+002  5.0882296097256631e+002  5.0878892743530469e+002  5.0878482168090795e+002  5.0877625305190986e+002  5.0877601558804281e+002  5.0877590752305105e+002  5.0877589574634294e+002  5.0877589574634294e+002
  8.8452463084168630e+002  6.2451202207269534e+002  5.5481900117017631e+002  5.3416199675885127e+002  5.1620757009716363e+002  5.1326772469642765e+002  5.1309840848339627e+002  5.1309319599847458e+002  5.1307070328354985e+002  5.1300014642866518e+002  5.1299363244644246e+002  5.1299341023094121e+002  5.1299336140597825e+002  5.1299336140597825e+002
  7.5841315072510679e+002  4.9491406540332810e+002  4.6588214178773069e+002  4.6040018412931477e+002  4.5503134384621490e+002  4.5072776054665746e+002  4.4711585654602368e+002  4.4695880291813137e+002  4.4693109860904724e+002  4.4693040166736955e+002  4.4693031720185445e+002  4.4693031466898128e+002  4.4693031440358754e+002  4.4693031440358754e+002
  4.8558864384845310e+002  3.6393245512490421e+002  3.1158196206011871e+002  3.0572860169067053e+002  2.9274948331179303e+002  2.8389873082773738e+002  2.8365194382076425e+002  2.8359971435156831e+002  2.8359578975137401e+002  2.8359563101686308e+002  2.8359561021482341e+002  2.8359558020067698e+002  2.8359558020067698e+002  2.8359558020067698e+002
  4.7808967192611317e+002  3.3069571707974228e+002  2.8149198364996255e+002  2.6829371676410074e+002  2.5849157142483955e+002  2.5446285937545417e+002  2.5417637969161569e+002  2.5411283670297280e+002  2.5408946261474921e+002  2.5408809668196909e+002  2.5408802937383462e+002  2.5408801482368290e+002  2.5408799073393902e+002  2.5408799073393902e+002
  8.9082989704193642e+002  5.7185101402166401e+002  5.3372987386853674e+002  5.2358567660411791e+002  5.1704757516799737e+002  5.0065012018283369e+002  4.9301056817277640e+002  4.9266013623230583e+002  4.9261921398576715e+002  4.9261763776595035e+002  4.9261194960896864e+002  4.9261175456485353e+002  4.9261075628414483e+002  4.9261075628414483e+002
  5.5069344961116212e+002  3.6521429835685194e+002  3.5359208272420528e+002  3.4931865112781270e+002  3.4185615465649789e+002  3.4078740386993604e+002  3.4072869639620603e+002  3.4066837163429363e+002  3.4059384533234606e+002  3.4059217733975811e+002  3.4059160491805278e+002  3.4059156019601414e+002  3.4059153854850001e+002  3.4059153854850001e+002
  1.0475688200012992e+003  8.1161094129782123e+002  7.6271735545352703e+002  7.5406445927642335e+002  7.4626456938986621e+002  7.4068126762182055e+002  7.4045066902794224e+002  7.4038105309568618e+002  7.4036517113746322e+002  7.4036421651716500e+002  7.4036419850169432e+002  7.4036419344170918e+002  7.4036419305944219e+002  7.4036419305944219e+002
  8.1495376826850634e+002  4.8796719114678990e+002  4.6017177122473822e+002  4.4701575415167190e+002  4.3920179156389986e+002  4.3411098651977954e+002  4.3377576491124773e+002  4.3335039175975226e+002  4.3323437396396776e+002  4.3322790808111131e+002  4.3322649407036351e+002  4.3322635710507302e+002  4.3322620706193447e+002  4.3322620706193447e+002
  5.4844342136635123e+002  3.5305265165256333e+002  3.2562488562623003e+002  3.1403361904276699e+002  3.0332959069891467e+002  2.9980873819417229e+002  2.9958242974571203e+002  2.9953185858067536e+002  2.9949557754980106e+002  2.9949518780227299e+002  2.9949512461517497e+002  2.9949499136885970e+002  2.9949498794288911e+002  2.9949498794288911e+002
  1.0990015843802275e+003  9.5974995287107731e+002  8.6436042527232530e+002  3.5982078113865646e+002  2.9195790359111334e+002  2.8305433686890410e+002  2.8137698090796357e+002  2.8122904052660806e+002  2.8116096249289421e+002  2.8111184812405327e+002  2.8111081277481799e+002  2.8111072650758251e+002  2.8111068143737248e+002  2.8111068143737248e+002
  1.2276436729450515e+003  8.2696729925064892e+002  5.8591182591530742e+002  5.7432578834085734e+002  5.5779799416605101e+002  5.3581426257257499e+002  5.3189166082590100e+002  5.3170432739463195e+002  5.3168973980493911e+002  5.3164159435028932e+002  5.3163822661829772e+002  5.3161644042815624e+002  5.3148406509973211e+002  5.3148406509973211e+002
  7.7741135930700875e+002  5.6695045351948102e+002  5.3404729454461631e+002  5.3180404155037286e+002  5.1819191020422477e+002  5.0895702707173996e+002  5.0858528147990819e+002  5.0850892773063697e+002  5.0847547975021826e+002  5.0846786934077863e+002  5.0846717010692282e+002  5.0846710186960809e+002  5.0844603349919817e+002  5.0844603349919817e+002
  9.2351994614400883e+002  4.2264276386991014e+002  3.3037878552845359e+002  3.0596425496943766e+002  2.8442924156912431e+002  2.7270708199169985e+002  2.6925658034666685e+002  2.6913211733154458e+002  2.6907211777797193e+002  2.6906139397925654e+002  2.6906123836016150e+002  2.6905185513811057e+002  2.6904988636554572e+002  2.6904988636554572e+002
  6.7384956225832866e+002  4.8493218143437161e+002  3.2370936611255729e+002  2.9433616879071587e+002  2.6743129906100148e+002  2.6165555048343776e+002  2.6009431922189560e+002  2.5978939710879604e+002  2.5975379788454256e+002  2.5975181874855525e+002  2.5975180315864736e+002  2.5975180194562017e+002  2.5974206596825979e+002  2.5974206596825979e+002
  1.0933970389158449e+003  6.3249486453910640e+002  5.6436689731515344e+002  5.5901788099019859e+002  5.5166949460427395e+002  5.5019460259307198e+002  5.5002115499771753e+002  5.4976218333891165e+002  5.4973772135623949e+002  5.4973558782534838e+002  5.4973546608805646e+002  5.4973536858640091e+002  5.4973535294320618e+002  5.4973535294320618e+002
  9.6934252378464907e+002  6.0829578026704075e+002  5.5476204497991830e+002  5.4980260605380727e+002  5.4084267088845854e+002  5.3499808641919708e+002  5.3472732243409200e+002  5.3464182797342255e+002  5.3463835524889282e+002  5.3463802494573292e+002  5.3463700123209128e+002  5.3463680058919408e+002  5.3463614466247373e+002  5.3463614466247373e+002
  1.1027864239439932e+003  7.8074700734553289e+002  7.5175757043134672e+002  7.4242045187403710e+002  7.1580728805612216e+002  7.1146168473789112e+002  7.1121050806034509e+002  7.1111796638819396e+002  7.1108980563841124e+002  7.1108723336868206e+002  7.1107642020065714e+002  7.1107533526637053e+002  7.1107532181766237e+002  7.1107532181766237e+002
  7.9383686009370467e+002  5.1827036846912642e+002  4.7728978434361579e+002  4.6509176073690787e+002  4.3635785482886786e+002  4.2820375073140985e+002  4.2724604497604741e+002  4.2711706065074986e+002  4.2690494910436018e+002  4.2688378933259628e+002  4.2687446478613037e+002  4.2687393001594683e+002  4.2687383989701721e+002  4.2687383989701721e+002
  8.3942467077284073e+002  5.3419619611111511e+002  4.8362811667623555e+002  4.7400675931300475e+002  4.6741622373918699e+002  4.6524998961112351e+002  4.6502519357600340e+002  4.6501828936954007e+002  4.6500221776340777e+002  4.6497125058591473e+002  4.6496764629654444e+002  4.6495766797936813e+002  4.6495676090225243e+002  4.6495676090225243e+002
  1.0875974836589830e+003  4.8174857155264135e+002  3.2443674428176018e+002  2.9189893183924551e+002  2.8098899234800319e+002  2.7176511739809848e+002  2.7053336460959963e+002  2.7044900386385052e+002  2.7044056775495119e+002  2.7042453136179938e+002  2.7042395104488651e+002  2.7042391828170821e+002  2.7042391408080221e+002  2.7042391408080221e+002
  7.6682937496529848e+002  6.8110962002841643e+002  6.6244333841620937e+002  6.4740589483985150e+002  6.4233162849588507e+002  6.3481509734718838e+002  6.3458878522114719e+002  6.3443799442387899e+002  6.3441642929370755e+002  6.3441346533590604e+002  6.3441343228228561e+002  6.3441343021096191e+002  6.3441342975390398e+002  6.3441342975390398e+002
  6.3198224109474586e+002  4.3585081827622935e+002  3.8348215030809888e+002  3.7229437658931738e+002  3.6678686200286165e+002  3.6303338412345965e+002  3.6284386136299099e+002  3.6283235211997317e+002  3.6282912046561842e+002  3.6282628227162377e+002  3.6282503885400592e+002  3.6282499826722960e+002  3.6282494078774698e+002  3.6282494078774698e+002
