  1.2650201355736897e+004  1.1243003035361984e+004  9.1771014095796454e+003  5.6808548134726752e+003  4.5200936933190605e+003  4.4831763536060716e+003  4.4825242472236969e+003  4.4825203272909239e+003  4.4825203242155403e+003  4.4825203241932068e+003  4.4825203241931777e+003  4.4825203241931667e+003  4.4825203241931631e+003  4.4825203241931631e+003
  1.3002337764498252e+004  1.2899472842096689e+004  1.0211498638587327e+004  7.6801681169930616e+003  5.0040827307334912e+003  4.9324869345350944e+003  4.9303453739246434e+003  4.9303295214614955e+003  4.9302978084970928e+003  4.9302977262639433e+003  4.9302977256909071e+003  4.9302977256421982e+003  4.9302977256418999e+003  4.9302977256418999e+003
  1.3602399085264949e+004  1.2252754488499299e+004  1.1420355502047158e+004  8.8855767203831001e+003  5.7559436946961396e+003  5.6336544053862272e+003  5.6333085003615033e+003  5.6333039446367293e+003  5.6333039335207795e+003  5.6333039333917295e+003  5.6333039333906800e+003  5.6333039333906709e+003  5.6333039333906618e+003  5.6333039333906618e+003
  1.1611064425601531e+004  1.0854927571902193e+004  9.9706394417452866e+003  6.2520805316776987e+003  4.9655075274405790e+003  4.8748564539657655e+003  4.8720262957335690e+003  4.8719239273022013e+003  4.8719123653632214e+003  4.8718800673229671e+003  4.8718800017504000e+003  4.8718800014429107e+003  4.8718800012512384e+003  4.8718800012512384e+003
  1.2545606857513918e+004  1.1102034813969149e+004  1.0834803034644041e+004  6.8024698698814682e+003  3.5782194169627328e+003  3.4283081587478555e+003  3.4278757752695674e+003  3.4278723348937056e+003  3.4278720488977306e+003  3.4278720355734622e+003  3.4278720354666330e+003  3.4278720354649158e+003  3.4278720354649085e+003  3.4278720354649085e+003
  1.3725056425552215e+004  1.2222071361050912e+004  1.1088077242782536e+004  9.3660526054302954e+003  5.5911596018800792e+003  5.2133727994712262e+003  5.2119050846713690e+003  5.2118861643572327e+003  5.2118715994163704e+003  5.2118714711494704e+003  5.2118714689894041e+003  5.2118714689731714e+003  5.2118714689730732e+003  5.2118714689730732e+003
  1.4054008484082960e+004  1.2552147473975227e+004  1.1122630595598532e+004  9.4530955214040223e+003  5.2645099469661145e+003  4.9340964983257072e+003  4.9198685349433617e+003  4.9198350199490014e+003  4.9198345752972709e+003  4.9198345742668753e+003  4.9198345742649090e+003  4.9198345742646197e+003  4.9198345742646143e+003  4.9198345742646143e+003
  1.2874680843049500e+004  1.1258774004816541e+004  1.0049737643978860e+004  8.2365254423204733e+003  5.5901753832442137e+003  4.9883126257452186e+003  4.9827391491621693e+003  4.9827268431077864e+003  4.9827266966923617e+003  4.9827266866338050e+003  4.9827266865891688e+003  4.9827266865890579e+003  4.9827266865890360e+003  4.9827266865890360e+003
  1.4311478078043445e+004  1.2178443815776760e+004  1.1920927588070315e+004  9.5102049881349412e+003  5.5818258482293531e+003  5.0204480044472057e+003  5.0129734987040229e+003  5.0129687792174955e+003  5.0129687612316211e+003  5.0129687611029785e+003  5.0129687610564342e+003  5.0129687610564179e+003  5.0129687610564160e+003  5.0129687610564160e+003
  1.3250153348776466e+004  1.2266790613462192e+004  1.1204868387143835e+004  6.9275102937198026e+003  4.6541508945872120e+003  4.5191520945029515e+003  4.5104349140822524e+003  4.5103741797148541e+003  4.5103740548038695e+003  4.5103740543143431e+003  4.5103740542998130e+003  4.5103740542997293e+003  4.5103740542996820e+003  4.5103740542996820e+003
  1.2507808864526989e+004  1.1554037353100573e+004  1.0826771318673831e+004  7.8800945905568951e+003  4.7873485495608329e+003  4.5698212121552388e+003  4.5570547769903496e+003  4.5569790077177713e+003  4.5569782286145382e+003  4.5569782233878868e+003  4.5569782232996004e+003  4.5569782232960279e+003  4.5569782232959151e+003  4.5569782232959151e+003
  1.3300153546859630e+004  1.1277584133907174e+004  9.8717061871498408e+003  6.6113580759038086e+003  4.3819804034126391e+003  4.3225816940139557e+003  4.3204632081051313e+003  4.3204588985897062e+003  4.3204588811542853e+003  4.3204588805708554e+003  4.3204588805700841e+003  4.3204588805700841e+003  4.3204588805700696e+003  4.3204588805700696e+003
  1.3071769627690242e+004  1.1989802773151174e+004  1.0688390818340504e+004  7.5068313975802612e+003  4.7287898806568501e+003  4.6211194220178859e+003  4.6208676691734199e+003  4.6208666301422527e+003  4.6208662847785872e+003  4.6208662810861606e+003  4.6208662810604455e+003  4.6208662810602091e+003  4.6208662810602073e+003  4.6208662810602073e+003
  1.3497280798493925e+004  1.2850297026212234e+004  1.0820078150369092e+004  7.2548208707979429e+003  5.4836547809020103e+003  5.3180476319869595e+003  5.3169817695282545e+003  5.3169792714213600e+003  5.3169792447159380e+003  5.3169792446241900e+003  5.3169792446234987e+003  5.3169792446234915e+003  5.3169792446234878e+003  5.3169792446234878e+003
  1.3823873770435872e+004  1.2978815700517072e+004  1.1498903612340760e+004  7.7277153382502947e+003  5.3204841489612318e+003  5.2378261215614821e+003  5.2337971504143115e+003  5.2336802351711540e+003  5.2336783640830799e+003  5.2336783546567203e+003  5.2336783545970902e+003  5.2336783545970447e+003  5.2336783545970302e+003  5.2336783545970302e+003
  1.2921834730967903e+004  1.2281105940274436e+004  1.0709291033400175e+004  7.7683307062040330e+003  4.8890455812449491e+003  4.6016329516211754e+003  4.5962793689128030e+003  4.5960724450211310e+003  4.5960720664082583e+003  4.5960720610310818e+003  4.5960720609273812e+003  4.5960720609193704e+003  4.5960720609193268e+003  4.5960720609193268e+003
  1.3894273480207072e+004  1.2222427600981200e+004  1.0976433612987175e+004  8.3833902218425501e+003  4.9771797202982234e+003  4.8585447966819083e+003  4.8559446318779555e+003  4.8559380774715701e+003  4.8559088749384482e+003  4.8559088067443790e+003  4.8559087261821333e+003  4.8559087245630417e+003  4.8559087244684615e+003  4.8559087244684615e+003
  1.3515253571493589e+004  1.1951838084903326e+004  1.1232254700019070e+004  9.0513177532141781e+003  4.8328735513171978e+003  4.6517303123941947e+003  4.6477234884716527e+003  4.6469658670068038e+003  4.6469641165412704e+003  4.6469640418524759e+003  4.6469640395361912e+003  4.6469640395161459e+003  4.6469640395158676e+003  4.6469640395158676e+003
  1.2988073289868989e+004  1.1271873002869474e+004  9.8532683757641116e+003  6.5170064294512686e+003  4.6258619819718533e+003  4.3758360269779587e+003  4.3750718981986647e+003  4.3750688718909441e+003  4.3750688261760697e+003  4.3750688258262817e+003  4.3750688258251830e+003  4.3750688258251830e+003  4.3750688258251794e+003  4.3750688258251794e+003
  1.3450232679339815e+004  1.2477648866442896e+004  1.1197959934075743e+004  8.9354263003954438e+003  4.2556948781933461e+003  3.7080163134430586e+003  3.7006989666853697e+003  3.6996699985206251e+003  3.6996657884619672e+003  3.6996657624506188e+003  3.6996657622969469e+003  3.6996657622967359e+003  3.6996657622967214e+003  3.6996657622967214e+003
  1.4006187319094292e+004  1.2658958116380405e+004  1.1377579026471529e+004  9.8330203905862491e+003  5.7726247999435491e+003  5.1321733204287884e+003  5.1311938175249434e+003  5.1311814040307672e+003  5.1311813329475226e+003  5.1311813090952710e+003  5.1311813090868745e+003  5.1311813090868509e+003  5.1311813090868491e+003  5.1311813090868491e+003
  1.3555114409704998e+004  1.1457751750494845e+004  1.1158554328407823e+004  8.4880492729099569e+003  4.2757584162545791e+003  4.0480336013962296e+003  4.0436422558635240e+003  4.0436397624311139e+003  4.0436397420538124e+003  4.0436397419402056e+003  4.0436397419398199e+003  4.0436397419398090e+003  4.0436397419398018e+003  4.0436397419398018e+003
  1.4154767531556332e+004  1.3590991575532917e+004  1.1870779966763414e+004  9.2378826919031653e+003  5.2077200689357123e+003  5.1160883529240109e+003  5.1157649394481450e+003  5.1157621561120177e+003  5.1157621335653821e+003  5.1157621334527303e+003  5.1157621334491778e+003  5.1157621334491341e+003  5.1157621334491232e+003  5.1157621334491232e+003
  1.4057658094378636e+004  1.2610563683533079e+004  1.1233915312781726e+004  9.0141279324067782e+003  4.4439446004515594e+003  4.2378743528721498e+003  4.2363649803071676e+003  4.2363573165551970e+003  4.2363572808842073e+003  4.2363572804936048e+003  4.2363572804915821e+003  4.2363572804915711e+003  4.2363572804915711e+003  4.2363572804915711e+003
  1.4174891384234343e+004  1.1816004357335281e+004  1.0644750850587527e+004  8.1664231626329274e+003  4.0641773875274812e+003  3.7810419780201373e+003  3.7316340242250335e+003  3.7309882081230717e+003  3.7309742755817097e+003  3.7309741837016954e+003  3.7309741772861271e+003  3.7309741770022993e+003  3.7309741769877983e+003  3.7309741769877983e+003
  1.2347056788776368e+004  1.2274088613508784e+004  1.1153466486419244e+004  8.6895098957151749e+003  4.6241092300532855e+003  4.2490119701344411e+003  4.2476791814108328e+003  4.2476311383889333e+003  4.2476307601292792e+003  4.2476306923154189e+003  4.2476306920480347e+003  4.2476306920459756e+003  4.2476306920457719e+003  4.2476306920457719e+003
  1.2861253304649226e+004  1.0819930395618994e+004  9.9473749050922070e+003  6.5957018228038960e+003  4.5795370097367813e+003  4.3401632069720472e+003  4.3381543579328645e+003  4.3381411720279466e+003  4.3380847597184948e+003  4.3380834734802957e+003  4.3380834116764381e+003  4.3380834094760648e+003  4.3380834086187133e+003  4.3380834086187133e+003
  1.2065562400172661e+004  1.1209364484334947e+004  8.3891900057392268e+003  5.1215459227370775e+003  3.9403043871287737e+003  3.9085716335026300e+003  3.9078013017233134e+003  3.9077999931226695e+003  3.9077999783024643e+003  3.9077999782851948e+003  3.9077999782851621e+003  3.9077999782851366e+003  3.9077999782851366e+003  3.9077999782851366e+003
  1.2253412526095524e+004  1.0898830799422793e+004  9.1418370227295691e+003  7.7808201318733736e+003  5.6394206069536558e+003  5.3751711249707350e+003  5.3607856210935370e+003  5.3607763117642044e+003  5.3607678081318772e+003  5.3607677997359679e+003  5.3607677996350667e+003  5.3607677996341899e+003  5.3607677996341772e+003  5.3607677996341772e+003
  1.2580386242737670e+004  1.1845182198901613e+004  1.0382213196249195e+004  7.8124774591939095e+003  4.9897038466355789e+003  4.9210741514153342e+003  4.9016711982969355e+003  4.9015156463576241e+003  4.9015117766937819e+003  4.9015117527236162e+003  4.9015117525747592e+003  4.9015117525705555e+003  4.9015117525705464e+003  4.9015117525705464e+003
  1.3775312190154615e+004  1.1562971683739002e+004  1.0428302452350568e+004  8.5627060938502746e+003  5.3307938321928923e+003  5.2915123800549300e+003  5.2900919055373215e+003  5.2900683573804017e+003  5.2900679555839470e+003  5.2900679310646537e+003  5.2900679310059222e+003  5.2900679310052456e+003  5.2900679310052165e+003  5.2900679310052165e+003
  1.3289744342320899e+004  1.1491438637027646e+004  9.6518785413618007e+003  6.2349044553099902e+003  4.9411690457182685e+003  4.8547535441785931e+003  4.8546229331787381e+003  4.8546215409280121e+003  4.8546215366608394e+003  4.8546215366546639e+003  4.8546215366546130e+003  4.8546215366546130e+003  4.8546215366546094e+003  4.8546215366546094e+003
  1.3146315397526352e+004  1.1936215665190482e+004  1.1623852274528164e+004  1.0065528701784451e+004  5.2876403777869982e+003  4.9165917824734170e+003  4.9144637260145555e+003  4.9144578446835949e+003  4.9144575964055512e+003  4.9144575953168041e+003  4.9144575953164403e+003  4.9144575953164331e+003  4.9144575953164294e+003  4.9144575953164294e+003
  1.4665364420463682e+004  1.2884143993183998e+004  1.2068614322420228e+004  1.0642843750168404e+004  4.5409396892824261e+003  4.2175042067922914e+003  4.2101952259694990e+003  4.2101060876552183e+003  4.2101060084528071e+003  4.2101060077283400e+003  4.2101060077022048e+003  4.2101060077007205e+003  4.2101060077006950e+003  4.2101060077006950e+003
  1.2930060232891399e+004  1.2071624962771162e+004  1.1263927106352692e+004  7.6031747000789383e+003  5.1605230069340123e+003  5.0276673978602903e+003  5.0263190626978776e+003  5.0263002055110865e+003  5.0263000583697485e+003  5.0263000559723077e+003  5.0263000559648081e+003  5.0263000559647262e+003  5.0263000559644388e+003  5.0263000559644388e+003
  1.1173077975694390e+004  1.0799686097078558e+004  9.2670398482014280e+003  6.1796271460052030e+003  5.4170947147704501e+003  5.3721251878387793e+003  5.3684374024388999e+003  5.3684236109812355e+003  5.3684235918782033e+003  5.3684235916824127e+003  5.3684235916820453e+003  5.3684235916820398e+003  5.3684235916820398e+003  5.3684235916820398e+003
  1.4003107941667990e+004  1.3739482487641926e+004  1.3297730355787644e+004  1.1600875590098234e+004  6.0762399756383038e+003  5.4146901701842598e+003  5.4101360920943407e+003  5.4070248317669557e+003  5.4070231828968299e+003  5.4070231215178774e+003  5.4070231214355172e+003  5.4070231214301184e+003  5.4070231214162286e+003  5.4070231214162286e+003
  1.3567622796668233e+004  1.1286434406997610e+004  9.5702360297514933e+003  7.4340229843539273e+003  5.0313339034472647e+003  4.9904404856721449e+003  4.9881558481023403e+003  4.9881110943437779e+003  4.9881109517768382e+003  4.9881109511920677e+003  4.9881109511895957e+003  4.9881109511895411e+003  4.9881109511895374e+003  4.9881109511895374e+003
  1.3475155102699915e+004  1.2629770745482218e+004  1.1535426277014310e+004  9.6522348313343155e+003  5.0094198242773782e+003  4.6623883108240698e+003  4.6580873135120710e+003  4.6580631093210686e+003  4.6580629499243623e+003  4.6580628126557876e+003  4.6580628118828408e+003  4.6580628118368422e+003  4.6580628118367440e+003  4.6580628118367440e+003
  1.2628068606468849e+004  1.1926702847059079e+004  1.0896288293495738e+004  6.8866769831168040e+003  5.2850124476952788e+003  5.1562636650595905e+003  5.1524586196558921e+003  5.1524143973612008e+003  5.1524116947067942e+003  5.1524116910945686e+003  5.1524116910576577e+003  5.1524116910574085e+003  5.1524116910573994e+003  5.1524116910573994e+003
  1.3218487939869396e+004  1.0533457675548341e+004  9.3861715343157503e+003  5.4126411301478201e+003  3.5743278809664625e+003  3.4640038991896836e+003  3.4630275870068581e+003  3.4630108070959468e+003  3.4630107384494549e+003  3.4630106573036064e+003  3.4630106568309966e+003  3.4630106568234951e+003  3.4630106568229130e+003  3.4630106568229130e+003
  1.3625351120909574e+004  1.1979793615926192e+004  1.0607945251154142e+004  8.3409714363557978e+003  5.0573846653310466e+003  4.6173736618447419e+003  4.6162636973884928e+003  4.6162168018033608e+003  4.6162156854900713e+003  4.6162156835997048e+003  4.6162156835828173e+003  4.6162156835827864e+003  4.6162156835827627e+003  4.6162156835827627e+003
  1.2812367877035009e+004  1.2253597714367263e+004  1.1012994592677358e+004  6.9436430108482582e+003  4.2938395159794854e+003  4.1985885648421608e+003  4.1977477765504773e+003  4.1976299833511221e+003  4.1976287420321605e+003  4.1976287213947471e+003  4.1976287212703901e+003  4.1976287212669376e+003  4.1976287212651223e+003  4.1976287212651223e+003
  1.2022929943598521e+004  1.1750298032082776e+004  1.1152938637017549e+004  8.9912929946010318e+003  4.5514786696334158e+003  4.3058616543727512e+003  4.3049555566713861e+003  4.3049501817753844e+003  4.3049501582584307e+003  4.3049501578363997e+003  4.3049501578294912e+003  4.3049501578197596e+003  4.3049501578197487e+003  4.3049501578197487e+003
  1.3116347639403310e+004  1.2380582471170565e+004  1.0408025177707581e+004  7.3509920128632875e+003  4.6188251848014515e+003  4.3120807112003749e+003  4.3045258624791932e+003  4.3044075905431600e+003  4.3044068155140012e+003  4.3044068035439595e+003  4.3044068033762233e+003  4.3044068033751355e+003  4.3044068033748081e+003  4.3044068033748081e+003
  1.2370326004444662e+004  1.1154509693303773e+004  9.7824693044712676e+003  6.6910493812598306e+003  5.2718472561128783e+003  5.1392233055913730e+003  5.1389017705693477e+003  5.1384478275199581e+003  5.1384470681091007e+003  5.1384470533644071e+003  5.1384470414497318e+003  5.1384470414160842e+003  5.1384470414160423e+003  5.1384470414160423e+003
  1.2825219119621734e+004  1.0421087659434172e+004  9.3552640467072106e+003  5.4052843322807821e+003  3.7838966869621290e+003  3.6726034943964005e+003  3.6714264789486733e+003  3.6713966968820569e+003  3.6713964989798915e+003  3.6713964983372098e+003  3.6713964983231672e+003  3.6713964983231563e+003  3.6713964983231563e+003  3.6713964983231563e+003
  1.2850400670435840e+004  1.0718523797513533e+004  9.6976511004549848e+003  5.8506866251393949e+003  3.1195104355412986e+003  2.9131827912206718e+003  2.9045686622931316e+003  2.9043801982288060e+003  2.9043787633103166e+003  2.9043787615036708e+003  2.9043787614962966e+003  2.9043787614960711e+003  2.9043787614960493e+003  2.9043787614960493e+003
  1.3664959602442268e+004  1.1961553414703800e+004  1.0457699624639099e+004  8.3339567297601552e+003  5.6053159866490987e+003  5.5578605697445346e+003  5.5572250489351300e+003  5.5572190140827115e+003  5.5572177759340248e+003  5.5572177750401752e+003  5.5572177750331666e+003  5.5572177750308692e+003  5.5572177750306219e+003  5.5572177750306219e+003
  1.4151295503039037e+004  1.2742695950252866e+004  1.1486461705997701e+004  8.6275283734463428e+003  4.9095789262000017e+003  4.7044982140287593e+003  4.7025467141257068e+003  4.7025349019817440e+003  4.7025346440540598e+003  4.7025346242705673e+003  4.7025346242608848e+003  4.7025346242607211e+003  4.7025346242607066e+003  4.7025346242607066e+003
  1.4116178497577377e+004  1.2221983430368606e+004  1.0767448915798863e+004  8.2780287851813355e+003  4.1255395026401893e+003  3.7851550640086316e+003  3.7848681122895796e+003  3.7848667458504788e+003  3.7848667373718672e+003  3.7848667373275239e+003  3.7848667368982024e+003  3.7848667368967144e+003  3.7848667368967072e+003  3.7848667368967072e+003
