  1.8480680450471600e+003  1.7004022741385652e+003  1.5390737531433833e+003  1.4662937465690920e+003  1.4507791335276625e+003  1.4505753640601961e+003  1.4505750879024727e+003  1.4505750729696865e+003  1.4505750725143753e+003  1.4505750725122452e+003  1.4505750725120533e+003  1.4505750725094676e+003  1.4505750725087764e+003  1.4505750725087764e+003
  1.9580782448834016e+003  1.8753721461895584e+003  1.8266829751565456e+003  1.7829180222871000e+003  1.7625288042784459e+003  1.7622510265818910e+003  1.7622508693895288e+003  1.7622508436211465e+003  1.7622508429839345e+003  1.7622508429766294e+003  1.7622508429765830e+003  1.7622508429765830e+003  1.7622508429765658e+003  1.7622508429765658e+003
  1.8998732097832280e+003  1.7103227453888303e+003  1.6216195298810226e+003  1.5940857256093323e+003  1.5853104691866220e+003  1.5852398690132359e+003  1.5852397312150988e+003  1.5852397284029366e+003  1.5852397280043315e+003  1.5852397280035384e+003  1.5852397280035002e+003  1.5852397280034584e+003  1.5852397280034584e+003  1.5852397280034584e+003
  1.8052966405761472e+003  1.6713060786308870e+003  1.6200066643399932e+003  1.5496156636618362e+003  1.5401924206568992e+003  1.5398573998697293e+003  1.5398570878392920e+003  1.5398568633393197e+003  1.5398568511589483e+003  1.5398568507679520e+003  1.5398568507666514e+003  1.5398568507664804e+003  1.5398568507664804e+003  1.5398568507664804e+003
  1.8584277733417557e+003  1.6151487554871601e+003  1.4913786354303829e+003  1.4456585663809956e+003  1.4371454481409128e+003  1.4370066193280936e+003  1.4370062794899623e+003  1.4370062780822864e+003  1.4370062771170315e+003  1.4370062770926743e+003  1.4370062770926361e+003  1.4370062770926361e+003  1.4370062770926252e+003  1.4370062770926252e+003
  2.1829309404200285e+003  1.8607555346006138e+003  1.7238797421242707e+003  1.6365001219152955e+003  1.6238295881589202e+003  1.6236350748832683e+003  1.6236349539437724e+003  1.6236349529748823e+003  1.6236349529666504e+003  1.6236349529661211e+003  1.6236349529659892e+003  1.6236349529651980e+003  1.6236349529650670e+003  1.6236349529650670e+003
  1.9663517756905067e+003  1.6388605690065770e+003  1.5081028632161315e+003  1.4407830215290232e+003  1.4053654949786169e+003  1.4049312632617366e+003  1.4049309263551168e+003  1.4049309094194314e+003  1.4049309081612409e+003  1.4049309081536085e+003  1.4049309081535339e+003  1.4049309081535212e+003  1.4049309081535212e+003  1.4049309081535212e+003
  1.8034017799295898e+003  1.6750375586059745e+003  1.5691071972203245e+003  1.4892953687259733e+003  1.4728960764939584e+003  1.4726829903736998e+003  1.4726827436068461e+003  1.4726827362978911e+003  1.4726827361831829e+003  1.4726827361813184e+003  1.4726827361807700e+003  1.4726827361807409e+003  1.4726827361807409e+003  1.4726827361807409e+003
  2.0291985930853216e+003  1.7947977908143521e+003  1.7459902662746754e+003  1.6983786326108348e+003  1.6891062323320612e+003  1.6889648470651600e+003  1.6889644343805230e+003  1.6889644040273261e+003  1.6889644038556662e+003  1.6889644038543811e+003  1.6889644038543720e+003  1.6889644038543411e+003  1.6889644038543411e+003  1.6889644038543411e+003
  1.8569147731264893e+003  1.6196991915977396e+003  1.4383482946962831e+003  1.3878734754253701e+003  1.3733136718128576e+003  1.3730877902074753e+003  1.3730876159549402e+003  1.3730873524733161e+003  1.3730873324201821e+003  1.3730872849481943e+003  1.3730872784030216e+003  1.3730872782018969e+003  1.3730872782013485e+003  1.3730872782013485e+003
  1.8902138485893884e+003  1.6623643329564684e+003  1.5476499891716976e+003  1.5073576786917492e+003  1.4974210990856500e+003  1.4971695377273554e+003  1.4971692055025042e+003  1.4971691554685258e+003  1.4971691551840941e+003  1.4971691551788253e+003  1.4971691551783779e+003  1.4971691551782906e+003  1.4971691551782778e+003  1.4971691551782778e+003
  1.8560445608413347e+003  1.6279401225547081e+003  1.4423110916585665e+003  1.3297728954414420e+003  1.3058727936347977e+003  1.3057091194881023e+003  1.3057088832539216e+003  1.3057088053264060e+003  1.3057087934686442e+003  1.3057087908170579e+003  1.3057087908095946e+003  1.3057087908092954e+003  1.3057087908092258e+003  1.3057087908092258e+003
  2.0987174045742413e+003  1.8967580799705602e+003  1.7232595347949191e+003  1.6202711257659939e+003  1.6089611999330327e+003  1.6087834521550740e+003  1.6087828347811073e+003  1.6087827998705752e+003  1.6087827996502656e+003  1.6087827996412070e+003  1.6087827996411470e+003  1.6087827996410779e+003  1.6087827996094438e+003  1.6087827996094438e+003
  2.1019227523087711e+003  1.7741392559007099e+003  1.6985427431712351e+003  1.5960373483616631e+003  1.5632959727326697e+003  1.5630470219838435e+003  1.5630464387951088e+003  1.5630464093907667e+003  1.5630464086406373e+003  1.5630464086327029e+003  1.5630464086293287e+003  1.5630464086292732e+003  1.5630464086291631e+003  1.5630464086291631e+003
  1.9555599860626717e+003  1.7641101815711545e+003  1.6590604644314481e+003  1.6104594061845601e+003  1.6009100804778782e+003  1.6007785929718375e+003  1.6007783425608113e+003  1.6007783414495061e+003  1.6007783414273890e+003  1.6007783414267960e+003  1.6007783414250598e+003  1.6007783414246014e+003  1.6007783414245823e+003  1.6007783414245823e+003
  1.8471740236357837e+003  1.6997800997996037e+003  1.6267185382764183e+003  1.5784596816511876e+003  1.5682454993527272e+003  1.5680523316904282e+003  1.5680522304522492e+003  1.5680522277801283e+003  1.5680522277384171e+003  1.5680522277346427e+003  1.5680522277344580e+003  1.5680522277343616e+003  1.5680522277343616e+003  1.5680522277343616e+003
  2.0299481802147820e+003  1.8172113461165063e+003  1.7404216522258757e+003  1.6758975529857289e+003  1.6707031817292227e+003  1.6706349196880028e+003  1.6706344848487033e+003  1.6706344751279667e+003  1.6706344749290884e+003  1.6706344749192031e+003  1.6706344749191103e+003  1.6706344749190694e+003  1.6706344749190521e+003  1.6706344749190521e+003
  1.9354692389284883e+003  1.7338607320549199e+003  1.6401563426350094e+003  1.5942949455755879e+003  1.5790006292318394e+003  1.5788593069145718e+003  1.5788590646150724e+003  1.5788590553800823e+003  1.5788590553459471e+003  1.5788590553456943e+003  1.5788590553456615e+003  1.5788590553455851e+003  1.5788590553455851e+003  1.5788590553455851e+003
  1.9093319286500591e+003  1.7552265704097608e+003  1.5411204804259078e+003  1.4479146177265602e+003  1.4279312171383417e+003  1.4278394898325869e+003  1.4278390681044657e+003  1.4278390137777578e+003  1.4278390133687681e+003  1.4278390133493140e+003  1.4278390133486391e+003  1.4278390133482390e+003  1.4278390133481589e+003  1.4278390133481589e+003
  1.8945836162920659e+003  1.6384116532338467e+003  1.5696345343493167e+003  1.5135222876417884e+003  1.4994987184922093e+003  1.4994182908346775e+003  1.4994178901972209e+003  1.4994178355426902e+003  1.4994178338997281e+003  1.4994178338883703e+003  1.4994178338882884e+003  1.4994178338882884e+003  1.4994178338882784e+003  1.4994178338882784e+003
  2.1042874073679186e+003  1.8587700511110024e+003  1.7798233952964219e+003  1.7095112955703808e+003  1.6986846921515735e+003  1.6984503172378936e+003  1.6984499227388587e+003  1.6984498064104382e+003  1.6984498061689501e+003  1.6984498061673858e+003  1.6984498061672557e+003  1.6984498061672384e+003  1.6984498061672366e+003  1.6984498061672366e+003
  1.9994597579457295e+003  1.7632814751699407e+003  1.7087262529592235e+003  1.6793146743995585e+003  1.6698212548129386e+003  1.6697077461417775e+003  1.6697075901501221e+003  1.6697075866952891e+003  1.6697075862355696e+003  1.6697075862046786e+003  1.6697075862037091e+003  1.6697075862032698e+003  1.6697075862032416e+003  1.6697075862032416e+003
  1.9614378293169157e+003  1.7330575253069201e+003  1.6777979995548321e+003  1.6180284713308120e+003  1.6025677350499936e+003  1.6024495123427096e+003  1.6024490658154136e+003  1.6024489529972452e+003  1.6024489523917937e+003  1.6024489520778079e+003  1.6024489520692332e+003  1.6024489520691823e+003  1.6024489520689167e+003  1.6024489520689167e+003
  1.8525726511632365e+003  1.5156941333763552e+003  1.4410895476279966e+003  1.3724698076544287e+003  1.3578360932175801e+003  1.3576922220267015e+003  1.3576920783036949e+003  1.3576920758713791e+003  1.3576920757529388e+003  1.3576920757524667e+003  1.3576920757524667e+003  1.3576920757521821e+003  1.3576920757520893e+003  1.3576920757520893e+003
  2.0146561654065945e+003  1.7180318493690893e+003  1.6622009624341708e+003  1.5774200224681372e+003  1.5609313106741029e+003  1.5608003550674457e+003  1.5608001122124333e+003  1.5607999729530466e+003  1.5607999720697644e+003  1.5607999720138750e+003  1.5607999720133585e+003  1.5607999720133448e+003  1.5607999720133448e+003  1.5607999720133448e+003
  1.8351545547845144e+003  1.5623759525150199e+003  1.4900644935918381e+003  1.4294982440845770e+003  1.4188183334430578e+003  1.4186417777817251e+003  1.4186413791074665e+003  1.4186413711854411e+003  1.4186413711369432e+003  1.4186413711350669e+003  1.4186413711350324e+003  1.4186413711349996e+003  1.4186413711349996e+003  1.4186413711349996e+003
  2.0398311152544311e+003  1.8100076210207999e+003  1.6399826718434306e+003  1.5699608818240958e+003  1.5537177644669982e+003  1.5535878515613767e+003  1.5535877392253597e+003  1.5535877385921731e+003  1.5535877385737840e+003  1.5535877385733856e+003  1.5535877385732892e+003  1.5535877385732665e+003  1.5535877385732401e+003  1.5535877385732401e+003
  1.9815893666125157e+003  1.7266595210036703e+003  1.6477697026091300e+003  1.5778465483275495e+003  1.5684504911629529e+003  1.5682966437588202e+003  1.5682962983638781e+003  1.5682962834160226e+003  1.5682962831597852e+003  1.5682960487336632e+003  1.5682960483922870e+003  1.5682960483865218e+003  1.5682960483855622e+003  1.5682960483855622e+003
  2.0817079901964589e+003  1.8643933960457680e+003  1.6913981045391502e+003  1.6097506130930469e+003  1.5870100133180767e+003  1.5866879744043763e+003  1.5866876147517287e+003  1.5866876054036165e+003  1.5866876043254106e+003  1.5866876043127049e+003  1.5866876043122511e+003  1.5866876043122511e+003  1.5866876043121911e+003  1.5866876043121911e+003
  1.7854133247427817e+003  1.5281121945654168e+003  1.4370001435493168e+003  1.3553730211352463e+003  1.3364679518016187e+003  1.3363532260279380e+003  1.3363531470837515e+003  1.3363530427143533e+003  1.3363530424815904e+003  1.3363530424428036e+003  1.3363530424426244e+003  1.3363530424425608e+003  1.3363530424425480e+003  1.3363530424425480e+003
  1.9887653124668750e+003  1.7239052888147980e+003  1.5869571606665049e+003  1.5212737874804088e+003  1.5102976344287736e+003  1.5099894144189202e+003  1.5099891666558287e+003  1.5099890229831972e+003  1.5099890180500379e+003  1.5099890179478516e+003  1.5099890179462254e+003  1.5099890179460517e+003  1.5099890179460399e+003  1.5099890179460399e+003
  1.9126429218501526e+003  1.6385869636475072e+003  1.4690388077174266e+003  1.4040777631820711e+003  1.3935828629286657e+003  1.3934869068252938e+003  1.3934867321484003e+003  1.3934867300059896e+003  1.3934867239230698e+003  1.3934867238910574e+003  1.3934867238908064e+003  1.3934867238907782e+003  1.3934867238907450e+003  1.3934867238907450e+003
  1.9870193119923460e+003  1.6183836680558188e+003  1.5003668827057954e+003  1.4368662613992401e+003  1.4222743921730198e+003  1.4218642166918935e+003  1.4218638871208841e+003  1.4218636595695771e+003  1.4218636504355736e+003  1.4218636502440568e+003  1.4218636502427262e+003  1.4218636502360132e+003  1.4218636502358841e+003  1.4218636502358841e+003
  2.0338137915433463e+003  1.7244495638312555e+003  1.6665641270466613e+003  1.6258368243550876e+003  1.6181529972004355e+003  1.6180759299067431e+003  1.6180755660794739e+003  1.6180755610611004e+003  1.6180755609720818e+003  1.6180755609713733e+003  1.6180755609713733e+003  1.6180755609713733e+003  1.6180755609713360e+003  1.6180755609713360e+003
  1.8001707498729193e+003  1.6201773526674742e+003  1.4956204493245577e+003  1.4411515724115197e+003  1.4293700118296474e+003  1.4289478398777101e+003  1.4289475816422200e+003  1.4289474677059925e+003  1.4289474673237901e+003  1.4289474672757815e+003  1.4289474672757360e+003  1.4289474672757315e+003  1.4289474672757315e+003  1.4289474672757315e+003
  2.0370381059626543e+003  1.8234974649317055e+003  1.7700637908395483e+003  1.7270632804576271e+003  1.7172812950518100e+003  1.7171280201175250e+003  1.7171279053642329e+003  1.7171279049080767e+003  1.7171279049076584e+003  1.7171279049075310e+003  1.7171279049075310e+003  1.7171279049074928e+003  1.7171279049074928e+003  1.7171279049074928e+003
  2.0184158137602062e+003  1.6319571762136347e+003  1.4848401274184525e+003  1.4045690035439693e+003  1.3865258776785122e+003  1.3860954414853531e+003  1.3860950265478787e+003  1.3860950175173257e+003  1.3860950167167048e+003  1.3860950167129181e+003  1.3860950167128876e+003  1.3860950167128603e+003  1.3860950167128503e+003  1.3860950167128503e+003
  1.9731588056261708e+003  1.8027632218610524e+003  1.7024388563400462e+003  1.6214152065115886e+003  1.6077240472908425e+003  1.6076239555051288e+003  1.6076238461314369e+003  1.6076237497976663e+003  1.6076237492564542e+003  1.6076237491959837e+003  1.6076237491957472e+003  1.6076237491957399e+003  1.6076237491957236e+003  1.6076237491957236e+003
  1.9735648136962809e+003  1.7456732455821048e+003  1.6285361090024289e+003  1.5472654362586163e+003  1.5308621140927362e+003  1.5306623713678082e+003  1.5306621620265732e+003  1.5306621401054845e+003  1.5306621382561743e+003  1.5306621382361091e+003  1.5306621382350095e+003  1.5306621382349867e+003  1.5306621382349867e+003  1.5306621382349867e+003
  1.9651442705382542e+003  1.6919638932241141e+003  1.4766348398089194e+003  1.3832676820069773e+003  1.3745613070863856e+003  1.3738854835029460e+003  1.3738852266186495e+003  1.3738850088461122e+003  1.3738850083742113e+003  1.3738850083710104e+003  1.3738850083709726e+003  1.3738850083709540e+003  1.3738850083709199e+003  1.3738850083709199e+003
  2.1352087659126273e+003  1.8368662515001506e+003  1.7757396180361538e+003  1.7144632006046559e+003  1.7010080976815898e+003  1.7009154026716187e+003  1.7009153225315022e+003  1.7009153221738188e+003  1.7009153221510605e+003  1.7009153221507349e+003  1.7009153221507258e+003  1.7009153221507258e+003  1.7009153221504403e+003  1.7009153221504403e+003
  1.7891572367217686e+003  1.5107939042340304e+003  1.4564177744510580e+003  1.3987948652890163e+003  1.3895645354717781e+003  1.3894406138876302e+003  1.3894403532394472e+003  1.3894403432138970e+003  1.3894403431212277e+003  1.3894403430812013e+003  1.3894403430810489e+003  1.3894403430809698e+003  1.3894403430809698e+003  1.3894403430809698e+003
  1.9860560588996486e+003  1.7887964897993807e+003  1.7252643944889787e+003  1.6806199619213457e+003  1.6676584575339348e+003  1.6675882588970944e+003  1.6675879777008477e+003  1.6675877094388225e+003  1.6675877073107986e+003  1.6675877071434870e+003  1.6675877071403065e+003  1.6675877071402410e+003  1.6675877071402410e+003  1.6675877071402410e+003
  2.1043676669108390e+003  1.8908956923708502e+003  1.8117124851432500e+003  1.7612452190663171e+003  1.7504140225187493e+003  1.7502763098806081e+003  1.7502761682512719e+003  1.7502760287846304e+003  1.7502760261367348e+003  1.7502760258553044e+003  1.7502760258543640e+003  1.7502760258542894e+003  1.7502760258542548e+003  1.7502760258542548e+003
  2.0388227384896045e+003  1.7743461872979751e+003  1.6120632452029886e+003  1.5594242094601004e+003  1.5454315082417979e+003  1.5453222719463429e+003  1.5453219875992118e+003  1.5453219280504554e+003  1.5453218199495150e+003  1.5453218198841550e+003  1.5453218198831219e+003  1.5453218198830173e+003  1.5453218198829773e+003  1.5453218198829773e+003
  1.8595292709702790e+003  1.6348968823186751e+003  1.5865705906398571e+003  1.5581084456629751e+003  1.5532147374329243e+003  1.5531746477686838e+003  1.5531745683929867e+003  1.5531745669731617e+003  1.5531745669210832e+003  1.5531745669201900e+003  1.5531745669188922e+003  1.5531745669188331e+003  1.5531745669188294e+003  1.5531745669188294e+003
  1.9459483483022314e+003  1.8211187040999484e+003  1.7591029803009296e+003  1.7188709868967562e+003  1.7103399237004296e+003  1.7101836730886416e+003  1.7101833444236763e+003  1.7101832859397382e+003  1.7101831819881409e+003  1.7101831811981383e+003  1.7101831811618904e+003  1.7101831811617685e+003  1.7101831811617194e+003  1.7101831811617194e+003
  2.0175904088782263e+003  1.8198161250912162e+003  1.7490686776072025e+003  1.6623564572509549e+003  1.6483778481896970e+003  1.6482249002540775e+003  1.6482190477507293e+003  1.6482189828218397e+003  1.6482189813202622e+003  1.6482187844834416e+003  1.6482187776934115e+003  1.6482187776149431e+003  1.6482187776146638e+003  1.6482187776146638e+003
  2.0543024173826616e+003  1.9002630980847580e+003  1.8150282222810711e+003  1.7672597822827729e+003  1.7601545844935790e+003  1.7600812899316097e+003  1.7600809452050526e+003  1.7600809323369494e+003  1.7600809322840869e+003  1.7600809322840178e+003  1.7600809322818186e+003  1.7600809322815194e+003  1.7600809322815076e+003  1.7600809322815076e+003
  1.8807589332556363e+003  1.7228552699539696e+003  1.5862461440702900e+003  1.4912374742411921e+003  1.4718286169077919e+003  1.4714527244400833e+003  1.4714523015022733e+003  1.4714522361458194e+003  1.4714522275181007e+003  1.4714522274176461e+003  1.4714522274141536e+003  1.4714522274139672e+003  1.4714522274139572e+003  1.4714522274139572e+003
  2.0684411065481345e+003  1.7643455495744392e+003  1.6476486381182531e+003  1.5843858444615307e+003  1.5778312612065374e+003  1.5777273924777537e+003  1.5777269378415076e+003  1.5777269335615438e+003  1.5777269335458013e+003  1.5777269335456986e+003  1.5777269335456731e+003  1.5777269335456476e+003  1.5777269335455912e+003  1.5777269335455912e+003
