  9.1429629484475317e+003  5.2148927219832785e+001  2.1960080250415785e+001  1.5965822455445732e+001  4.2874615629423261e+000  3.4605897740589171e+000  3.4605669314059924e+000  3.4605668875165065e+000  3.4605668875165065e+000  3.4605668875165065e+000  3.4605668875165065e+000  3.4605668875165065e+000  3.4605668875165065e+000  3.4605668875165065e+000
  3.8956133696416555e+002  1.4717526550808270e+002  7.2716010010500668e+001  4.0814029928714262e+001  3.9375720079880011e+001  3.9369901583901992e+001  3.9369897699447620e+001  3.9369897698886234e+001  3.9369897698832574e+001  3.9369897698832574e+001  3.9369897698832574e+001  3.9369897698832574e+001  3.9369897698832574e+001  3.9369897698832574e+001
  1.7201208601903554e+003  2.8026914133811488e+001  2.1888622939910420e+001  1.7844389032565914e+001  1.7347912350437582e+001  1.7146967445061364e+001  1.7146875025736563e+001  1.7146872335863691e+001  1.7146872333720694e+001  1.7146872333720694e+001  1.7146872333720694e+001  1.7146872333720694e+001  1.7146872333720694e+001  1.7146872333720694e+001
  1.2109112092671521e+004  1.6926021235742428e+002  1.3477819968104995e+002  2.4552789355921050e+001  3.4349344925819878e+000  3.2467302293321154e+000  3.2467165593907339e+000  3.2467157505741397e+000  3.2467152468782388e+000  3.2467146626904650e+000  3.2467143795142874e+000  3.2467138405590958e+000  3.2467132594456416e+000  3.2467132594456416e+000
  1.7066124403450749e+003  3.5812382560235619e+001  3.0237806430445971e+001  2.5321900578922168e+001  2.4011530003124108e+001  2.4001313811469799e+001  2.4001313192283988e+001  2.4001313188065751e+001  2.4001313188065751e+001  2.4001313188065751e+001  2.4001313188065751e+001  2.4001313188065751e+001  2.4001313188065751e+001  2.4001313188065751e+001
  5.0670221541303181e+002  1.3269937934935388e+002  7.6716771508041347e+001  2.6358337354260357e+001  2.5406392586889297e+001  2.5228211495024425e+001  2.5228206184566034e+001  2.5228206175462674e+001  2.5228206175462674e+001  2.5228206175462674e+001  2.5228206175462674e+001  2.5228206175462674e+001  2.5228206175462674e+001  2.5228206175462674e+001
  6.2469159691921523e+003  1.5344069930557089e+002  9.7653747895321885e+001  1.6945630896362900e+001  1.4050959796640655e+001  1.4039714185720868e+001  1.4020603980329042e+001  1.4020603846107178e+001  1.4020603845787946e+001  1.4020603845787946e+001  1.4020603845787946e+001  1.4020603845787946e+001  1.4020603845787946e+001  1.4020603845787946e+001
  2.1605948032769429e+003  1.2186641205101660e+002  8.8236202956969009e+001  7.7390789926097113e+001  2.8094031961825294e+000  1.3330135670962591e+000  1.3330114561626942e+000  1.3330113890986013e+000  1.3330113698496007e+000  1.3330113698496007e+000  1.3330113698496007e+000  1.3330113698496007e+000  1.3330113698496007e+000  1.3330113698496007e+000
  1.8170848443362606e+003  8.3031558198574658e+001  3.6824164760330405e+001  2.1516299651238342e+001  1.7353744466603757e+001  1.7278950642768223e+001  1.7278930563068570e+001  1.7278930546189486e+001  1.7278930545534649e+001  1.7278930545534649e+001  1.7278930545534649e+001  1.7278930545534649e+001  1.7278930545534649e+001  1.7278930545534649e+001
  6.7228882868662768e+003  1.4200150575317275e+002  9.0329658790104986e+001  3.2744847811053205e+001  3.0364085270933174e+001  3.0292356178220416e+001  3.0292262872614629e+001  3.0292262816700259e+001  3.0292262815428785e+001  3.0292262815428785e+001  3.0292262815428785e+001  3.0292262815428785e+001  3.0292262815428785e+001  3.0292262815428785e+001
  1.9780044402908356e+004  3.5354856597539037e+002  5.2449655747419911e+001  3.3701227631311667e+001  3.2257410851594386e+001  3.2014916310220997e+001  3.2014775865753563e+001  3.2014773953677832e+001  3.2014773885039176e+001  3.2014773885039176e+001  3.2014773885039176e+001  3.2014773885039176e+001  3.2014773885039176e+001  3.2014773885039176e+001
  1.1341096668698487e+004  8.1723761373558773e+001  2.8782097556747431e+001  6.0692875891684253e+000  1.7717917252023199e+000  1.6107023652207317e+000  1.6105926709130927e+000  1.6105926489781268e+000  1.6105926489781268e+000  1.6105926489781268e+000  1.6105926489781268e+000  1.6105926489781268e+000  1.6105926489781268e+000  1.6105926489781268e+000
  1.8246568335797883e+003  5.6955230437929004e+001  3.9693601310704480e+001  3.5452546516964048e+001  3.5197196035447860e+001  3.5193539758868155e+001  3.5193539654001825e+001  3.5193539648177648e+001  3.5193539648177648e+001  3.5193539648177648e+001  3.5193539648177648e+001  3.5193539648177648e+001  3.5193539648177648e+001  3.5193539648177648e+001
  6.9802732802693354e+003  1.9489383537315871e+002  6.4468601757106171e+001  4.0778560181912553e+001  3.8078875456271362e+001  3.8035215505460201e+001  3.8035205193530601e+001  3.8035205130918030e+001  3.8035205130637905e+001  3.8035205130637905e+001  3.8035205130637905e+001  3.8035205130637905e+001  3.8035205130637905e+001  3.8035205130637905e+001
  1.7342511477845135e+004  7.7489200471995446e+001  3.1760855288306630e+001  2.3050877454732472e+001  1.8853817352944134e+001  1.8846640344789648e+001  1.8846600768840972e+001  1.8846600756321322e+001  1.8846600756108728e+001  1.8846600756108728e+001  1.8846600756108728e+001  1.8846600756108728e+001  1.8846600756108728e+001  1.8846600756108728e+001
  1.2489694957200230e+004  2.5276466507665646e+002  6.0069413530951351e+001  2.6758612841293598e+001  2.3382262699484500e+001  2.3349306452899327e+001  2.3349276728747100e+001  2.3349276696665811e+001  2.3349276696665811e+001  2.3349276696665811e+001  2.3349276696665811e+001  2.3349276696665811e+001  2.3349276696665811e+001  2.3349276696665811e+001
  4.1580083227373862e+003  3.9935995899811587e+001  3.5227628640453077e+001  2.6800697997383395e+001  2.6319920940853763e+001  2.6274243191329106e+001  2.6274141599742052e+001  2.6274141524218294e+001  2.6274141511296421e+001  2.6274141511296421e+001  2.6274141511296421e+001  2.6274141511296421e+001  2.6274141511296421e+001  2.6274141511296421e+001
  7.0003434742866521e+003  5.5796626918470793e+001  3.4531240936714767e+001  2.7458555074187188e+001  1.4396371791420961e+001  1.4088200673421625e+001  1.4087569157756207e+001  1.4087569047149373e+001  1.4087569041506413e+001  1.4087569041506413e+001  1.4087569041506413e+001  1.4087569041506413e+001  1.4087569041506413e+001  1.4087569041506413e+001
  1.4139531046062898e+003  1.1161606494395846e+002  3.6792774675924875e+001  1.9344902936626568e+001  1.3154830230878815e+001  1.3002510387001166e+001  1.3002449967884559e+001  1.3002448578633221e+001  1.3002448560549510e+001  1.3002448560549510e+001  1.3002448560549510e+001  1.3002448560549510e+001  1.3002448560549510e+001  1.3002448560549510e+001
  1.2652807228813428e+004  5.0725852886723260e+001  3.1123212534701224e+001  1.1512408233243377e+001  1.0000905672029376e+001  9.3742826532034087e+000  9.3740849244895799e+000  9.3740849096784586e+000  9.3740849096784586e+000  9.3740849096784586e+000  9.3740849096784586e+000  9.3740849096784586e+000  9.3740849096784586e+000  9.3740849096784586e+000
  3.0834611430485138e+003  1.1434335285674069e+002  1.9633237290812758e+001  1.3343091424150089e+001  9.9949718686018514e+000  9.9731926138672407e+000  9.9731819845521841e+000  9.9731819477406134e+000  9.9731819477406134e+000  9.9731819477406134e+000  9.9731819477406134e+000  9.9731819477406134e+000  9.9731819477406134e+000  9.9731819477406134e+000
  3.4784811466396059e+003  9.2059452469525240e+001  6.2522351586268996e+001  4.5892706664310026e+001  5.4080861274419476e+000  5.2315304509550060e+000  5.2314924225927371e+000  5.2314924080972105e+000  5.2314924080972105e+000  5.2314924080972105e+000  5.2314924080972105e+000  5.2314924080972105e+000  5.2314924080972105e+000  5.2314924080972105e+000
  7.7510514695874554e+003  4.7913556862397854e+001  2.4175459646381114e+001  2.1956907245707725e+001  2.1770418299246330e+001  2.1768967871670611e+001  2.1768966138763062e+001  2.1768965830010075e+001  2.1768965604271671e+001  2.1768965355602404e+001  2.1768965145276297e+001  2.1768964915941751e+001  2.1768964743308743e+001  2.1768964743308743e+001
  8.6246420028379907e+003  1.3730963421750130e+002  1.2750213765071385e+002  1.1056590934969063e+002  1.0989158480575134e+002  1.0988946781144205e+002  1.0988946753251867e+002  2.5522360823260669e+001  1.3259326055669362e+001  1.0843462586424266e+001  1.0822091134289394e+001  9.1401023236726360e+000  4.8492146627181683e+000  4.8492146627181683e+000
  1.3754480870743548e+004  1.0519868935504337e+002  6.2969169256970872e+001  5.4526109158655800e+001  5.4348527912960890e+001  5.4337855099708577e+001  5.4337850135497320e+001  2.5299329870570091e+001  2.5299329870570091e+001  2.5299329870570091e+001  2.5299329870570091e+001  2.5299329870570091e+001  2.5299329870570091e+001  2.5299329870570091e+001
  6.0248295356560811e+002  2.8451878007172354e+001  6.2240069421891349e+000  3.6221465588005231e+000  2.5370416750888580e+000  2.4184794234863602e+000  2.4184788084871798e+000  2.4184788052816657e+000  2.4184788052816657e+000  2.4184788052816657e+000  2.4184788052816657e+000  2.4184788052816657e+000  2.4184788052816657e+000  2.4184788052816657e+000
  5.0175400150749283e+002  6.0089128979088855e+001  2.6880770508562364e+001  8.4349387750155529e+000  6.0028841408291100e+000  5.9929820205288706e+000  5.9929360168184758e+000  5.9929355860999749e+000  5.9929352014842152e+000  5.9929349258168259e+000  5.9929345579148503e+000  5.9929341545505395e+000  5.9929338466442914e+000  5.9929338466442914e+000
  5.2831293110177485e+003  6.8988446453478446e+001  3.5870477309886837e+001  3.3427459091742548e+001  3.2553842094080892e+001  3.2546867451378375e+001  3.2546866659889702e+001  3.2546866659798980e+001  3.2546866659798980e+001  3.2546866659798980e+001  3.2546866659798980e+001  1.3892829679536817e+001  1.3892829679536817e+001  1.3892829679536817e+001
  1.2752594818397773e+004  2.8881101213244438e+002  6.4372209379769629e+001  1.9570114097105943e+001  1.1602132845786173e+001  1.0249022659534148e+001  1.0248342985841418e+001  1.0248341263257089e+001  1.0248341259507470e+001  1.0248341259507470e+001  1.0248341259507470e+001  1.0248341259507470e+001  1.0248341259507470e+001  1.0248341259507470e+001
  1.5035375761216143e+004  1.5160515000065425e+002  1.1291935199358522e+002  1.4501780552834816e+001  1.0555520280377095e+001  1.0551547578191048e+001  1.0551547567829402e+001  1.0551547567725493e+001  1.0551547567667512e+001  1.0551547567667512e+001  1.0551547567667512e+001  1.0551547567667512e+001  1.0551547567667512e+001  1.0551547567667512e+001
  1.8796070620294577e+003  3.7495959008405180e+001  2.3905705356987710e+001  1.2042617872336905e+001  1.0932673111073882e+001  1.0770355086733389e+001  1.0770224408879812e+001  1.0770224177730825e+001  1.0770224167185006e+001  1.0770224167185006e+001  1.0770224167185006e+001  1.0770224167185006e+001  1.0770224167185006e+001  1.0770224167185006e+001
  9.3742541315709286e+002  9.5752707787887630e+001  6.8355984091017035e+001  4.5458443825009908e+001  3.7362378203648177e+001  3.5284916282905215e+001  3.5284781320804768e+001  3.5284781277232923e+001  3.5284781277232923e+001  3.5284781277232923e+001  3.5284781277232923e+001  3.5284781277232923e+001  3.5284781277232923e+001  3.5284781277232923e+001
  7.8067086948947872e+002  1.1630492226332444e+002  6.5501370262979435e+001  4.6647379566640211e+001  6.8494711302664655e+000  5.7948680876088474e+000  5.7514845193547899e+000  5.7459969011922567e+000  5.7459134655325670e+000  5.7459131155562773e+000  5.7454325608932777e+000  5.7450935215692880e+000  5.7450935215692880e+000  5.7450935215692880e+000
  2.6935233691390564e+004  1.4484207451793509e+002  7.2213927300218529e+001  1.1050680262312881e+001  7.3729873857753319e+000  7.3588420222476998e+000  7.3588352445592591e+000  7.3588352440531253e+000  7.3588352440531253e+000  7.3588352440531253e+000  7.3588352440531253e+000  7.3588352440531253e+000  7.3588352440531253e+000  7.3588352440531253e+000
  3.9249975223290476e+003  1.6250555785373263e+002  2.3463585871243595e+001  1.2969614686263185e+001  1.1573119210561345e+001  1.1532755284402356e+001  1.1532740909011636e+001  1.1532740413848842e+001  1.1532739991074777e+001  1.1532739368187777e+001  1.1532738917985625e+001  1.1532738514800485e+001  1.1532737984393407e+001  1.1532737984393407e+001
  6.2627595098269230e+003  1.3854707969335732e+002  7.7914276470552522e+001  6.0786903642585912e+001  5.9226467250021869e+001  5.9167726486415631e+001  5.9167649531653296e+001  5.9167649406440887e+001  4.6776328811396979e+001  2.6393574923482674e+001  2.6393574923482674e+001  2.6393574923482674e+001  2.6393574923482674e+001  2.6393574923482674e+001
  3.2595116947887713e+004  1.2902641655596290e+002  2.5589564189510838e+001  1.0337241845435074e+001  9.1154317184057163e+000  9.0925513297065663e+000  9.0925226146209752e+000  9.0925225522034907e+000  9.0925225522034907e+000  9.0925225522034907e+000  9.0925225522034907e+000  9.0925225522034907e+000  9.0925225522034907e+000  9.0925225522034907e+000
  1.2672668995356494e+003  1.1140436332987019e+002  4.4873137954705726e+001  4.1654404007081666e+001  4.1402811502108989e+001  4.1397803010577718e+001  4.1397689167954923e+001  4.1397688940786338e+001  4.1397688940432772e+001  4.1397688940432772e+001  4.1397688940432772e+001  4.1397688940432772e+001  4.1397688940432772e+001  4.1397688940432772e+001
  2.0539439247824112e+002  6.0923286961587110e+001  4.6241024702753748e+001  3.2079499090875743e+001  1.7345304153775260e+001  1.7233157550939495e+001  1.7233124173439364e+001  1.7233124151075344e+001  1.7233124151075344e+001  1.7233124151075344e+001  1.7233124151075344e+001  1.7233124151075344e+001  1.7233124151075344e+001  1.7233124151075344e+001
  3.3363594736895713e+004  8.5358690649807022e+002  8.2955241527144608e+001  2.2749777198331458e+001  2.2570535078932608e+000  2.0687758746669260e+000  2.0687243333509286e+000  2.0687230903261025e+000  2.0687230871126303e+000  2.0687230868229562e+000  2.0687230868229562e+000  2.0687230868229562e+000  2.0687230868229562e+000  2.0687230868229562e+000
  1.6181107874583163e+003  3.9917427313456528e+001  1.5122582456285272e+001  7.6707361322205543e+000  5.1935680819472054e+000  5.1628926163318738e+000  5.1627422312444651e+000  5.1627420811221327e+000  5.1627420784950573e+000  5.1627420784950573e+000  5.1627420784950573e+000  5.1627420784950573e+000  5.1627420784950573e+000  5.1627420784950573e+000
  6.6117272703392955e+003  1.0352013492234983e+002  2.6287788142793261e+001  1.8243317687102717e+001  1.7149070867716091e+001  1.7065004761899672e+001  1.7064997734139297e+001  1.7064997722694898e+001  1.7064997722694898e+001  1.7064997722694898e+001  1.7064997722694898e+001  1.7064997722694898e+001  1.7064997722694898e+001  1.7064997722694898e+001
  2.3071040664263128e+003  5.5643430981881011e+001  3.7386027934945332e+001  3.4744474401444677e+001  3.4363037858666758e+001  3.4174491831282921e+001  3.4174444340315631e+001  3.4174444224272065e+001  3.4174444192341753e+001  3.4174444189076439e+001  3.4174444189076439e+001  3.4174444189076439e+001  3.4174444189076439e+001  3.4174444189076439e+001
  3.0265365230712319e+004  2.1474281307588808e+002  3.8320589314356084e+001  1.1972133155620440e+001  8.7028031949221258e+000  8.6951451381903553e+000  8.6949935808640930e+000  8.6949935295808700e+000  8.6949935295808700e+000  8.6949935295808700e+000  8.6949935295808700e+000  8.6949935295808700e+000  8.6949935295808700e+000  8.6949935295808700e+000
  3.9750431872136196e+003  1.1819864159276221e+002  6.1293611828647954e+001  4.8819580373489316e+001  3.9151150440456149e+001  3.8378687882282975e+001  3.8378403409918064e+001  3.8378403349725204e+001  3.8378403334384302e+001  3.8378403333999131e+001  3.8378403333999131e+001  3.8378403333999131e+001  3.8378403333999131e+001  3.8378403333999131e+001
  6.9619273112279825e+002  4.3764620566535996e+001  1.5800492947215389e+001  1.4308723571219844e+001  1.3022355058950325e+001  1.3000741916472407e+001  1.3000632221565638e+001  1.3000612140786416e+001  1.3000611766295833e+001  1.3000611743810396e+001  1.3000611743810396e+001  1.3000611743810396e+001  1.3000611743810396e+001  1.3000611743810396e+001
  2.1858297038648216e+003  5.3716516314252203e+001  2.4807429499995578e+001  1.7883500724107989e+001  1.7059503280893296e+001  1.7057900352580191e+001  1.7057900282771470e+001  1.7057900282035234e+001  1.7057900282035234e+001  1.7057900282035234e+001  1.7057900282035234e+001  1.7057900282035234e+001  1.7057900282035234e+001  1.7057900282035234e+001
  5.7153905568243454e+002  6.1897351538027124e+001  4.8998716149412758e+001  4.5268218763089408e+001  4.4796546494125096e+001  4.4528706435436561e+001  4.4528653901016241e+001  4.4528653881969149e+001  4.4528653881731771e+001  4.4528653881731771e+001  4.4528653881731771e+001  3.9750061823983287e+001  3.9750061823983287e+001  3.9750061823983287e+001
  2.0447299011682255e+004  1.8983801956672733e+002  6.4110768506216573e+001  4.2765052311071713e+001  4.1199662700115368e+001  4.1158722524202858e+001  4.1158714508228059e+001  4.1158714503504370e+001  4.1158714503229248e+001  4.1158714503229248e+001  4.1158714503229248e+001  4.1158714503229248e+001  4.1158714503229248e+001  4.1158714503229248e+001
  1.8699266936884605e+003  6.4251705487293293e+001  3.7853020469377725e+001  3.1050827409571866e+001  2.4974409754147246e+001  2.4751925214879293e+001  2.4751921627927231e+001  2.4751921623310636e+001  2.4751921623213548e+001  2.4751921623213548e+001  2.4751921623213548e+001  2.4751921623213548e+001  2.4751921623213548e+001  2.4751921623213548e+001
  3.1278017165293659e+003  1.0165533917114590e+002  2.3525466179945397e+001  7.4199011794312355e+000  3.3060128100482871e+000  3.2933639051220780e+000  3.2933550166976602e+000  3.2933544955544676e+000  3.2933542171801946e+000  3.2933538054203382e+000  3.2933533343023100e+000  3.2933529005733817e+000  3.2933524795164431e+000  3.2933524795164431e+000
