  5.1814122939802000e+004  2.2102210919201963e+004  3.8284463125074835e+003  2.2495064846442074e+003  2.1299474093074150e+003  2.0961620782247956e+003  2.0872920147624259e+003  1.6373028606352100e+003  4.5615163654050320e+002  2.9842322495318376e+002  2.9136246187189499e+002  2.9092899694424432e+002  1.6428262668245497e+002  1.6428262668245497e+002
  3.2729365286284956e+004  1.5718890717530259e+004  5.5517143915746628e+003  2.3879066093799929e+002  1.0794304136058463e+002  4.9217163183956018e+001  4.5577754292676445e+001  4.4657895562038220e+001  4.3753131516112489e+001  4.3708424905454194e+001  4.3588515797436457e+001  4.3510895585693561e+001  4.1833018776969766e+001  4.1833018776969766e+001
  7.2251623596819496e+004  2.9511383715952354e+004  5.6686146059360517e+003  9.8979609149701082e+002  6.2674050339929727e+002  5.5457913385878373e+002  5.0609847019478866e+002  3.0081040027914241e+002  2.9278549379289370e+002  2.9220571030320571e+002  2.9170959942629452e+002  2.9159250299914220e+002  2.8073043516524740e+002  2.8073043516524740e+002
  4.6687713415719321e+004  8.6864238288374854e+003  1.9082478231102800e+003  9.4452137548054816e+002  8.4781859380210653e+002  7.7982488132591516e+002  3.5579775732457028e+002  2.7145424333277560e+002  2.6771018401564743e+002  2.6375785954338608e+002  2.5498585248099789e+002  2.5456870099271919e+002  2.5418729607845353e+002  2.5418729607845353e+002
  4.9754721986046396e+004  3.6614472854480855e+003  8.8825902247454223e+002  2.4253826703971117e+002  1.1512026499658532e+002  6.0117795921796187e+001  5.8014658581682852e+001  5.6981609163712619e+001  4.7903260685104897e+001  4.6990990629165708e+001  4.6876038265757643e+001  4.5364125150014388e+001  4.4990616773536885e+001  4.4990616773536885e+001
  1.8900055277969013e+005  3.0443072844470691e+004  6.6173900435106534e+003  2.2664903701704088e+002  8.5224673472572249e+001  6.0804990456478208e+001  5.1625865045888986e+001  5.1347013130655796e+001  4.9755194924055104e+001  4.9122626654261694e+001  4.9084158310358362e+001  4.9077577574354109e+001  4.8821510618348384e+001  4.8821510618348384e+001
  7.2506714751072883e+004  1.5963567081761525e+004  6.9496521309210129e+002  4.1588651309353463e+002  3.5249845611377077e+002  3.2873987023079781e+002  3.2776790206110036e+002  3.2731419655263471e+002  3.2664292894521668e+002  3.2569088460669445e+002  3.2509019831590786e+002  3.2461151581826471e+002  3.2429921233409004e+002  3.2429921233409004e+002
  9.5109866114682896e+004  1.6502628607024275e+004  3.2648272288166263e+003  8.9927756713600502e+002  5.2526016990493918e+002  4.1550755026805246e+002  3.1488874840477774e+002  3.1351465708924434e+002  3.0093800670299288e+002  3.0004360910452579e+002  2.9798988083032145e+002  2.9714516085283412e+002  2.4450728131218284e+002  2.4450728131218284e+002
  8.4457304399622924e+004  7.7083907693533947e+003  2.7908371401196291e+003  4.7539368661341814e+002  2.9155950109176774e+002  2.5888566485469028e+002  2.1723877646744768e+002  2.1626601328624110e+002  2.1069577059740732e+002  1.8483707284419597e+002  1.8469035393954982e+002  1.8466712849869691e+002  1.8177870024047115e+002  1.8177870024047115e+002
  4.3644291949677645e+004  1.6230268036627804e+004  3.3274789096801032e+003  3.5128740153338094e+002  1.9432586420480493e+002  1.4587116501714445e+002  1.0159902943027146e+002  1.0117480178011829e+002  8.5504094502034604e+001  8.1764162626363941e+001  8.1713359332590244e+001  7.8628734838123819e+001  7.7758093362184809e+001  7.7758093362184809e+001
  8.4178351806603867e+004  4.5800826220174757e+004  1.4446662307965460e+004  4.2875807129065424e+002  1.4833699566701580e+002  1.1901364715849104e+002  1.1668889319649543e+002  1.1652507932918752e+002  1.1559194217476443e+002  1.0660120444700715e+002  1.0485012351860541e+002  1.0307313751010633e+002  1.0236654670762618e+002  1.0236654670762618e+002
  3.2211458920412500e+004  8.4396810942255834e+003  3.1852164467766033e+003  3.9414008085726255e+002  2.4405735805927543e+002  2.2041326155840807e+002  2.1955246397088331e+002  2.1775130322832320e+002  1.5236056098551990e+002  1.5122771250376536e+002  1.3808494857753158e+002  1.3268856918725078e+002  1.2065138245044636e+002  1.2065138245044636e+002
  9.2552384157371373e+004  3.4620708704143595e+004  1.9784359489698949e+004  1.6719937955496625e+003  1.4501359212316856e+002  8.7267990333903981e+001  7.5950423146592129e+001  7.5640397625079913e+001  7.5411120003243468e+001  7.5335355722740132e+001  7.5311116734339521e+001  7.0612117378490893e+001  7.0312950027757324e+001  7.0312950027757324e+001
  5.4490806409978301e+004  2.2045659689399636e+004  5.9118788941399889e+003  4.5761190801548719e+002  2.2499904436920906e+002  1.9649790558859513e+002  1.9547928292866845e+002  1.8843137582893496e+002  1.5377947409928402e+002  1.5267335747654988e+002  1.2787092163868783e+002  1.2677508000699800e+002  1.2425042014942983e+002  1.2425042014942983e+002
  5.8017958596969416e+004  2.0399490265477725e+004  1.2244091793866466e+004  8.7291806987624932e+002  1.6887909597950056e+002  6.8107987094077544e+001  6.1554729715461235e+001  4.8711565532929853e+001  4.7740585546849616e+001  4.5645820071453500e+001  4.1048674464323540e+001  4.0742025807928258e+001  4.0234749532647129e+001  4.0234749532647129e+001
  5.9746941195895066e+004  2.9571834905587559e+004  1.7696733101397494e+004  7.8531122277788381e+002  5.3342844242362389e+002  4.2322456605967955e+002  4.1635272867916774e+002  3.7683684391914221e+002  3.1698949919476991e+002  3.0728081924269600e+002  3.0405845756917324e+002  3.0223959294015003e+002  2.3214487168167079e+002  2.3214487168167079e+002
  3.2883464754327171e+004  1.7964163657276349e+003  3.8426347311729705e+002  2.5860636831346892e+002  1.5384838804402170e+002  1.2407111573146130e+002  1.0887035531632955e+002  1.0872742390283474e+002  1.0787807282527319e+002  1.0730242147676518e+002  1.0644788805742883e+002  1.0622329728904242e+002  1.0605818701506587e+002  1.0605818701506587e+002
  1.5111435177413133e+005  3.5309391720288811e+004  2.6356231702438919e+004  3.9797884285398086e+003  4.0445266669314333e+002  2.9719334048792825e+002  2.8172984462427439e+002  1.2235267680061042e+002  1.2147832001102006e+002  1.0152926358774312e+002  7.4818530592679963e+001  7.1673942342056307e+001  7.0548649676686182e+001  7.0548649676686182e+001
  4.2065184958489357e+004  4.1313958941930468e+003  5.9554519106717862e+002  2.7215058475993828e+002  2.0348837800120236e+002  1.8989189607542448e+002  1.8753722969674664e+002  1.8279848461881284e+002  1.7907924159874619e+002  1.7884592851589605e+002  1.7872480001738586e+002  1.7843098246164982e+002  1.7839682200016068e+002  1.7839682200016068e+002
  2.2809625914814718e+004  2.6299297149755603e+003  8.2025963665161180e+002  3.7544212479861562e+002  1.7288863811902593e+002  1.6066428404861563e+002  1.5931944819389400e+002  1.4885457960952044e+002  1.4454993950374728e+002  1.4430948592434925e+002  1.1461865947603837e+002  1.0962726118498495e+002  1.0932085164533646e+002  1.0932085164533646e+002
  7.9117474647305062e+004  1.2426490342949655e+004  2.2565855121883169e+003  4.9512646338349168e+002  2.7453129963523952e+002  2.2623154250073867e+002  2.2546858268383630e+002  2.2267969563057432e+002  2.1322447532819751e+002  1.6727846562751301e+002  1.6678163592279452e+002  1.6630907027600188e+002  1.6590818548964080e+002  1.6590818548964080e+002
  1.9541244030012316e+004  4.8324403513774796e+003  1.0225897324055040e+003  2.1277154989415567e+002  8.8902867042909747e+001  7.4867657315073757e+001  7.4515948089484027e+001  4.4054451820630902e+001  4.2992390276740707e+001  4.2903903449936706e+001  4.2889556270952880e+001  4.2720616183424227e+001  4.2698644915618843e+001  4.2698644915618843e+001
  3.0317961059934521e+004  1.0919625074102956e+004  1.3159742267108368e+003  5.0561378508333655e+002  2.2619713281517716e+002  8.7595270234476175e+001  8.6722325513866508e+001  8.6672424048396806e+001  8.6485820583252462e+001  8.4456472826132085e+001  8.0022062307643864e+001  7.8196526115171309e+001  7.7960931888774667e+001  7.7960931888774667e+001
  1.8383259593918108e+005  6.9201765890443712e+003  1.3405946896360001e+003  3.2771923205013081e+002  2.3735479592565707e+002  2.2506315180064030e+002  2.2481874015389849e+002  2.2405985822400589e+002  2.2338445632524281e+002  2.2330684705175963e+002  2.2326707669277312e+002  2.2192072173417500e+002  2.2180629614739883e+002  2.2180629614739883e+002
  6.1658177686314921e+004  1.0816790113564923e+004  2.9822745579892071e+003  5.1318498329351678e+002  1.8929648169164284e+002  1.5783082396108330e+002  1.1226090853166988e+002  1.1111833450455379e+002  1.0388123915786628e+002  1.0318214909735389e+002  1.0263416115834934e+002  1.0252319062688866e+002  1.0249375640925291e+002  1.0249375640925291e+002
  2.6365807074890188e+004  6.9857750101720030e+003  1.2083234058754661e+003  2.9382339231238711e+002  2.0184920954254630e+002  1.5308043440949086e+002  1.5258779940709792e+002  1.4796071537701619e+002  1.4222401146717357e+002  1.4211260057481832e+002  1.4050700072099471e+002  1.3574761867797088e+002  1.3563107230805826e+002  1.3563107230805826e+002
  9.2150377625022593e+004  2.8062758837420559e+004  9.7507788407715889e+003  3.6327674787637079e+002  6.0599070679620581e+001  5.2235088577679562e+001  5.1832846909575892e+001  5.1761644450277345e+001  5.1104528311868762e+001  4.9147202027243111e+001  4.7402938142293806e+001  4.7384094660010987e+001  4.7373604399146188e+001  4.7373604399146188e+001
  2.0096863056888087e+004  4.4053466037521248e+003  6.1475265216966818e+002  4.1505964540369450e+002  3.4428893323211514e+002  3.4126607621458288e+002  3.4099867664201520e+002  3.4091075109930171e+002  3.3614429421126351e+002  3.3575999578497886e+002  3.3558907057842043e+002  3.3529871515062450e+002  3.3502660370281501e+002  3.3502660370281501e+002
  3.0572845204680514e+004  2.5230049268071107e+003  3.3435304060310864e+002  1.8278879489280189e+002  1.1246217926921963e+002  5.8651924590523777e+001  5.8266374225010622e+001  4.1080808718836124e+001  3.9355187737013921e+001  3.9310994300734819e+001  3.6930686972699959e+001  3.6317690687694721e+001  3.6171382592392774e+001  3.6171382592392774e+001
  1.0986758089383811e+004  3.1982888498276698e+003  6.6639685094745710e+002  3.2320016770993789e+002  2.3925041361519425e+002  1.9925777458238554e+002  1.9889324095647635e+002  1.9871074081008783e+002  1.9459321945782040e+002  1.9398252280033466e+002  1.9395602910566913e+002  1.9277610464478494e+002  1.9248703162135234e+002  1.9248703162135234e+002
  1.8604827616600793e+004  2.6184359466062251e+003  1.2322330312253093e+003  3.4122216923834503e+002  1.5237306625666861e+002  1.0052132385122150e+002  9.6000230247265790e+001  4.6963874831548083e+001  4.2582371934416415e+001  4.2234228351308275e+001  4.1813687240198760e+001  4.1762503109954196e+001  4.1744295995957600e+001  4.1744295995957600e+001
  1.1549487478407973e+004  2.3755848491446013e+003  6.9629829862046017e+002  2.6713070265268698e+002  9.2267575571900579e+001  8.3658914555809133e+001  6.8139923065151379e+001  6.7297780468051315e+001  6.7181442618213168e+001  6.5951893784538242e+001  6.5102101686565675e+001  6.4752743728559835e+001  6.2070392349728081e+001  6.2070392349728081e+001
  1.5242573992354909e+005  1.2320990161585840e+004  2.4610093598559133e+003  2.8147938350906361e+002  1.6234006438063625e+002  9.4830557440600387e+001  9.0776823254379451e+001  9.0344106250431196e+001  8.9583796475829331e+001  8.1394010739916212e+001  8.1243918518578539e+001  7.6625131472162138e+001  7.6414499151700966e+001  7.6414499151700966e+001
  1.4340635761788359e+005  5.2138510925431174e+003  2.4061695009693194e+003  2.9609650320248511e+002  2.0221181309651820e+002  1.7554283152903326e+002  1.7386836600019114e+002  1.5617489980483788e+002  1.5536405465216785e+002  1.5485120396647017e+002  1.5277093072896923e+002  1.2336004098885905e+002  1.2206075711905487e+002  1.2206075711905487e+002
  8.2495936088463117e+004  1.8154737316314273e+004  4.7318201689498865e+003  4.3127112325778398e+002  1.2469009326255673e+002  1.0052703501223641e+002  9.8325502732624045e+001  9.5072593382755258e+001  9.0072142647208693e+001  8.8322647374370717e+001  8.5892047538891802e+001  8.4797038828420682e+001  8.4321333964169753e+001  8.4321333964169753e+001
  7.3033660034083528e+004  1.4628037193009804e+004  1.4343969054288996e+003  6.8962681684847394e+002  3.1178711447741807e+002  1.6885636478581864e+002  1.6098337646491791e+002  1.6004192722017433e+002  1.0513006611725268e+002  1.0376428960088651e+002  9.9769634533133740e+001  9.6569569899545058e+001  9.4164133050877354e+001  9.4164133050877354e+001
  2.9175537035697002e+004  1.5527121523244095e+004  2.8016849030289750e+003  3.4154927175020293e+002  2.3953040520549348e+002  1.9075256588757247e+002  1.8583397906362825e+002  1.8464065446044060e+002  1.8401028861053783e+002  1.8395641468983649e+002  1.8388330054016433e+002  1.8382792501622725e+002  1.8353993747053528e+002  1.8353993747053528e+002
  5.6155087078244673e+004  1.3090757325559121e+004  2.4497238964907501e+003  8.1681166237941352e+002  7.0552794681800970e+002  4.0768789213500668e+002  3.5082434916184138e+002  3.4490471249312031e+002  3.3312835481957427e+002  2.6179822830152534e+002  2.5990385683606200e+002  2.5892222596566717e+002  2.5409108000706192e+002  2.5409108000706192e+002
  6.2452494968488158e+004  3.1996197113783273e+004  9.3667349490517445e+003  4.0361884336053918e+003  2.1713841030720687e+002  9.1712965456901657e+001  8.3939115129896436e+001  8.3468809414709540e+001  8.3227211585975965e+001  8.3181566098686289e+001  8.3014659952964394e+001  8.0073269598060506e+001  7.9880685412806997e+001  7.9880685412806997e+001
  1.8696116740498463e+004  1.0660592029358779e+004  1.8059787550225246e+003  5.7805949049040464e+002  2.9440530794241158e+002  2.2370887680400665e+002  1.2661917951326586e+002  1.2519857201479499e+002  9.0281246045815351e+001  8.2421812243632758e+001  8.2353434904323876e+001  7.5764587110696539e+001  7.5198687958838946e+001  7.5198687958838946e+001
  1.0012939419571272e+005  2.3418145626339981e+004  8.3662792326904218e+003  2.9583361154048725e+002  1.6136306021998780e+002  1.1817655233756432e+002  1.1751898201580570e+002  1.1737414099983152e+002  1.1732691040112059e+002  1.1490419754560116e+002  1.1477308338681996e+002  1.1459396705555719e+002  1.1425176170750819e+002  1.1425176170750819e+002
  4.0648496645104256e+004  1.7309600950871027e+004  3.7625064304484395e+003  3.5871428191514178e+002  1.8051371519650957e+002  8.8351503713421152e+001  8.7253563022859908e+001  8.7085126627575391e+001  8.5050564422233492e+001  8.4341389039577280e+001  8.4220697434337580e+001  8.4207720771355980e+001  8.4093223462482456e+001  8.4093223462482456e+001
  1.6484641477342117e+004  2.5803561365261830e+003  4.9160216834879657e+002  2.5593963163499666e+002  1.4764701238991347e+002  1.4238118209040204e+002  1.3770194283648152e+002  1.3665171841753590e+002  1.3635843396496239e+002  1.3084393569424128e+002  1.2812576312008423e+002  1.2698540680148517e+002  1.2623903264134651e+002  1.2623903264134651e+002
  9.2690393643997464e+004  2.1091288869124546e+004  3.0736173727664700e+003  1.4697868602394328e+003  7.9550513398196608e+002  7.3801011303127416e+002  6.6892584666411540e+002  3.4726543456880427e+002  2.1213708989758697e+002  2.0312425021092531e+002  1.7337870075216961e+002  1.6994935838066021e+002  1.6750663997375523e+002  1.6750663997375523e+002
  2.9250165373650703e+004  2.1713649172964369e+003  4.9166263589939626e+002  3.0194660301040085e+002  2.0379507394628126e+002  1.4512116259392269e+002  1.4378888763024906e+002  1.4259389967154902e+002  1.4160079315885878e+002  1.4151764898202237e+002  1.4148022633031269e+002  1.4146494293611158e+002  1.4125870303290412e+002  1.4125870303290412e+002
  9.0002859217150879e+004  5.4404497033467691e+004  1.2900899432052209e+004  3.9122585492503695e+003  7.9743825411810667e+002  1.7175697501885588e+002  1.5136746582879914e+002  1.5035363606567444e+002  1.4035637716761630e+002  1.2779893140955892e+002  1.2717757410549166e+002  1.2536725219977643e+002  1.2508421006647177e+002  1.2508421006647177e+002
  9.7128447627918431e+004  1.2197926907229261e+004  1.4289262399627760e+003  3.0445415518474965e+002  2.2604532592540636e+002  1.6464476081608518e+002  1.4936661345917628e+002  1.4417668616838728e+002  1.4390673866815905e+002  1.4297257092250675e+002  1.4284549269588024e+002  1.3912896556955775e+002  1.3800557120454323e+002  1.3800557120454323e+002
  5.6916508056034894e+004  3.8516109979616303e+004  3.0048421708223077e+003  2.1582615076959382e+002  1.1619275652489432e+002  9.8505656284964061e+001  9.8057252965796579e+001  9.1048418602215406e+001  8.7088101222506339e+001  8.4904413993162052e+001  8.4672734385577314e+001  8.4492613797642662e+001  8.3936313322371461e+001  8.3936313322371461e+001
  1.6254279500205960e+005  1.5340615878850665e+004  6.1058608708504089e+003  7.0297207470036301e+002  4.8791482710878699e+002  4.2764708896319598e+002  4.1185539434012981e+002  3.6760224412820617e+002  3.6641107399329167e+002  3.6528683949830429e+002  3.3758099716924153e+002  3.3137137697662092e+002  3.2507054972530659e+002  3.2507054972530659e+002
  4.9487095557468841e+004  1.0399232477758078e+004  2.6424980800176099e+003  4.4806781007510381e+002  1.4365457080182023e+002  9.8226410631921226e+001  9.5877083281068280e+001  8.9514458987292983e+001  8.7998359213392177e+001  8.7376951331859345e+001  8.1152925568722367e+001  7.8708056941452014e+001  7.7260521743884055e+001  7.7260521743884055e+001
  6.0069111091864812e+004  8.9042966665260101e+003  5.1545767431730565e+002  2.4427894653831254e+002  1.6067301922515799e+002  1.5516003472341845e+002  1.5507822884642565e+002  1.5400412899815774e+002  1.5311848974719805e+002  1.5290638045794867e+002  1.5268512103572539e+002  1.5267269155044960e+002  1.5266467378908601e+002  1.5266467378908601e+002
