  1.1830411231064022e+002  7.6529778246577280e+001  7.1601062510670999e+001  7.0369584993259423e+001  6.8325783960758145e+001  6.7782829728866773e+001  6.7779194648371913e+001  6.7778614121037663e+001  6.7778482819942838e+001  6.7778474060369490e+001  6.7778456027717311e+001  6.7778432782635491e+001  6.7778327322512723e+001  6.7778327322512723e+001
  6.7796663358522665e+001  2.1387460887720636e+001  1.6106382185663733e+001  1.4954663439785236e+001  1.4738380647181657e+001  1.4631605668940892e+001  1.2727258774659958e+001  1.2633349990790748e+001  1.2585183440686023e+001  1.2570606382021651e+001  1.2570157104713417e+001  1.2570114292051358e+001  1.2570114196937993e+001  1.2570114196937993e+001
  5.5410433487180399e+001  1.7767857129727417e+001  1.4700963636124470e+001  1.3878465016641258e+001  1.3383649799806790e+001  1.3349905770395480e+001  1.3163664786766731e+001  1.2899612162636458e+001  1.2886509120689652e+001  1.2882372643541885e+001  1.2882198371227105e+001  1.2882112018422731e+001  1.2881959155733057e+001  1.2881959155733057e+001
  8.3494156981086917e+001  2.2293784121646922e+001  1.4440381217717686e+001  1.2760529845005522e+001  1.2450806283623251e+001  1.0413672215051974e+001  9.8711582727405585e+000  9.8131307138896773e+000  9.8101315807923584e+000  9.8100002284581933e+000  9.8099428522618837e+000  9.8099080324589067e+000  9.8098940988156755e+000  9.8098940988156755e+000
  3.2903832907175411e+002  1.3173469997527104e+002  2.9961081022009012e+001  1.6987676514642999e+001  1.6140113981321065e+001  1.5523995906975415e+001  1.4301420929117285e+001  1.3976683216717220e+001  1.3968615383599399e+001  1.3967947317697508e+001  1.3967144000952430e+001  1.3967133021757718e+001  1.3967053050883351e+001  1.3967053050883351e+001
  7.7279659347630286e+001  2.7284421213360702e+001  1.7668795095578844e+001  1.1876602678715244e+001  1.0075273798763646e+001  8.7951805157517811e+000  7.6757119012343082e+000  7.4763189695363508e+000  7.4715271963075338e+000  7.4701451586990970e+000  7.4696812033123479e+000  7.4695456304843901e+000  7.4695026907809279e+000  7.4695026907809279e+000
  5.8126536565128163e+001  1.9652317831631080e+001  1.4618633349511356e+001  1.1690630546421062e+001  1.1067405746418672e+001  9.3484302187446247e+000  8.9703942267194634e+000  8.7263481322258940e+000  8.6919644130632605e+000  8.6907473039170782e+000  8.6906634178903914e+000  8.6904960297933940e+000  8.6903505907141607e+000  8.6903505907141607e+000
  5.8723737958802303e+001  2.2007946964396297e+001  1.5281780966159204e+001  1.3892045946249027e+001  1.3297229484840273e+001  1.1428231157319942e+001  1.1306757900735420e+001  1.1302228131231914e+001  1.1302016688671074e+001  1.1297900655060857e+001  1.1297061825934861e+001  1.1297019749621086e+001  1.1296992320124218e+001  1.1296992320124218e+001
  1.2434330186087527e+002  7.8783758498452926e+001  7.5362264025893637e+001  7.3044952966160963e+001  7.1851884898115259e+001  7.1628203754723472e+001  7.1625821874007670e+001  7.1625625862070137e+001  7.1624977819549713e+001  7.1624906733578428e+001  7.1624906163830019e+001  7.1624906014221324e+001  7.1624906013792270e+001  7.1624906013792270e+001
  1.2733336676097224e+002  8.4148634393241082e+001  7.7619604650745487e+001  7.5084973310344594e+001  7.4487270845871535e+001  2.5428123487428593e+001  1.1947300372980408e+001  9.5737084305849294e+000  9.5382810901273842e+000  9.4209229007738031e+000  9.4182855554590788e+000  9.4176848071329005e+000  9.4175649474320835e+000  9.4175649474320835e+000
  1.2594043920248396e+002  8.4284195232659386e+001  8.0163143101815422e+001  7.9126051819631812e+001  7.8810392741260557e+001  1.4697255653648881e+001  1.3177215114292494e+001  1.2482881467028847e+001  1.2471346753441821e+001  1.2466737401608952e+001  1.2458446092457052e+001  1.2456251839987772e+001  1.2456187468838152e+001  1.2456187468838152e+001
  7.8374556624279876e+001  1.7519732187215595e+001  1.2284007164627610e+001  9.8096083349389573e+000  9.2642270754813580e+000  9.2233473581743510e+000  7.5034819355000764e+000  7.2220488958460010e+000  7.0598383104058939e+000  7.0529209892445124e+000  7.0514936995859898e+000  7.0506292508712249e+000  7.0504982870081676e+000  7.0504982870081676e+000
  7.1943213641376133e+001  1.5833111490420379e+001  1.2576758412680192e+001  1.1102676223044455e+001  1.0283030728171298e+001  1.0221224905064219e+001  9.7849552984594084e+000  9.7754171762373971e+000  9.7749151030636767e+000  9.7747657133108987e+000  9.7745645045608853e+000  9.7745643892023963e+000  9.7745642160289208e+000  9.7745642160289208e+000
  5.7201718382169474e+001  2.0413143754963130e+001  1.7765358005191956e+001  1.6392753191336624e+001  1.5533772756091139e+001  1.3778936470162762e+001  1.3598041659560522e+001  1.3590246065151860e+001  1.3589723963308415e+001  1.3589509814842586e+001  1.3589486110954567e+001  1.3589465671770768e+001  1.3589465618103532e+001  1.3589465618103532e+001
  8.5936687726896253e+001  2.3582537958938929e+001  1.5198873520673033e+001  1.3075264016465553e+001  1.2707962664351498e+001  1.2661199038788709e+001  1.2600134800752130e+001  1.2086890610164119e+001  1.1950111627105571e+001  1.1901321692821739e+001  1.1900420936332694e+001  1.1884167901090677e+001  1.1874755185796630e+001  1.1874755185796630e+001
  1.1209546156923739e+002  2.2307732435266416e+001  1.2107787036463833e+001  9.6826741412546653e+000  8.7239698946418684e+000  7.6645456301735067e+000  7.4334727012751500e+000  7.4275453368113631e+000  7.4240745980403062e+000  7.4234473129558864e+000  7.4234443747754995e+000  7.4234419780293592e+000  7.4234322832701309e+000  7.4234322832701309e+000
  8.8417148448525040e+001  2.2849660660143172e+001  1.3532970533984326e+001  1.1699397959741646e+001  1.1095702742629328e+001  8.6941015673985476e+000  8.2417221027269534e+000  8.0920037577841413e+000  8.0790693497353914e+000  8.0696506254912492e+000  8.0691512489925117e+000  8.0690610207179816e+000  8.0690335604754182e+000  8.0690335604754182e+000
  6.6778526346387480e+001  2.4639449141250907e+001  1.7766263971344870e+001  1.5223793166479709e+001  1.4576371408918249e+001  1.4530628455217311e+001  1.4420412700284714e+001  1.3878929910035367e+001  1.3877682590629774e+001  1.3877209276783105e+001  1.3877174558543629e+001  1.3877096556792822e+001  1.3877039910324356e+001  1.3877039910324356e+001
  1.3318643779606668e+002  2.5157996948778646e+001  1.3775741458684934e+001  9.7611926981467150e+000  8.9377398427209300e+000  7.5208450175823600e+000  7.3795031035961074e+000  7.3761996346488559e+000  7.3753548018207766e+000  7.3751168159999452e+000  7.3738062143559091e+000  7.3736735966715514e+000  7.3736608615834029e+000  7.3736608615834029e+000
  2.8094309605267426e+002  6.5860840905116220e+001  1.9223634217586550e+001  1.5537576595418386e+001  1.4951484456624030e+001  1.3128397323152740e+001  1.2560797879938036e+001  1.2330539161960360e+001  1.2323795194442255e+001  1.2320644976779249e+001  1.2320294063948950e+001  1.2320109136437395e+001  1.2320078207909091e+001  1.2320078207909091e+001
  5.3091520991323478e+001  1.8724259802971119e+001  1.3412400263787958e+001  1.1517657895500406e+001  1.0637947546604437e+001  1.0571641195866277e+001  1.0567989021857102e+001  1.0562640859208614e+001  1.0548994241844412e+001  1.0548839650753962e+001  1.0548825342445525e+001  1.0548820851904111e+001  1.0548815808133440e+001  1.0548815808133440e+001
  1.5839779031044873e+002  2.8116409465153083e+001  1.8779361547326516e+001  1.4925270912867290e+001  1.4027919561616272e+001  1.2874596322663820e+001  1.2671152507952456e+001  1.2663429165451362e+001  1.2662090248179311e+001  1.2661935996994771e+001  1.2661418835780069e+001  1.2661339054875498e+001  1.2661315351390840e+001  1.2661315351390840e+001
  9.8275039955167358e+001  3.6498197110257706e+001  1.3458650290660444e+001  9.6142488761872755e+000  8.3135497816456336e+000  8.2047341694033094e+000  8.0313273320118697e+000  7.6582527567584293e+000  7.6352442770430571e+000  7.6298336038139496e+000  7.6295500304393045e+000  7.6291611994524828e+000  7.6290920351109435e+000  7.6290920351109435e+000
  6.4730380809812232e+001  1.9285832308033605e+001  1.3091274186089095e+001  1.1044476805200475e+001  1.0565121049956815e+001  1.0525037725066340e+001  1.0507796923142450e+001  1.0256351972515859e+001  1.0255439564144581e+001  1.0255295535854430e+001  1.0255139600113580e+001  1.0255090513418963e+001  1.0255088651032793e+001  1.0255088651032793e+001
  1.1252427614939734e+002  8.6754795764991286e+001  8.4880105587494882e+001  8.3931626205045404e+001  1.2441650101377036e+001  9.9610990683263481e+000  9.9573033095459778e+000  9.9192188989425176e+000  9.9043297383730078e+000  9.9038360609927167e+000  9.9037340361567203e+000  9.9037317889863061e+000  9.9037284375231138e+000  9.9037284375231138e+000
  1.1059306846428967e+002  2.3280686559171045e+001  1.3253890048578342e+001  1.2214448000514039e+001  1.1782289997742737e+001  1.0260181029272417e+001  9.7432431982197159e+000  9.3545024941784050e+000  9.3532423678555006e+000  9.3516842752671892e+000  9.3484444026817073e+000  9.3476533523726175e+000  9.3476197466268331e+000  9.3476197466268331e+000
  5.7152955474763985e+001  2.2511754662746853e+001  1.7524105095940513e+001  1.5093929195358896e+001  1.4172785495655944e+001  1.2800973338323047e+001  1.2283333031701886e+001  1.2061545114063165e+001  1.2038864029660090e+001  1.2034802162094138e+001  1.2031066674378962e+001  1.2030976601544126e+001  1.2030972134862168e+001  1.2030972134862168e+001
  6.8443983116031177e+001  1.8430072034646855e+001  1.5303904387129933e+001  1.4177925329838672e+001  1.3951181127112932e+001  1.3865701444775141e+001  1.3863618305204909e+001  1.3863240585397534e+001  1.3863166082234784e+001  1.3863165208405690e+001  1.3863164689805899e+001  1.3863164466529724e+001  1.3863162496850236e+001  1.3863162496850236e+001
  9.5013657997048767e+001  1.8031040143250038e+001  1.3890394480136365e+001  1.2293346179281343e+001  1.1917836273680678e+001  1.1802211537848279e+001  1.1461958960630682e+001  1.1456271238507043e+001  1.1455963857931465e+001  1.1455350947959005e+001  1.1454620340303791e+001  1.1454540639511151e+001  1.1454530529514614e+001  1.1454530529514614e+001
  7.9093327170196517e+001  1.9433391075318468e+001  1.6366544368535187e+001  1.4711204966345804e+001  1.4165305110157078e+001  1.3323036678582639e+001  1.2852513341498252e+001  1.2781527510734577e+001  1.2779032966349860e+001  1.2777796552829159e+001  1.2776209873777134e+001  1.2776174559820447e+001  1.2776161658357069e+001  1.2776161658357069e+001
  1.1581877339406401e+002  7.7143704503957451e+001  7.5176288828356974e+001  7.2921991269381579e+001  1.5455483914020533e+001  1.3692397854732917e+001  1.1898067084471222e+001  1.1658399881762080e+001  1.1653469181845821e+001  1.1653204493673002e+001  1.1652335157652033e+001  1.1652315554131292e+001  1.1652300007969870e+001  1.1652300007969870e+001
  9.8225490089552522e+001  2.3158079687515510e+001  1.2468048112184306e+001  1.1164042823161481e+001  1.0747816559766079e+001  1.0678737046733659e+001  1.0425434389552493e+001  1.0420412850098046e+001  1.0419417882501648e+001  1.0418957114919522e+001  1.0418414904561587e+001  1.0418209548146706e+001  1.0418208011464003e+001  1.0418208011464003e+001
  6.1251322120629084e+001  2.3917373732757596e+001  1.8764241443460605e+001  1.7621085508229953e+001  1.7053624981310577e+001  1.7041398654017485e+001  1.6920507806200021e+001  1.6919553794785998e+001  1.6919461334842708e+001  1.6919455880466103e+001  1.6919455729585025e+001  1.6919455729265792e+001  1.6919455729260790e+001  1.6919455729260790e+001
  8.0443885580567212e+001  1.8287227468726769e+001  1.4495039490901036e+001  1.3830016633605510e+001  1.3317882814118775e+001  1.3310214312220751e+001  1.3309715558936887e+001  1.3309405019127325e+001  1.3309270756797105e+001  1.3309269038671346e+001  1.3309268270323628e+001  1.3309265515862535e+001  1.3309264747271072e+001  1.3309264747271072e+001
  6.4156294097933369e+001  2.0413625628596947e+001  1.5040207256553003e+001  1.2250211370934721e+001  1.1738445291083281e+001  1.1544877044088025e+001  1.1525857630896780e+001  1.1177108470103803e+001  1.1118667880291696e+001  1.1117387472821747e+001  1.1116658538288902e+001  1.1115938880250724e+001  1.1115877898193958e+001  1.1115877898193958e+001
  1.1383344960570344e+002  9.1768869481315733e+001  8.6865630152365839e+001  8.5062301294972940e+001  8.4848052285877202e+001  8.0700196841998832e+001  1.3236692685828984e+001  1.0768289890770575e+001  1.0218661888508905e+001  1.0191508973970713e+001  1.0167661801669055e+001  1.0166939845894149e+001  1.0166073022124692e+001  1.0166073022124692e+001
  1.1544008076100818e+002  1.8892337705398177e+001  1.3025005855333120e+001  1.1632832900429548e+001  1.0703881241493264e+001  1.0654619348312735e+001  1.0350579623960584e+001  1.0348207719390302e+001  1.0346039126586220e+001  1.0345658562675908e+001  1.0345654320717813e+001  1.0345398728044984e+001  1.0345387090844270e+001  1.0345387090844270e+001
  1.3203001118373936e+002  8.5715495478964840e+001  8.2747838996824839e+001  8.0152344184778940e+001  7.9557370474104800e+001  1.1393706855110395e+001  1.0492893352198053e+001  9.4985685420253958e+000  9.4143698202069572e+000  9.4077482954137395e+000  9.4056297247836937e+000  9.3991104212336722e+000  9.3975283387064792e+000  9.3975283387064792e+000
  7.7765480443856404e+001  1.8070964172652793e+001  1.6922976674037045e+001  1.4807150027914531e+001  1.4272936145102221e+001  1.2558617835399673e+001  1.2272264221503519e+001  1.2264935778496920e+001  1.2264609271479912e+001  1.2264570364421843e+001  1.2264459724509379e+001  1.2264166592928404e+001  1.2264166416748139e+001  1.2264166416748139e+001
  1.4467080986200153e+002  1.0447525139333470e+002  9.4517796259738816e+001  8.8830745696007853e+001  3.1630609352636839e+001  1.0290983945167227e+001  1.0227329917826864e+001  9.6850181815188989e+000  7.7680459746125052e+000  7.3829567203192710e+000  7.3776598538420330e+000  7.3766445292906155e+000  7.3755593795340246e+000  7.3755593795340246e+000
  9.5274137119425404e+001  2.0498853322479135e+001  1.7428844174739197e+001  1.6791248653488992e+001  1.6098060321356115e+001  1.5534768943145309e+001  1.4687752207725225e+001  1.4072799785040843e+001  1.4067445962828288e+001  1.4055092360014896e+001  1.4053900783650988e+001  1.4053826678790529e+001  1.4053726473803863e+001  1.4053726473803863e+001
  1.0278596140247805e+002  2.2412049736509516e+001  1.5222788583547072e+001  1.2866134685348470e+001  1.2337705403041582e+001  1.2279413818858757e+001  1.2128936498013218e+001  1.2128519953864497e+001  1.2128472359203215e+001  1.2128449234416166e+001  1.2128440281449684e+001  1.2128440105048639e+001  1.2128440099707177e+001  1.2128440099707177e+001
  1.2032057470457880e+002  2.3160034116541738e+001  1.5275610936059820e+001  1.4241009656772121e+001  1.3854103870303788e+001  1.3765649974809094e+001  1.2496354732783402e+001  1.1664394842344791e+001  1.1474023005071331e+001  1.1456198332716895e+001  1.1455490953832850e+001  1.1454421688506500e+001  1.1454180132427155e+001  1.1454180132427155e+001
  1.1115286067111083e+002  8.2868018589964777e+001  7.8763906469434687e+001  7.7002520180462852e+001  1.2845557599797985e+001  1.1392792578336639e+001  1.0891714077119559e+001  1.0512968969637313e+001  1.0502580654188023e+001  1.0473099253511009e+001  1.0472328903368407e+001  1.0471828351412569e+001  1.0471692576914847e+001  1.0471692576914847e+001
  8.6677657230244449e+001  1.9517426059632498e+001  1.5857821758343789e+001  1.4816733127054704e+001  1.4424282664417888e+001  1.4401495328690544e+001  1.3487865501116858e+001  1.2752472564750178e+001  1.2261737828597688e+001  1.2239224964988352e+001  1.2238802238984135e+001  1.2238262292361924e+001  1.2238213729264999e+001  1.2238213729264999e+001
  1.0502563965412673e+002  5.5402952248910424e+001  2.1337610405237911e+001  1.2901368143763193e+001  1.1272528392463300e+001  9.9144550959772459e+000  8.6748920474160514e+000  8.6713122689009197e+000  8.6493767826257226e+000  8.6311808853392904e+000  8.6310668396590700e+000  8.6309717755889324e+000  8.6303012750574908e+000  8.6303012750574908e+000
  2.2071923162870780e+002  4.5719484169925863e+001  1.8540403018267398e+001  1.1690046883468540e+001  1.0684269178658496e+001  9.1685310989901154e+000  8.5092087186205845e+000  8.4756575068643087e+000  8.4750183710771125e+000  8.4749960627896144e+000  8.4749715625582667e+000  8.4749706214413436e+000  8.4749694357496992e+000  8.4749694357496992e+000
  1.7824318234803150e+002  3.8987524844980271e+001  1.8231307823046336e+001  1.2715770954392156e+001  1.1833479791570880e+001  1.0022798144149192e+001  9.7805235468076717e+000  9.3605044172172711e+000  9.3321807105930930e+000  9.3308817207598622e+000  9.3305512232684578e+000  9.3304819518677959e+000  9.3304369390766624e+000  9.3304369390766624e+000
  1.1488339902484176e+002  3.0181442814532829e+001  1.3781209875571903e+001  1.0252059033265596e+001  8.3147087396903316e+000  6.6735932562696689e+000  6.5962053741191085e+000  6.0535472031037898e+000  6.0421803286906197e+000  6.0349168097409347e+000  6.0346083373963211e+000  6.0345954806675763e+000  6.0345893404507933e+000  6.0345893404507933e+000
  7.6766354327224690e+001  2.2101497607305419e+001  1.9121546329194643e+001  1.7817529760423440e+001  1.7439469113269524e+001  1.6017477034633430e+001  1.5320586576835694e+001  1.4403383356908762e+001  1.4279924103755548e+001  1.4276577749110857e+001  1.4276164414128971e+001  1.4275970387464895e+001  1.4275864766024824e+001  1.4275864766024824e+001
  1.3794726024131751e+002  5.5788824600119597e+001  2.3583765079212071e+001  1.7041441381748427e+001  1.5600823506276583e+001  1.3888249245097995e+001  1.2758962301745669e+001  1.2490521361713490e+001  1.2478334851336058e+001  1.2474493813119352e+001  1.2464032348786532e+001  1.2463435061520840e+001  1.2463380344472625e+001  1.2463380344472625e+001
