  2.5863413613084867e+003  1.1874141046885356e+003  1.1237324433928352e+003  9.3222041971370982e+002  9.0950509834750983e+002  9.0133902751256483e+002  8.9637525938539329e+002  8.9591308954817441e+002  8.9381832631795396e+002  8.9343337032774161e+002  8.9316066928459713e+002  8.9306379010964338e+002  8.9290291279340408e+002  8.9290291279340408e+002
  2.5343949334401059e+003  1.4329422350354484e+003  1.1548936168984897e+003  1.1307222035318787e+003  1.1265457642664505e+003  1.1215401555485955e+003  1.1167386832018919e+003  1.1134408293941433e+003  1.1131410388803588e+003  1.1130834592664437e+003  1.1130224228523584e+003  1.1129696127279813e+003  1.1129121429826891e+003  1.1129121429826891e+003
  2.7818248732535303e+003  2.0136815793192463e+003  1.8288263810138751e+003  1.5514872198283938e+003  1.3755876511605825e+003  1.3645739832662061e+003  1.3539142322995458e+003  1.3502770237048207e+003  1.3499548493172679e+003  1.3498680143261818e+003  1.3498396637897486e+003  1.3498253291230922e+003  1.3497995858553631e+003  1.3497995858553631e+003
  2.7115352226702771e+003  1.5378642813466895e+003  1.1830796919721515e+003  1.0729966497694886e+003  1.0653724759817760e+003  1.0614315540388288e+003  1.0581064328331913e+003  1.0577065958234061e+003  1.0574206874665988e+003  1.0573329151321836e+003  1.0573198613328518e+003  1.0573122508186998e+003  1.0572880631976363e+003  1.0572880631976363e+003
  2.1601689925893725e+003  1.4754666912123730e+003  1.3353411907813570e+003  1.3246917168537511e+003  1.3198341237017048e+003  1.3089514239491682e+003  1.3029787977911228e+003  1.3024249438659062e+003  1.3023452492356537e+003  1.3022472639617822e+003  1.3022362857029439e+003  1.3022289368808511e+003  1.3022180886626775e+003  1.3022180886626775e+003
  2.2636317344569252e+003  1.7813088185707820e+003  1.2507970286941154e+003  1.1585558332185228e+003  1.1505579260004915e+003  1.1452623747091889e+003  1.1401923227261582e+003  1.1354010886622918e+003  1.1352944087828000e+003  1.1351988620194284e+003  1.1351719897931962e+003  1.1351507496236823e+003  1.1351456070424501e+003  1.1351456070424501e+003
  2.2465832055377559e+003  1.5341936354180516e+003  1.2647200019040592e+003  1.2492456588148279e+003  1.2410941379245951e+003  1.2296562727052997e+003  1.2275255794834793e+003  1.2269255424091125e+003  1.2268745877376459e+003  1.2268224114009422e+003  1.2265336889984892e+003  1.2264687551913412e+003  1.2263972590738958e+003  1.2263972590738958e+003
  2.5197784752029947e+003  1.6438774245913764e+003  1.5773968379686385e+003  1.5626120478214616e+003  1.5564110908583571e+003  1.5460860756178163e+003  1.5428533998265302e+003  1.5426220451932459e+003  1.5425392241756745e+003  1.5424954920092405e+003  1.5424642595193018e+003  1.5424621403591400e+003  1.5424611269803017e+003  1.5424611269803017e+003
  2.0742232788375422e+003  1.8613084418900035e+003  1.6138326319114021e+003  1.5833931436338517e+003  1.5720372048249574e+003  1.5638434046326038e+003  1.5628779833737999e+003  1.5602583466270080e+003  1.5570269425166771e+003  1.5568156723068696e+003  1.5566152453933728e+003  1.5564487366048015e+003  1.5564107186749707e+003  1.5564107186749707e+003
  1.9424183728018361e+003  8.7947377233345151e+002  7.3188584034938549e+002  7.1404572326792641e+002  7.0532243797959063e+002  6.9991819073194893e+002  6.8706681710263183e+002  6.8662922373071615e+002  6.8630183354411429e+002  6.8622468155112483e+002  6.8617102358912825e+002  6.8613688908610766e+002  6.8613296608660949e+002  6.8613296608660949e+002
  2.2688364735154246e+003  1.4554926568258684e+003  1.2248277436199060e+003  1.1958782338027650e+003  1.1875345363192605e+003  1.1813959234460381e+003  1.1777112273905705e+003  1.1776403052721935e+003  1.1775953973920177e+003  1.1775937546838841e+003  1.1775936696639037e+003  1.1775249292584645e+003  1.1735286920214749e+003  1.1735286920214749e+003
  2.3077670788282066e+003  1.5263872823764514e+003  1.3981963891703053e+003  1.3789379940483486e+003  1.3696852994766391e+003  1.3581196771147402e+003  1.3556068919793770e+003  1.3554131107411376e+003  1.3552524051897340e+003  1.3552342954137184e+003  1.3552280410926678e+003  1.3552135332011649e+003  1.3552106609422440e+003  1.3552106609422440e+003
  2.4856124804131177e+003  1.9222094441397930e+003  1.7603280562092086e+003  1.6521250414820524e+003  1.6375624204818068e+003  1.6284081364365757e+003  1.6242922768670687e+003  1.6242138655092290e+003  1.6240307167574388e+003  1.6239929897462616e+003  1.6239470869907873e+003  1.6239358428175233e+003  1.6239326805734217e+003  1.6239326805734217e+003
  2.4132771375139364e+003  1.9869102126589642e+003  1.7179421345423607e+003  1.6910853453944146e+003  1.6854938796913275e+003  1.6761057529469949e+003  1.6756673057076923e+003  1.6735094800011684e+003  1.6683460608464056e+003  1.6681838642636262e+003  1.6681324709128166e+003  1.6681283311820325e+003  1.6681051918016196e+003  1.6681051918016196e+003
  1.8387834061233707e+003  1.3088351042584318e+003  1.0704376697733769e+003  8.0099421801139761e+002  7.9121132784977317e+002  7.7779929450095869e+002  7.7494229312106199e+002  7.7476334106236573e+002  7.7467599002447196e+002  7.7458134670594700e+002  7.7451163934900069e+002  7.7448038068440383e+002  7.7447497447204023e+002  7.7447497447204023e+002
  2.4119644136038878e+003  1.9160667196714239e+003  1.3780618822046690e+003  1.2662567913732692e+003  1.2611587786740811e+003  1.2541034309717934e+003  1.2537465363309975e+003  1.2512599241026210e+003  1.2512159898712980e+003  1.2504104286499723e+003  1.2503879155099758e+003  1.2492226743355532e+003  1.2491613375482557e+003  1.2491613375482557e+003
  2.0100101054409442e+003  1.7166082956402643e+003  1.5538461828328527e+003  1.5324126227724360e+003  1.5173200632924281e+003  1.5074345485191466e+003  1.5035416405256360e+003  1.5033136729147691e+003  1.5032081364579967e+003  1.5031497283330382e+003  1.5031299241475672e+003  1.5031157267147391e+003  1.5031145460308981e+003  1.5031145460308981e+003
  2.6086240736311920e+003  1.3131224962620272e+003  9.8880212848812880e+002  9.2376332046459538e+002  9.1778228734731420e+002  9.0897205585266965e+002  9.0389981438697305e+002  9.0355185369490209e+002  9.0301615046972120e+002  9.0295637548416062e+002  9.0286202154342209e+002  9.0285102647044278e+002  9.0284592916269185e+002  9.0284592916269185e+002
  1.8675008475162485e+003  1.2380744974030140e+003  9.3777228789471428e+002  8.6819716439123295e+002  8.4842094653378172e+002  8.3789966347989457e+002  8.3492248930243659e+002  8.3051740430049631e+002  8.2482127145722916e+002  8.2444890863553610e+002  8.2437478080266374e+002  8.2429872384184091e+002  8.2425855182417445e+002  8.2425855182417445e+002
  1.4164576002034446e+003  8.2824651017833685e+002  7.3758466655166012e+002  7.2207668413073634e+002  7.1653705989650098e+002  7.1283172056549893e+002  7.1103782914395106e+002  7.0975117067633801e+002  7.0960260538727016e+002  7.0951900464084883e+002  7.0949614546024350e+002  7.0948080294851661e+002  7.0947851659826074e+002  7.0947851659826074e+002
  2.2672942803833175e+003  1.8332689989473256e+003  1.5967356659354027e+003  1.5357362683106421e+003  1.5186942958641289e+003  1.5071105699095629e+003  1.5036595567829754e+003  1.5032853145179488e+003  1.5032313309428773e+003  1.5031525809890190e+003  1.5031428768376463e+003  1.5031201686581621e+003  1.5030999231574215e+003  1.5030999231574215e+003
  2.8888650818203132e+003  2.5827433827397290e+003  1.7582978764097861e+003  1.6168064423140922e+003  1.6067524108150492e+003  1.5956631115329119e+003  1.5901283481027494e+003  1.5839421683013857e+003  1.5837692151471283e+003  1.5835477076115139e+003  1.5834308316112210e+003  1.5832947529551411e+003  1.5832383445527712e+003  1.5832383445527712e+003
  1.7585752474789851e+003  1.3893958525879984e+003  1.2718452175330976e+003  1.2237518201399907e+003  1.2158294835641527e+003  1.2079084345805668e+003  1.2053401470983108e+003  1.2052784335215038e+003  1.2051630048783286e+003  1.2050940050508179e+003  1.2050372934230395e+003  1.2050206491370827e+003  1.2050158966882886e+003  1.2050158966882886e+003
  1.8647095834839129e+003  9.0902295459137440e+002  8.3506460366477950e+002  8.2164252833620094e+002  8.1496671853321232e+002  8.0909024251838537e+002  8.0635586055187741e+002  8.0608688545076302e+002  8.0596266816016214e+002  8.0535852265763970e+002  8.0532052480372977e+002  8.0531739825207751e+002  8.0531021190963656e+002  8.0531021190963656e+002
  2.3897449898985706e+003  1.5719800157273621e+003  1.3133070604091217e+003  1.2579166277659647e+003  1.2384923883293113e+003  1.2265059323596188e+003  1.2203209697651100e+003  1.2199289879705680e+003  1.2154929477133310e+003  1.2153920100589467e+003  1.2151354123144120e+003  1.2150475490418626e+003  1.2149721858960302e+003  1.2149721858960302e+003
  2.4852272423511222e+003  2.1084191436381980e+003  2.0523715503115091e+003  2.0326281063376573e+003  2.0268473464495792e+003  2.0212358580301370e+003  2.0210282569251704e+003  2.0180956404323233e+003  2.0178498680974135e+003  2.0176968103568761e+003  2.0137650505971524e+003  2.0137101335250427e+003  2.0134419169161483e+003  2.0134419169161483e+003
  2.1668999316102536e+003  1.6600617945651356e+003  1.3790650029629051e+003  1.3484848124929854e+003  1.3451620979808813e+003  1.3373737456056697e+003  1.3369907005766568e+003  1.3368380560010974e+003  1.3365265853925980e+003  1.3363724273261369e+003  1.3362465910191440e+003  1.3361666247624939e+003  1.3361292849113333e+003  1.3361292849113333e+003
  1.4133161220772663e+003  1.0111517116987134e+003  8.0525900581810492e+002  7.1404321645370510e+002  6.9474050517870910e+002  6.8253115381603629e+002  6.7720909578068677e+002  6.7506817935409617e+002  6.7315667872188624e+002  6.7279585138411312e+002  6.7274890113482434e+002  6.7267707735737758e+002  6.7267182863460403e+002  6.7267182863460403e+002
  2.0939437880300575e+003  1.7565413297472783e+003  1.5012965131143028e+003  1.4124184806584235e+003  1.3828999031006319e+003  1.3749457131513436e+003  1.3710746079082401e+003  1.3687333105910047e+003  1.3685661125019942e+003  1.3684953642725004e+003  1.3684322889643590e+003  1.3684018588682306e+003  1.3683983204697197e+003  1.3683983204697197e+003
  2.1119947087575456e+003  1.7048592136976386e+003  1.3752656656284016e+003  1.2149689924192303e+003  1.2066004884204549e+003  1.1996212282214474e+003  1.1930664274038481e+003  1.1885690041478274e+003  1.1883653665537031e+003  1.1881679121364809e+003  1.1880388074341690e+003  1.1880088966133244e+003  1.1879900916785627e+003  1.1879900916785627e+003
  2.3872661840575583e+003  2.1670960757530356e+003  1.9812027498405450e+003  1.9259456369715099e+003  1.9198401829670638e+003  1.9133707004582648e+003  1.9107658886013432e+003  1.9076004571218036e+003  1.9024763565736857e+003  1.9022021263105717e+003  1.9019238899530828e+003  1.9018168637686522e+003  1.9017825796140587e+003  1.9017825796140587e+003
  2.1272669821335785e+003  1.4999343794074184e+003  1.3256075992679935e+003  1.2876925142989348e+003  1.2791137711982410e+003  1.2640936860656489e+003  1.2635659625335184e+003  1.2632886729204520e+003  1.2630519059420203e+003  1.2628301281010208e+003  1.2628167341110202e+003  1.2628035199903047e+003  1.2628000767770818e+003  1.2628000767770818e+003
  1.6758675339315323e+003  1.2048959925599493e+003  8.7761564497861536e+002  8.4611537886018141e+002  8.3358432109069508e+002  8.1886053397626347e+002  8.1357078713675446e+002  8.0995236656679617e+002  8.0781223722902496e+002  8.0773301996603641e+002  8.0756510764705399e+002  8.0753735150058401e+002  8.0752561179589793e+002  8.0752561179589793e+002
  1.9829112233325932e+003  1.2380511122120774e+003  1.0326001333244990e+003  9.8421261065227509e+002  9.7440295777730717e+002  9.6186801813794091e+002  9.5877117087020315e+002  9.5852189288401223e+002  9.5834540163073643e+002  9.5823839552360369e+002  9.5822094596275292e+002  9.5819884048605445e+002  9.5819580273934571e+002  9.5819580273934571e+002
  2.1682197927967263e+003  9.4280753768314753e+002  7.7633632166610187e+002  7.5606303023631517e+002  7.4755883486512175e+002  7.3956811137868999e+002  7.3730394227589113e+002  7.3707668642622957e+002  7.3700820240935900e+002  7.3695444885912502e+002  7.3694244434923075e+002  7.3693883258607093e+002  7.3693736106766482e+002  7.3693736106766482e+002
  1.7386925288114126e+003  1.1270567940245078e+003  8.3295582793107315e+002  7.7027274380407380e+002  7.6257868796104049e+002  7.4684738473777497e+002  7.4421805957496827e+002  7.4211523080437109e+002  7.4155394323241671e+002  7.4134325825418182e+002  7.4118306782016543e+002  7.4114230488941030e+002  7.4113736765996464e+002  7.4113736765996464e+002
  1.5067769074943503e+003  1.2675050566345499e+003  1.1998260528540186e+003  1.1937130193006410e+003  1.1855670109891594e+003  1.1817157882060483e+003  1.1764170308118541e+003  1.1761760935112125e+003  1.1760384430778795e+003  1.1759983494300877e+003  1.1759412332943284e+003  1.1759325296356337e+003  1.1759166782825928e+003  1.1759166782825928e+003
  1.5044386729658536e+003  1.1291637924917331e+003  8.6883307899887814e+002  8.5778369502021224e+002  8.4977399702369394e+002  8.4340041297321841e+002  8.4043959501884183e+002  8.4030822999232078e+002  8.4025645214887527e+002  8.4023319996368627e+002  8.4022594421714030e+002  8.4022506059231500e+002  8.4022488205235004e+002  8.4022488205235004e+002
  2.3914934650641671e+003  1.7356326959809721e+003  1.3585966648591120e+003  1.3269196585951845e+003  1.3191136036142079e+003  1.3106817668409567e+003  1.3026353712198052e+003  1.3004059910832680e+003  1.2976541396405837e+003  1.2960653596283564e+003  1.2959805545470690e+003  1.2959597411882360e+003  1.2959518797418496e+003  1.2959518797418496e+003
  2.4358777999185986e+003  1.7559962632999623e+003  1.4385927429569019e+003  1.4083584409114001e+003  1.3967930785834169e+003  1.3908559983442319e+003  1.3827125631006284e+003  1.3825669528436856e+003  1.3824248212485181e+003  1.3822838928086326e+003  1.3822302076393134e+003  1.3821988417672374e+003  1.3821197834304589e+003  1.3821197834304589e+003
  1.6327663983836928e+003  1.0338447621496430e+003  8.1608074723912068e+002  7.9165584366555549e+002  7.8443648969473907e+002  7.6958600592492530e+002  7.6545303712089526e+002  7.6523346577509710e+002  7.6520204235416804e+002  7.6512529533037559e+002  7.6507030676203431e+002  7.6505864777384841e+002  7.6504975571948989e+002  7.6504975571948989e+002
  1.8773292992448551e+003  1.3550909937404995e+003  1.2765777527190044e+003  1.2664524332740034e+003  1.2586772752324514e+003  1.2539283272562043e+003  1.2493413475092530e+003  1.2487468613952096e+003  1.2455754506348867e+003  1.2453411239040829e+003  1.2452877092346193e+003  1.2452480321744997e+003  1.2452303197536557e+003  1.2452303197536557e+003
  2.6772598160298876e+003  1.5910348630622357e+003  1.4609705998535137e+003  1.4291504472384340e+003  1.4121768482721905e+003  1.4036097053175440e+003  1.4015379242904532e+003  1.4014655569145693e+003  1.4013448977448165e+003  1.4012918552348719e+003  1.4012688041652250e+003  1.4012653608175701e+003  1.4012638367980467e+003  1.4012638367980467e+003
  1.8752802632730286e+003  1.0445031774566578e+003  8.2975861883130074e+002  8.0745314014464293e+002  7.9941540263373145e+002  7.8616695205497535e+002  7.8040339758116443e+002  7.7543994130581268e+002  7.7520942776040556e+002  7.7515871624795727e+002  7.7508094777276710e+002  7.7506906294574037e+002  7.7505665490742012e+002  7.7505665490742012e+002
  1.4300262181451881e+003  1.0049258107720993e+003  8.3245535544213817e+002  8.1275300704389656e+002  8.0924772874462815e+002  8.0464886164568952e+002  8.0306461502414550e+002  8.0240382298294071e+002  8.0210487247894207e+002  8.0195385068929090e+002  8.0193635558422739e+002  8.0192945678259184e+002  8.0192548137496851e+002  8.0192548137496851e+002
  2.2696902233825094e+003  1.2934370927287355e+003  8.7550727780421585e+002  8.1312889360345935e+002  8.0330119803955040e+002  7.8946377234632746e+002  7.8921421327366988e+002  7.8893476721547040e+002  7.8856862675393859e+002  7.8821372255547249e+002  7.8813028197279345e+002  7.8801564890254895e+002  7.8767994807050036e+002  7.8767994807050036e+002
  2.1238337769869013e+003  1.3680055749028143e+003  1.1424601832431690e+003  1.0847052385442089e+003  1.0788028997459314e+003  1.0712917587808170e+003  1.0708462186641623e+003  1.0706391533909405e+003  1.0705572892209066e+003  1.0704995874620508e+003  1.0704729121651353e+003  1.0704083069796625e+003  1.0703982003475176e+003  1.0703982003475176e+003
  2.2899186862198749e+003  1.8839021749845451e+003  1.3736776737417831e+003  8.9968550355464049e+002  8.8049407721502030e+002  8.7665000780850551e+002  8.7411367623844399e+002  8.7147664082193251e+002  8.7132529694719096e+002  8.6695762037315717e+002  8.6685356648853895e+002  8.6676206484602972e+002  8.6674609136032541e+002  8.6674609136032541e+002
  2.5761963345804197e+003  2.0521436522264521e+003  1.5142370785856983e+003  1.2538092661510445e+003  1.2312010957096136e+003  1.2210911087152654e+003  1.2167627032913597e+003  1.2150501810405972e+003  1.2083603117281818e+003  1.2081978931433905e+003  1.2079159485708597e+003  1.2078591111794253e+003  1.2078564667776768e+003  1.2078564667776768e+003
  2.1059959635049872e+003  1.6772229162273434e+003  1.0699424374785017e+003  9.1882232354047983e+002  8.9587751329394951e+002  8.8682820626596822e+002  8.7920166605377199e+002  8.7606582345669904e+002  8.7581079875958130e+002  8.7571424115731952e+002  8.7567624610674102e+002  8.7560822698138782e+002  8.7559629028429663e+002  8.7559629028429663e+002
  1.9622649734427268e+003  1.2801673313652504e+003  9.0139427499279054e+002  8.2294442980839449e+002  8.0761103158227706e+002  8.0125531411602969e+002  7.9600357590047588e+002  7.9570813981364472e+002  7.9549049988115985e+002  7.9506390770080498e+002  7.9498479027787653e+002  7.9496619542077451e+002  7.9494637959216925e+002  7.9494637959216925e+002
