  1.4378166126151639e+005  6.1339686648099399e+004  4.3564188321256501e+004  2.1919749026053687e+004  1.1486513344744371e+004  6.8455858695320558e+002  4.9340426838693475e+002  4.7451435692412088e+002  3.8308061477263482e+002  3.6876232570507591e+002  3.6829403830782076e+002  3.6005783022232617e+002  3.5017194303635324e+002  3.5017194303635324e+002
  1.6614861746148070e+005  8.6599651423472940e+004  4.9706083979877687e+004  8.8605547686998289e+003  3.0328021852557486e+003  2.4959930064694399e+003  7.7525087629682366e+002  4.1977365045282841e+002  3.7612610527474862e+002  3.4073870309959966e+002  3.0572208445798105e+002  2.9522965199449936e+002  2.8321264175548049e+002  2.8321264175548049e+002
  1.5615919488235109e+005  4.8366150526502264e+004  3.0678370527772870e+004  1.2052272076161562e+004  3.5080714052795065e+003  1.9282376893765550e+003  1.3908089618726844e+003  1.1218256892961422e+003  5.8794538654278131e+002  4.4900708226586903e+002  3.5323646965534135e+002  3.3013789362879152e+002  2.6380571305859758e+002  2.6380571305859758e+002
  1.1869563619075397e+005  4.7088027130420363e+004  1.2278763726819487e+004  4.0538054065847564e+003  5.7269969568712986e+002  2.9806572672935408e+002  2.5826253372933752e+002  2.3695486208330067e+002  2.2665564084043353e+002  2.2423687835182227e+002  2.0241054073458326e+002  1.7919885582973893e+002  1.7668553346037879e+002  1.7668553346037879e+002
  1.0835692764638814e+005  1.4900468687401226e+004  1.0810767959190460e+004  2.3557110667104880e+003  1.0418742412193387e+003  7.6510404295959779e+002  6.9287185173070793e+002  5.1446382898248430e+002  4.7320556220931394e+002  3.9378355101324996e+002  3.5652194312870142e+002  3.4739324555613530e+002  3.4604257709451485e+002  3.4604257709451485e+002
  1.1508074924793874e+005  4.6053049002876993e+004  2.1374576916435042e+004  2.7849459243945967e+003  9.0440690985301717e+002  5.4975803826515403e+002  3.0970102947820624e+002  2.7283082681207861e+002  2.5424441623830307e+002  2.3225027637999847e+002  1.9428245793190354e+002  1.5976481973246382e+002  1.4250912042738719e+002  1.4250912042738719e+002
  1.0846025743757050e+005  2.0227229149623297e+004  1.0565168938322811e+004  2.6841902926732937e+003  1.7990814862796351e+003  1.5703416312143809e+003  1.2619185796211900e+003  1.1675901919126982e+003  1.1077593741830560e+003  8.4083230829155764e+002  8.3593495060260557e+002  5.9572955052211682e+002  5.2565881729862758e+002  5.2565881729862758e+002
  6.0050194681735171e+004  1.2803243731834746e+004  4.1553297254586078e+003  1.4688171944261821e+003  6.2884729656097852e+002  4.2856444484404801e+002  3.5003691640393481e+002  2.7735156270641392e+002  2.6530942597079320e+002  2.6140760253226790e+002  1.5983641254110262e+002  1.5127837352964389e+002  1.4985289164823098e+002  1.4985289164823098e+002
  1.7602738750148835e+005  6.0724630008405096e+004  2.2316103350727401e+004  7.4576565876014483e+003  3.8541179428075002e+003  1.5464768798884252e+003  1.1735460353220797e+003  1.1270933069208813e+003  8.1470038193933169e+002  6.8502953551840710e+002  6.4067758167086595e+002  4.2714552035315228e+002  2.8914027431484510e+002  2.8914027431484510e+002
  1.1512532791744557e+005  3.1054502149937049e+004  1.3428530195182962e+004  2.8909354755828917e+003  8.9367895829458485e+002  6.3261777600841560e+002  4.4730513384917003e+002  4.1752380175943881e+002  3.4654856911546767e+002  3.4521996430676018e+002  3.4400389732293070e+002  3.3780127941682531e+002  3.1191282907988261e+002  3.1191282907988261e+002
  1.6498245358337791e+005  4.1783277101682441e+004  2.2854328032270558e+004  8.1983181047032576e+003  2.2003869925871895e+003  1.7709097868546969e+003  1.2224427783369906e+003  1.1663772047015582e+003  1.0698219714562683e+003  9.5868844391619223e+002  9.2880694257920459e+002  9.0136005750745471e+002  8.9956235462411769e+002  8.9956235462411769e+002
  6.3376745570555606e+004  3.4829540691437163e+004  2.4594485882166398e+004  5.4315565288984844e+003  1.8898373611478510e+003  1.4560920525340616e+003  1.2700456792090135e+003  1.1076971714222082e+003  1.0095458953736311e+003  9.2858324957971718e+002  8.7890398715235096e+002  6.6732334627089494e+002  6.3480601917487456e+002  6.3480601917487456e+002
  7.8452800836468319e+004  2.8088469297928426e+004  6.0247277810936985e+003  2.5896381100809649e+003  9.7323811514178897e+002  8.2810483204500815e+002  7.2249906741870700e+002  6.7266057756983491e+002  5.6919297024646403e+002  5.6603167402866029e+002  5.3733666354710431e+002  5.2246242884186904e+002  5.1967781761884726e+002  5.1967781761884726e+002
  6.9893687183354341e+004  1.5867281063858456e+004  5.4326442948704253e+003  2.1452307861616500e+003  1.2523820354105774e+003  1.0431029571847030e+003  7.6709693394696478e+002  6.8148832758337176e+002  6.6573491420866003e+002  6.5744413018373962e+002  6.2873979892125681e+002  6.1921699233039317e+002  6.0357399855629228e+002  6.0357399855629228e+002
  1.3478922165003448e+005  4.1556117295941949e+004  1.8761601854074550e+004  4.4720781509340350e+003  1.5917708037164721e+003  1.0777235253141189e+003  8.2869968112289189e+002  7.9189528651311230e+002  6.7852673659694801e+002  6.5337727362150190e+002  6.3479924136224963e+002  6.1144746633642535e+002  4.8016548290084074e+002  4.8016548290084074e+002
  1.1564124327208541e+005  6.5017597371398806e+004  2.8744721463200909e+004  9.8895573773823671e+003  2.6229429341502764e+003  1.4507602805702923e+003  7.9687710781446094e+002  7.3818791696701419e+002  6.6869226364771703e+002  6.1965861975017106e+002  4.8376718644139237e+002  4.6374019531862859e+002  4.1112752197008194e+002  4.1112752197008194e+002
  1.9064775070570494e+005  2.0565202085052231e+004  8.2032766908246267e+003  1.5468247116705329e+003  7.6140854835465780e+002  6.6307569971272051e+002  5.6596340408054311e+002  4.5688711552442055e+002  3.5299396114353476e+002  2.3581190173210916e+002  2.2224424684161886e+002  2.2066050815860717e+002  2.1701449353693306e+002  2.1701449353693306e+002
  1.9284610624771073e+005  7.0101138121908036e+004  4.5247448031855238e+004  7.7803625182056494e+003  2.5566764371501649e+003  1.8875685536146402e+003  1.6608143557775434e+003  1.5824485920704615e+003  1.4055900466584044e+003  1.2211741215055122e+003  1.1233559257254728e+003  7.5747367971374388e+002  7.5129833955728964e+002  7.5129833955728964e+002
  9.4442882066887003e+004  3.2615033040376948e+004  1.1472552033673144e+004  3.6494314790849621e+003  2.0224184760623148e+003  7.8656633082660392e+002  6.1547025422793376e+002  4.1427968390813248e+002  4.0070568403703555e+002  3.9827089952470124e+002  3.9692700064153814e+002  3.9644788336586316e+002  3.9433929135872359e+002  3.9433929135872359e+002
  1.6848424618500791e+005  1.0409738944110090e+005  3.5097764216768184e+004  1.0039605093876675e+004  3.7271321386068830e+003  2.8252748111225255e+003  2.3130523817331705e+003  2.1475465264493805e+003  2.1128607637351233e+003  1.9448674815725503e+003  1.9238053449718409e+003  9.5427770939227548e+002  7.9443212273492827e+002  7.9443212273492827e+002
  1.6007089638870073e+005  4.1689749308228696e+004  3.0122217329398725e+004  3.9019022842348713e+003  1.2694708013525051e+003  8.9413581086093427e+002  6.9939201801420450e+002  6.2240996489146801e+002  6.0909264502451379e+002  4.0437984158446125e+002  3.9897444732031272e+002  3.9710572290817072e+002  3.9333331420460217e+002  3.9333331420460217e+002
  6.4519190661769826e+004  4.5744425974016354e+004  2.3770567004839406e+004  4.0809376297457584e+003  2.4304760405684619e+003  1.5775893627023702e+003  1.3962684149010529e+003  1.3283593576754783e+003  1.2091300287340773e+003  1.0445833802212828e+003  8.6109678910900675e+002  8.1776697375282674e+002  7.1963898177102192e+002  7.1963898177102192e+002
  2.2303548695189512e+005  6.5891372935224761e+004  4.6911130120249021e+004  2.4163013882009684e+004  6.8165880301523339e+003  4.1327942708730407e+003  3.5705570545641658e+003  3.3737520696079964e+003  2.7743749157784914e+003  2.6210657332670653e+003  2.1807085466590979e+003  2.0577302837245697e+003  4.9407915757318187e+002  4.9407915757318187e+002
  7.2762684193125839e+004  5.6597813111294403e+004  3.7375399524715511e+004  9.6852551858060597e+003  6.8070986225676188e+002  4.8285737372033691e+002  3.6401706856064447e+002  3.4489062340977580e+002  2.9515617190031890e+002  2.4523600007884352e+002  2.4220978760632488e+002  2.3811508315983065e+002  2.2857274961171106e+002  2.2857274961171106e+002
  8.9999985529351659e+004  2.6375957068686774e+004  1.1375780038340661e+004  1.9517473821963426e+003  5.9346626221480028e+002  4.3930459249678825e+002  3.4270496909095345e+002  3.4085177353717199e+002  2.9226211958297881e+002  2.8997898113462315e+002  2.8933463934564043e+002  2.8834186305164212e+002  2.8768667258456526e+002  2.8768667258456526e+002
  2.2805316100105472e+005  8.2562621185701399e+004  2.4080466138683751e+004  7.5843521649258309e+003  1.8553346524007461e+003  1.6871436892676620e+003  1.0994560695797459e+003  9.7264026097831902e+002  4.4902445107041967e+002  4.0828777201188177e+002  3.3993732363026584e+002  2.8033123598660177e+002  1.9882360634119550e+002  1.9882360634119550e+002
  2.2849385029067655e+005  6.6161380976876128e+004  2.7584609455169390e+004  9.4608436356221737e+003  2.9393713176420160e+003  7.2578895758926865e+002  6.8195746309340393e+002  6.7704556995979374e+002  6.4008614428669125e+002  6.1515988498020124e+002  6.0982526834559803e+002  6.0770495866923011e+002  5.9915522620717593e+002  5.9915522620717593e+002
  9.6332002770038103e+004  4.1615840170279182e+004  1.1055819143887333e+004  3.4557852736742880e+003  1.3969910121921102e+003  1.1646812098523396e+003  8.0489269966608481e+002  7.6405430455722399e+002  7.3510029648867203e+002  7.3060350731529888e+002  7.0505632454719944e+002  6.9222686963308479e+002  6.7356935604512819e+002  6.7356935604512819e+002
  1.5048146325315570e+005  1.1488883694893848e+004  4.6633187211575669e+003  1.1943762462502773e+003  8.4024561965053090e+002  6.8435591500658029e+002  5.6865039455894657e+002  5.1676238844896352e+002  2.6704959872575046e+002  2.4040916121698501e+002  2.3302850752710310e+002  2.1875361055286339e+002  2.1448269332817927e+002  2.1448269332817927e+002
  2.2647944546789088e+005  9.3583725866301509e+004  6.7003880519834274e+004  1.5041598036374948e+004  3.5923954476180761e+003  3.1161883766486753e+003  1.6806629814696644e+003  1.3369844249676271e+003  9.8013843179589321e+002  9.2823645156080784e+002  8.9862152411998750e+002  8.2037840328302718e+002  5.9920859336451349e+002  5.9920859336451349e+002
  1.0467859445050453e+005  2.8703174097150888e+004  7.6259773352962839e+003  1.6249606914501205e+003  9.4324382640775821e+002  5.6819948210802022e+002  4.7744640097640968e+002  3.6205498897404004e+002  3.5860794803670979e+002  3.4998952333562465e+002  3.4218984247017943e+002  3.3941946891908810e+002  3.3809742334270959e+002  3.3809742334270959e+002
  1.2816737595430396e+005  8.6136004296116385e+004  3.4253760172215203e+004  1.5092644300874716e+004  1.5679539581103381e+003  8.7066126970748473e+002  3.7046704787732688e+002  3.3209484808110710e+002  3.1353264069329180e+002  2.6713769401181435e+002  2.6267305172716442e+002  2.0041922636074878e+002  1.9125077936300568e+002  1.9125077936300568e+002
  9.1278048435577628e+004  3.9606555962912193e+004  2.5642386785304141e+004  9.2188076133582799e+003  2.3367050857688164e+003  1.0947127420702282e+003  1.0012794128899491e+003  9.7613258421781711e+002  9.5481884615206127e+002  5.5647496746214256e+002  2.4151181924869070e+002  2.1269594677597797e+002  1.9506084861713407e+002  1.9506084861713407e+002
  2.5472467437104729e+005  1.1235360276846311e+005  5.2311886309246584e+004  2.4328378663339994e+004  9.0765407173680214e+003  5.2298289204549346e+003  3.3964685250377406e+003  2.8813760287318837e+003  2.7397121359994098e+003  2.4720994457260458e+003  2.3461314391317483e+003  2.0161288026436082e+003  1.9116985757939328e+003  1.9116985757939328e+003
  2.1692357784256921e+005  5.1145297308604575e+004  1.7978370632113511e+004  3.4572806271426889e+003  6.7567035992830688e+002  5.3045119815437783e+002  4.7696009632406049e+002  4.5636112121785209e+002  4.0315942452087438e+002  3.6929018608959677e+002  3.5542056541563989e+002  3.5478443988367235e+002  3.5362753795002845e+002  3.5362753795002845e+002
  1.9036039825553281e+005  8.3549760189473192e+004  5.1142290116994234e+004  2.2293688175094692e+004  9.5749817298230628e+003  4.2115637463517269e+003  3.9260563683235159e+003  3.7808069647206721e+003  3.7727441700219788e+003  3.5813210128805658e+003  3.1322092349350387e+003  2.9371749223489469e+003  2.8902448071998788e+003  2.8902448071998788e+003
  2.8985669215709151e+005  5.7969154004811957e+004  3.3508489462953730e+004  5.9215624471509664e+003  2.0516734121601007e+003  1.3319057434574761e+003  1.3141259408164283e+003  1.3033761676811546e+003  1.2919108155815734e+003  1.2422987014290570e+003  1.2390522478289222e+003  1.2332027540308868e+003  1.2262469880713506e+003  1.2262469880713506e+003
  2.2590723487388756e+005  8.1902120191166090e+004  4.3149017720285628e+004  8.1418358035511064e+003  7.1247287668449644e+002  5.5242432723793445e+002  4.3259133423350431e+002  4.1034510560503622e+002  3.9997503600330174e+002  3.9047920742159840e+002  3.8973171544733077e+002  3.8955020080013855e+002  3.8885865027708815e+002  3.8885865027708815e+002
  7.1971485835496569e+004  2.1489691605197168e+004  1.0712791780279733e+004  4.6441522415266681e+003  4.6703786723847998e+002  2.9673187523409206e+002  2.5020863905363012e+002  2.2340188642927569e+002  2.0257358118131560e+002  2.0156157243506595e+002  1.9415283384301074e+002  1.9293031274908435e+002  1.9206243537874252e+002  1.9206243537874252e+002
  7.1507358753412569e+004  5.0883500002657936e+004  1.3430632805466161e+004  7.2747756286023250e+003  2.3392168375440833e+003  1.5996834985070518e+003  1.0850318968502461e+003  9.0108569550942957e+002  8.7303552298027125e+002  7.6445838676142148e+002  6.7199387093369978e+002  5.5835793330827346e+002  4.6946787632534097e+002  4.6946787632534097e+002
  1.6215846837218513e+005  1.0322220971223807e+005  5.4983251086926415e+004  2.7070682276989846e+004  7.7434806465876063e+003  3.6929754080764906e+003  3.5582471797457038e+003  3.0923927368531313e+003  3.0397773567972672e+003  3.0195323189971732e+003  1.9679097732866894e+003  1.1223239799337225e+003  1.0289296914366196e+003  1.0289296914366196e+003
  7.8787784745696394e+004  2.0354607167355509e+004  5.9716511454448164e+003  2.3709702494415033e+003  1.4343915684484396e+003  7.2725440449291682e+002  3.2794658786823584e+002  3.2654068820509337e+002  2.5467461558981540e+002  2.3615166011740712e+002  2.1976196547827294e+002  2.1828058730600969e+002  2.1760651939656373e+002  2.1760651939656373e+002
  1.2281769212609496e+005  3.0945561282777351e+004  1.3134468000139881e+004  3.4369880188533743e+003  1.1528654165941589e+003  8.7489542216531800e+002  4.9485396793256905e+002  4.7461671824488349e+002  4.7028343413406083e+002  4.5633557214293705e+002  3.7475730001608508e+002  3.5639551825818080e+002  3.4993747007576167e+002  3.4993747007576167e+002
  5.4804211754795549e+004  2.1370346142923594e+004  6.3814553671719077e+003  9.2666004257861368e+002  4.9737926494046860e+002  3.0147564885942757e+002  2.6697419097984130e+002  2.6364119825833905e+002  2.5515751645953151e+002  2.4741123450441319e+002  2.4090906461976692e+002  2.3885474215933482e+002  2.3780546215212325e+002  2.3780546215212325e+002
  1.0111740808247581e+005  6.5580889327509838e+004  4.2851415895200254e+004  1.5090228848393708e+004  3.2847951792280073e+003  9.0700877432639663e+002  5.7315412091856933e+002  2.9100912832515223e+002  2.3140673663211146e+002  1.7672506963695605e+002  1.4070308915766600e+002  1.2549535442699789e+002  1.2397798292072821e+002  1.2397798292072821e+002
  1.4619392598886750e+005  5.2796274523960485e+004  1.6535054552012753e+004  9.6609015734586101e+003  6.1811232731781383e+003  1.3833045457078201e+003  9.3896316341290139e+002  8.8674255416701271e+002  8.1867773961339572e+002  8.0840297045948182e+002  3.2969691035042797e+002  2.2191178547206800e+002  2.1353325796989793e+002  2.1353325796989793e+002
  2.2821467778892079e+005  8.6455190786683685e+004  2.8639694410039108e+004  1.2338495878047606e+004  1.8365059072010918e+003  8.9167527809170042e+002  7.4932774938023567e+002  7.3544347420186295e+002  5.2836574623994738e+002  4.6792181389750795e+002  4.4789936236309404e+002  4.4527628718869619e+002  4.4468173554778105e+002  4.4468173554778105e+002
  1.8789434572144161e+005  4.4269064804214839e+004  7.0737030101453693e+003  4.2173731598773256e+003  2.1214569312359936e+003  1.7557997548764797e+003  1.4423324611599037e+003  1.4141841424100303e+003  1.4080495965845880e+003  1.4003096286717591e+003  1.2646616664801859e+003  1.2414782057040884e+003  1.1796008424952706e+003  1.1796008424952706e+003
  1.2397227324611432e+005  4.6526543735793755e+004  2.5203592803230302e+004  1.3096641356259581e+004  2.0606526935987349e+003  9.1441689184117331e+002  7.9921585344442246e+002  7.4409606417888608e+002  6.9106890949459012e+002  6.6944545013221568e+002  5.4409715642055107e+002  4.7021233889740552e+002  2.9698783102033167e+002  2.9698783102033167e+002
  1.4179809216080923e+005  9.0278000345668726e+004  7.2130790170510139e+004  5.7829985578112588e+004  3.3998887962800865e+004  4.3610075558953313e+003  3.8741895075410657e+003  3.5893699721348758e+003  3.5105775014945575e+003  3.0949867037942995e+003  2.9273662506777091e+003  2.6602526058055655e+003  1.4763826889468096e+003  1.4763826889468096e+003
  1.1104311976295903e+005  5.6401950649773105e+004  2.8618593889539272e+004  6.3654755507540667e+003  3.0149647068501290e+003  2.0908320824011262e+003  1.2334128693376942e+003  1.1157653478443872e+003  1.0678233523470244e+003  9.4430449032927618e+002  8.8880247204593343e+002  8.5099020152468620e+002  8.0999867585179982e+002  8.0999867585179982e+002
