  2.1314531141841030e+001  2.1176768466047406e+001  2.1176768466047406e+001  2.1176768466047406e+001  2.1176768466047406e+001  2.1095012874374788e+001  2.1095012874374788e+001  2.1095012874374788e+001  2.1095012874374788e+001  2.1095012874374788e+001  2.1095012874374788e+001  2.1095012874374788e+001  2.1095012874374788e+001  2.1095012874374788e+001
  2.1268172723307885e+001  2.1243131229719552e+001  2.1243131229719552e+001  2.1178056687252592e+001  2.1178056687252592e+001  2.1155083020500115e+001  2.1155083020500115e+001  2.1155083020500115e+001  2.1155083020500115e+001  2.1155083020500115e+001  2.1155083020500115e+001  2.1155083020500115e+001  2.1155083020500115e+001  2.1155083020500115e+001
  2.1298061427953371e+001  2.1237414495667053e+001  2.1226615351570786e+001  2.1226615351570786e+001  2.1180124243706700e+001  2.1158371755279745e+001  2.1150344574858877e+001  2.1150344574858764e+001  2.1150344574858764e+001  2.1150344574858764e+001  2.1150344574858764e+001  2.1081632459137609e+001  2.1081632459137609e+001  2.1081632459137609e+001
  2.1282319805257430e+001  2.1282319805257430e+001  2.1282319805257430e+001  2.1282319805257430e+001  2.1151223115496123e+001  2.1151223115496009e+001  2.1151223115496009e+001  2.1121637930178736e+001  2.1121637930178736e+001  2.1121637930178736e+001  2.1121637930178736e+001  2.1121637930178736e+001  2.1121637930178736e+001  2.1121637930178736e+001
  2.1279500120705620e+001  2.1279500120705620e+001  2.1170006037628127e+001  2.1170006037628127e+001  2.1170006037628127e+001  2.1060750751105616e+001  2.1058599091002066e+001  2.1058599091002066e+001  2.1058599091002066e+001  2.1058599091002066e+001  2.1058599091002066e+001  2.1058599091002066e+001  2.1058599091002066e+001  2.1058599091002066e+001
  2.1295223448231582e+001  2.1169488342177374e+001  2.1169488342177374e+001  2.1169488342177374e+001  2.1169488342177374e+001  2.1169488342177374e+001  2.1169488342177374e+001  2.1042036093698812e+001  2.1042036093698812e+001  2.1042036093698812e+001  2.1042036093698812e+001  2.1042036093698812e+001  2.1042036093698812e+001  2.1042036093698812e+001
  2.1319833486914376e+001  2.1306714290654440e+001  2.1242172526367540e+001  2.1242172526367540e+001  2.1242172526367540e+001  2.1211731825017068e+001  2.1199144616899503e+001  2.1185159630889984e+001  2.1165550542622441e+001  2.1165550542622441e+001  2.1165550542622441e+001  2.1165550542622441e+001  2.1165550542622441e+001  2.1165550542622441e+001
  2.1296905742424087e+001  2.1296905742424087e+001  2.1266004911293976e+001  2.1266004911293976e+001  2.1166325125474259e+001  2.1166325125474259e+001  2.1166325125474259e+001  2.1166325125474259e+001  2.1166325125474259e+001  2.1105176665692170e+001  2.1105176665692170e+001  2.1099785722615024e+001  2.1099785703159000e+001  2.1099785703159000e+001
  2.1234623146632771e+001  2.1234623146632771e+001  2.1234623146632771e+001  2.1234623146632771e+001  2.1174366413879966e+001  2.1174366413879966e+001  2.1174366413879966e+001  2.1136646583644961e+001  2.1136646583644961e+001  2.1136646583644961e+001  2.1136646583644961e+001  2.1136646583644961e+001  2.1136646583644961e+001  2.1136646583644961e+001
  2.1257481822346904e+001  2.1257481822346904e+001  2.1206500485927904e+001  2.1206500485927904e+001  2.1206500485927904e+001  2.1206500485927904e+001  2.1196285723757001e+001  2.1046628521893467e+001  2.0834948222626508e+001  2.0833020609057485e+001  2.0833019558814385e+001  2.0832383201592393e+001  2.0831682123799624e+001  2.0831682123799624e+001
  2.1306542279428982e+001  2.1306542279428982e+001  2.1247189349848782e+001  2.1219976270937309e+001  2.1219976270937309e+001  2.1219976270937309e+001  2.1186402446689499e+001  2.1186402446689499e+001  2.1186402446689499e+001  2.1169542676374363e+001  2.1169542676374363e+001  2.1144513292934676e+001  2.1144513292934676e+001  2.1144513292934676e+001
  2.1291884538193017e+001  2.1263685475369471e+001  2.1263685475369471e+001  2.1263685475369471e+001  2.1231979575460628e+001  2.1198363149734291e+001  2.1198363149734291e+001  2.1188612973782710e+001  2.1188612973782710e+001  2.1188612973782710e+001  2.0986744654344420e+001  2.0986744654344420e+001  2.0986744654344420e+001  2.0986744654344420e+001
  2.1290829295072399e+001  2.1290829295072399e+001  2.1238445898126088e+001  2.1206932512008166e+001  2.1206932512008166e+001  2.1206932512008166e+001  2.1121072584890044e+001  2.1121072584890044e+001  2.1121072584890044e+001  2.1121072584890044e+001  2.1121072584890044e+001  2.1121072584890044e+001  2.1121072584890044e+001  2.1121072584890044e+001
  2.1238585442797216e+001  2.1238585442797216e+001  2.1238585442797216e+001  2.1238585442797216e+001  2.1236735992040849e+001  2.1098535431704363e+001  2.1078468717008832e+001  2.1078468717008832e+001  2.1078468717008832e+001  2.1078468717008832e+001  2.1078468717008832e+001  2.1071331797605239e+001  2.1071331797605239e+001  2.1071331797605239e+001
  2.1261951846700640e+001  2.1261951846700640e+001  2.1261951846700640e+001  2.1236880067154061e+001  2.1232048211563324e+001  2.1216888284174615e+001  2.1212251520558652e+001  2.1152229205545041e+001  2.1152229205545041e+001  2.1152229205545041e+001  2.1135148457092555e+001  2.1135148457092555e+001  2.1135148457092555e+001  2.1135148457092555e+001
  2.1238471736569409e+001  2.1188786960811512e+001  2.1188786960811512e+001  2.1188786960811512e+001  2.1138647033131065e+001  2.1138618285336634e+001  2.1138618285336634e+001  2.1138618285336634e+001  2.1138618285336634e+001  2.1138618285336634e+001  2.1138618285336634e+001  2.1138618285336634e+001  2.1138618285336634e+001  2.1138618285336634e+001
  2.1230732334727463e+001  2.1230732334727463e+001  2.1230732334727463e+001  2.1225746679688996e+001  2.1225746679688996e+001  2.1207951539386272e+001  2.1171745512047096e+001  2.1171745512047096e+001  2.1153126213700034e+001  2.1153126213700034e+001  2.1153126213700034e+001  2.1153126213700034e+001  2.1153126213700034e+001  2.1153126213700034e+001
  2.1294563996783495e+001  2.1294563996783495e+001  2.1294563996783495e+001  2.1294563996783495e+001  2.1292150046750180e+001  2.1209311690585764e+001  2.1161170302142182e+001  2.1161170302142182e+001  2.1161170302142182e+001  2.1135501742043630e+001  2.1135501742043630e+001  2.1135501742043630e+001  2.1135501742043630e+001  2.1135501742043630e+001
  2.1299709956548895e+001  2.1193403714126134e+001  2.1193403714126134e+001  2.1193403714126134e+001  2.1193403714126134e+001  2.1162924284668293e+001  2.1162924284668293e+001  2.1098311362572076e+001  2.1098311362572076e+001  2.1098311362572076e+001  2.1098311362572076e+001  2.1098311362572076e+001  2.1098311362572076e+001  2.1098311362572076e+001
  2.1306079031592390e+001  2.1258499064329840e+001  2.1258499064329840e+001  2.1256225341979871e+001  2.1169053050611637e+001  2.1169053050611637e+001  2.1169053050611637e+001  2.1169053050611524e+001  2.1140143869681992e+001  2.1140143869681992e+001  2.1140143869681992e+001  2.1140143869681992e+001  2.1140143869681992e+001  2.1140143869681992e+001
  2.1300959189426862e+001  2.1294253377889845e+001  2.1272701115349491e+001  2.1213841083811985e+001  2.1213841083811985e+001  2.1160756992500637e+001  2.1103809072528520e+001  2.1103809072528520e+001  2.1055913354523909e+001  2.1055913354523909e+001  2.1055913354523909e+001  2.1055913354523909e+001  2.1055913354523909e+001  2.1055913354523909e+001
  2.1326095054864709e+001  2.1323222417191346e+001  2.1323222417191346e+001  2.1298014799169437e+001  2.1249008606235520e+001  2.1151500318992703e+001  2.1151500318992703e+001  2.1151500318992703e+001  2.1068429061152187e+001  2.1061243164784855e+001  2.1061243164784855e+001  2.1061243164784855e+001  2.1061243164784855e+001  2.1061243164784855e+001
  2.1306888037628482e+001  2.1258518264982513e+001  2.1233267151776545e+001  2.1233267151776545e+001  2.1233267151776545e+001  2.1211636404294609e+001  2.1182609863980360e+001  2.1128376824328825e+001  2.1128376824328825e+001  2.1112740110646769e+001  2.1112740110646769e+001  2.1112740110646769e+001  2.1112740110646769e+001  2.1112740110646769e+001
  2.1253888786691505e+001  2.1253888786691505e+001  2.1157026245128463e+001  2.1157026245128463e+001  2.1157026245128463e+001  2.1156746332345051e+001  2.1156746332345051e+001  2.1156746332345051e+001  2.1156746332345051e+001  2.1129928350115733e+001  2.1129928350115733e+001  2.1129928350115733e+001  2.1129928350115733e+001  2.1129928350115733e+001
  2.1285962539899060e+001  2.1285962539899060e+001  2.1285962539899060e+001  2.1254355014817975e+001  2.1168175981650052e+001  2.1168175981650052e+001  2.1168175981650052e+001  2.1168175981650052e+001  2.1168175981650052e+001  2.1168175981650052e+001  2.1168175981650052e+001  2.1168175981650052e+001  2.1106617344944084e+001  2.1106617344944084e+001
  2.1307011923385858e+001  2.1307011923385858e+001  2.1307011923385858e+001  2.1287417644347556e+001  2.1249926374298411e+001  2.1212485392108533e+001  2.1172725436342262e+001  2.1103591620966654e+001  2.1103591620966654e+001  2.1103591620966654e+001  2.1103591620966654e+001  2.1103591620966654e+001  2.1103591620966654e+001  2.1103591620966654e+001
  2.1330658410383080e+001  2.1294426519343688e+001  2.1218098396392293e+001  2.1218098396392293e+001  2.1218098396392293e+001  2.1170652338053856e+001  2.0952223237271824e+001  2.0927730754788286e+001  2.0926874348909109e+001  2.0926872580739087e+001  2.0926872580618351e+001  2.0926872580618351e+001  2.0926872580618351e+001  2.0926872580618351e+001
  2.1307620797070513e+001  2.1196071110431603e+001  2.1167424459793324e+001  2.1167424459793324e+001  2.1167424459793324e+001  2.1143996724628437e+001  2.1143996724628437e+001  2.1100401605089587e+001  2.1100401605089587e+001  2.1100401605089587e+001  2.1100401605089587e+001  2.1100401605089587e+001  2.1100401605089587e+001  2.1100401605089587e+001
  2.1291689596293509e+001  2.1264349900397178e+001  2.1214776657567882e+001  2.1161064595118205e+001  2.1161064595118205e+001  2.1161064595118205e+001  2.1161064595118205e+001  2.1161064595118205e+001  2.1161064595118205e+001  2.1101257693537605e+001  2.1101257693537605e+001  2.1101257693537605e+001  2.1101257693537605e+001  2.1101257693537605e+001
  2.1304456331730876e+001  2.1271296335517718e+001  2.1271296335517718e+001  2.1084847663465325e+001  2.1084847663465325e+001  2.1084847663465325e+001  2.1084847663465325e+001  2.1084847663465325e+001  2.1084847663465325e+001  2.1084847663465325e+001  2.1084847663465325e+001  2.1084847663465325e+001  2.1084847663465325e+001  2.1084847663465325e+001
  2.1232271661573350e+001  2.1232271661573350e+001  2.1232271661573350e+001  2.1232271661573350e+001  2.1232271661573350e+001  2.1230248810916351e+001  2.1219700455590441e+001  2.1160816735257640e+001  2.1160816735257640e+001  2.1160816735257640e+001  2.1160816735257640e+001  2.1160816735257640e+001  2.1160816735257640e+001  2.1160816735257640e+001
  2.1234710539804041e+001  2.1234710539804041e+001  2.1234710539804041e+001  2.1234710539804041e+001  2.1191409130740681e+001  2.1191409130740681e+001  2.1191409130740681e+001  2.1191409130740681e+001  2.1187852123724156e+001  2.1170983117488504e+001  2.1170983117488504e+001  2.1170983117488504e+001  2.1170983117488504e+001  2.1170983117488504e+001
  2.1256452722502559e+001  2.1256452722502559e+001  2.1256452722502559e+001  2.1256452722502559e+001  2.1215426687684726e+001  2.1177289114993187e+001  2.1165043578663017e+001  2.1165043578663017e+001  2.1165043578663017e+001  2.1165043578663017e+001  2.1165043578663017e+001  2.1165043578663017e+001  2.1165043578663017e+001  2.1165043578663017e+001
  2.1274714774811855e+001  2.1173379798699216e+001  2.1173379798699216e+001  2.1173379798699216e+001  2.1173379798699216e+001  2.1173379798699216e+001  2.1173379798699102e+001  2.1083538776402406e+001  2.1083538776402406e+001  2.1083538776402406e+001  2.1083538776402406e+001  2.1083538776402406e+001  2.1083538776402406e+001  2.1083538776402406e+001
  2.1304321559628420e+001  2.1304321559628420e+001  2.1304321559628420e+001  2.1279549536853324e+001  2.1279549536853324e+001  2.1150565745041490e+001  2.1150565745041490e+001  2.1150565745041490e+001  2.1049135649658524e+001  2.1049135649658524e+001  2.1024162794743347e+001  2.1024162794743347e+001  2.1024162794743347e+001  2.1024162794743347e+001
  2.1236877610832266e+001  2.1236877610832266e+001  2.1236877610832266e+001  2.1236877610832266e+001  2.1236877610832266e+001  2.1236877610832266e+001  2.1107716022045452e+001  2.1107716022045452e+001  2.1107716022045452e+001  2.1107716022045452e+001  2.1107716022045452e+001  2.1107716022045452e+001  2.1107716022045452e+001  2.1107716022045452e+001
  2.1291133932107982e+001  2.1211981936921802e+001  2.1211981936921802e+001  2.1211981936921802e+001  2.1197437393099563e+001  2.1197437393099563e+001  2.1180973006993099e+001  2.1180973006993099e+001  2.1180973006993099e+001  2.1131298962227902e+001  2.1129913425409654e+001  2.1129913425409654e+001  2.1056151565876803e+001  2.1056151565876803e+001
  2.1295898571910016e+001  2.1295898571910016e+001  2.1295898571910016e+001  2.1200611506269979e+001  2.1159136376516585e+001  2.1159136376516585e+001  2.1159136376516585e+001  2.1159136376516585e+001  2.1159136376516585e+001  2.1143324723510432e+001  2.1078310104534353e+001  2.1078310104534353e+001  2.1078310104534353e+001  2.1078310104534353e+001
  2.1239702357989586e+001  2.1239702357989586e+001  2.1239702357989586e+001  2.1227481205740787e+001  2.1149211906610958e+001  2.1149211906610958e+001  2.1149211906610958e+001  2.1019903836553112e+001  2.1019903836553112e+001  2.1019903836553112e+001  2.1019903836553112e+001  2.1019903836553112e+001  2.1019903836553112e+001  2.1019903836553112e+001
  2.1303182061346888e+001  2.1303182061346888e+001  2.1283835160177432e+001  2.1283835160177318e+001  2.1136492468174538e+001  2.1136492468174538e+001  2.1136492468174538e+001  2.1136492468174538e+001  2.1105824257502604e+001  2.1105824257502604e+001  2.1105824257502604e+001  2.1105824257502604e+001  2.1105824257502604e+001  2.1105824257502604e+001
  2.1317236001521792e+001  2.1258837162782129e+001  2.1199666030329809e+001  2.1199666030329809e+001  2.1140915503189717e+001  2.1140915503189717e+001  2.1140915503189717e+001  2.1140915503189717e+001  2.1140915503189717e+001  2.1140915503189717e+001  2.1140915503189717e+001  2.1140915503189717e+001  2.1140915503189717e+001  2.1140915503189717e+001
  2.1271924071604985e+001  2.1231226986515935e+001  2.1231226986515935e+001  2.1231226986515935e+001  2.1159938126703992e+001  2.1159938126703992e+001  2.1159938126703992e+001  2.1159938126703992e+001  2.1159938126703992e+001  2.1159938126703992e+001  2.1159938126703992e+001  2.1159938126703992e+001  2.1159938126703992e+001  2.1159938126703992e+001
  2.1253968817954160e+001  2.1245645688761897e+001  2.1245645688761897e+001  2.1245645688761897e+001  2.1213838760633166e+001  2.1213838760633166e+001  2.1187706323254019e+001  2.1187706323254019e+001  2.1187706323254019e+001  2.1157902333073139e+001  2.1157902333073139e+001  2.1157902333073139e+001  2.1157902333073139e+001  2.1157902333073139e+001
  2.1247938292325330e+001  2.1247938292325330e+001  2.1247938292325330e+001  2.1247938292325330e+001  2.1228857486908964e+001  2.1143377560825684e+001  2.1138889852220473e+001  2.1138889852220473e+001  2.1138889852220473e+001  2.1138889852220473e+001  2.1138889852220473e+001  2.1138889852220473e+001  2.1098269503289657e+001  2.1098269503289657e+001
  2.1280743625620744e+001  2.1280743625620744e+001  2.1280743625620744e+001  2.1254832832463762e+001  2.1228990667739481e+001  2.1195774990257064e+001  2.1150730961182376e+001  2.1150730961182376e+001  2.1150730961182376e+001  2.1150730961182376e+001  2.1150730961182376e+001  2.1150730961182376e+001  2.1150730961182376e+001  2.1150730961182376e+001
  2.1307479216402385e+001  2.1262327007210388e+001  2.1262327007210388e+001  2.1148580158282016e+001  2.1148580158282016e+001  2.1148580158282016e+001  2.1148580158282016e+001  2.1148580158282016e+001  2.1148580158282016e+001  2.1148580158282016e+001  2.1148580158282016e+001  2.1148580158282016e+001  2.1148580158282016e+001  2.1148580158282016e+001
  2.1244557624598542e+001  2.1244557624598542e+001  2.1244557624598542e+001  2.1229200464511678e+001  2.1146525648536226e+001  2.1105050141614015e+001  2.1105050141614015e+001  2.1105050141614015e+001  2.1105050141614015e+001  2.1105050141614015e+001  2.1105050141614015e+001  2.1105050141614015e+001  2.1105050141614015e+001  2.1105050141614015e+001
  2.1262106019865655e+001  2.1262106019865655e+001  2.1262106019865655e+001  2.1253962351963310e+001  2.1130179827770803e+001  2.1130179827770803e+001  2.1130179827770803e+001  2.1107441623178261e+001  2.1107441623178261e+001  2.1107441623178261e+001  2.1107441623178261e+001  2.1107441623178261e+001  2.1107441623178261e+001  2.1107441623178261e+001
  2.1269861420266238e+001  2.1249435559261201e+001  2.1249435559261201e+001  2.1249435559261201e+001  2.1194552964389118e+001  2.1119867704705484e+001  2.1119867704705484e+001  2.1119867704705484e+001  2.1119867704705484e+001  2.1119867704705484e+001  2.1119867704705484e+001  2.1119867704705484e+001  2.1119867704705484e+001  2.1119867704705484e+001
  2.1282579782716198e+001  2.1248791060106214e+001  2.1192280266519560e+001  2.1192280266519560e+001  2.1179083679611495e+001  2.1163928498627797e+001  2.1159338517863375e+001  2.1084980821606337e+001  2.1084416762957403e+001  2.1084393270976534e+001  2.1084392559919252e+001  2.1084392559129128e+001  2.1084392556575494e+001  2.1084392556575494e+001
  2.1213327788735114e+001  2.1213327788735114e+001  2.1213327788735114e+001  2.1213327788735114e+001  2.1211254913453899e+001  2.1117097409480834e+001  2.1117097409480834e+001  2.1117097409480834e+001  2.1117097409480834e+001  2.1117097409480834e+001  2.1117097409480834e+001  2.1117097409480834e+001  2.1117097409480834e+001  2.1117097409480834e+001
