  6.3391185731870792e+000  3.6484612391082010e+000  3.5022147350418891e+000  3.1518645984003797e+000  2.4040507316046842e+000  2.0331431644124223e+000  2.0327832645380113e+000  2.0327832281307110e+000  2.0327832192001551e+000  2.0327832178547851e+000  2.0327832178545577e+000  2.0327832178545577e+000  2.0327832178545577e+000  2.0327832178545577e+000
  5.1213348375185888e+000  3.3060242687890877e+000  3.0673127916472822e+000  2.9619595770261640e+000  2.8424933466608309e+000  2.0559664165589311e+000  2.0514459274545516e+000  2.0514437647848354e+000  2.0514437501924476e+000  2.0514437401111536e+000  2.0514437335607454e+000  2.0514437327690302e+000  2.0514437325059589e+000  2.0514437325059589e+000
  8.3821693904462791e+000  7.6413295690329051e+000  7.3708889593926870e+000  7.3051202950646257e+000  7.2702640021750540e+000  7.2701314269866089e+000  7.2701314269866089e+000  7.2701314269866089e+000  7.2701314269866089e+000  7.2701314269866089e+000  7.2701314269866089e+000  7.2701314269866089e+000  7.2701314269866089e+000  7.2701314269866089e+000
  4.6705538768646875e+000  4.0315429079257683e+000  3.4319761218675922e+000  3.1636930677686905e+000  3.0274266008134418e+000  3.0246871610206654e+000  3.0246871607150752e+000  3.0246871607148478e+000  3.0246871607148478e+000  3.0246871607148478e+000  3.0246871607148478e+000  3.0246871607148478e+000  3.0246871607148478e+000  3.0246871607148478e+000
  5.0740150128024197e+000  4.1077198897708058e+000  3.3167492702737036e+000  3.0820028118505434e+000  3.0514624604356868e+000  3.0439418693313200e+000  3.0439418693281368e+000  3.0439418693281368e+000  3.0439418693281368e+000  3.0439418693281368e+000  3.0439418693281368e+000  3.0439418693281368e+000  3.0439418693281368e+000  3.0439418693281368e+000
  6.6714049092404366e+000  4.3802744431404790e+000  3.7778424544806057e+000  3.4751638627933517e+000  2.6600432838831694e+000  2.6037747173220396e+000  2.6037736278531156e+000  2.6037732644861080e+000  2.6037728765813881e+000  2.6037721538216374e+000  2.6037714705685175e+000  2.6037714493402291e+000  2.6037714488443271e+000  2.6037714488443271e+000
  5.2445960132135951e+000  4.5126451917060422e+000  4.4451208025484448e+000  4.3848136439621612e+000  3.9457659658316970e+000  2.8701236982660703e+000  2.8693726852311556e+000  2.8693726440894807e+000  2.8693726182420960e+000  2.8693726155422610e+000  2.8693726153887837e+000  2.8693726153887837e+000  2.8693726153885564e+000  2.8693726153885564e+000
  7.6366409240290523e+000  6.6229266436271246e+000  6.4801082180965750e+000  6.1851193777738445e+000  5.6234894609883668e+000  5.5933536274167182e+000  5.5933502191267053e+000  5.5933450415275274e+000  5.5933445905661756e+000  5.5933445816240237e+000  5.5933445816240237e+000  5.5933445816240237e+000  5.5933445816240237e+000  5.5933445816240237e+000
  5.5369234550419151e+000  4.9268714277645813e+000  4.5313385433375970e+000  4.4885254560954309e+000  4.1580191758509955e+000  3.7462915524911296e+000  3.7462880852319813e+000  3.7462880376403973e+000  3.7462880212865457e+000  3.7462880201699136e+000  3.7462880201696862e+000  3.7462880201696862e+000  3.7462880201696862e+000  3.7462880201696862e+000
  3.5943820461916403e+000  3.3250117334989682e+000  3.0964184603421927e+000  3.0008270743278445e+000  2.0019858743842178e+000  1.9921692714601704e+000  1.9921683137829405e+000  1.9921682606050126e+000  1.9921681877960964e+000  1.9921681129296758e+000  1.9921679804162977e+000  1.9921678671792051e+000  1.9921677054114753e+000  1.9921677054114753e+000
  6.2456250386935608e+000  3.4568012038796496e+000  2.8363230674185615e+000  2.2852935630869524e+000  2.0713324612067936e+000  1.9408565931180419e+000  1.9408501919763239e+000  1.9408501190769130e+000  1.9408501190769130e+000  1.9408501190769130e+000  1.9408501190769130e+000  1.9408501190769130e+000  1.9408501190769130e+000  1.9408501190769130e+000
  6.7029851954798687e+000  4.3800737169326567e+000  4.2237124372054495e+000  3.9285750542969708e+000  3.4393695442033732e+000  2.6555076971096696e+000  2.6548837120737971e+000  2.6548836551880868e+000  2.6548836322531315e+000  2.6548836322531315e+000  2.6548836322531315e+000  2.6548836322531315e+000  2.6548836322531315e+000  2.6548836322531315e+000
  7.7764620126381487e+000  5.3753927638624646e+000  4.8396491110784154e+000  4.5125350113680724e+000  4.2768463300171788e+000  4.2747405047257416e+000  4.2747405045788582e+000  4.2747405045788582e+000  4.2747405045788582e+000  4.2747405045788582e+000  4.2747405045788582e+000  4.2747405045788582e+000  4.2747405045788582e+000  4.2747405045788582e+000
  4.2884565678548370e+000  2.4776190366740138e+000  2.3947778122976615e+000  2.2346504369297691e+000  1.6230802519917233e+000  1.6227512714942804e+000  1.6227512714790464e+000  1.6227512714790464e+000  1.6227512714790464e+000  1.6227512714790464e+000  1.6227512714790464e+000  1.6227512714790464e+000  1.6227512714790464e+000  1.6227512714790464e+000
  5.3593747104641807e+000  4.4057797736638804e+000  3.7556181826428201e+000  3.4722555682235452e+000  2.7117924370586479e+000  2.5598030393387035e+000  2.5585935725580384e+000  2.5585935725273430e+000  2.5585935725273430e+000  2.5585935725273430e+000  2.5585935725273430e+000  2.5585935725273430e+000  2.5585935725273430e+000  2.5585935725273430e+000
  7.0498890189555823e+000  6.1757880438490247e+000  5.9840153644026941e+000  5.8707109485176261e+000  5.7733280412458043e+000  5.7732716115881431e+000  5.7732716115881431e+000  5.7732716115881431e+000  5.7732716115881431e+000  5.7732716115881431e+000  5.7732716115881431e+000  5.7732716115881431e+000  5.7732716115881431e+000  5.7732716115881431e+000
  3.3907380861442107e+000  2.6108794551987557e+000  2.3170318190241233e+000  2.1358193230898905e+000  1.2627752286246050e+000  1.0139448393215389e+000  1.0132140794953557e+000  1.0132140054226966e+000  1.0132137345192405e+000  1.0132134884065636e+000  1.0132128410557470e+000  1.0132118212186469e+000  1.0132110871061286e+000  1.0132110871061286e+000
  7.2785578199798238e+000  6.2835446553972361e+000  5.9478560471243327e+000  5.5697931744305151e+000  5.3256867569000406e+000  5.3209024778896037e+000  5.3208963903609856e+000  5.3208912022689674e+000  5.3208888646768173e+000  5.3208884059711181e+000  5.3208883521226653e+000  5.3208883521213011e+000  5.3208883521213011e+000  5.3208883521213011e+000
  5.8725022075243487e+000  4.4048561490426437e+000  3.5811947632180363e+000  3.4683240582521648e+000  2.9837083494203398e+000  2.5731033623344501e+000  2.5730696029484079e+000  2.5730688528801693e+000  2.5730682610710573e+000  2.5730680279204989e+000  2.5730679653411244e+000  2.5730679540988604e+000  2.5730679540899928e+000  2.5730679540899928e+000
  6.3449242339745524e+000  4.7339588054194337e+000  4.0662706554726356e+000  2.4598077744544753e+000  1.3190568108477692e+000  1.1345980749974842e+000  1.1338106944770061e+000  1.1338106944465380e+000  1.1338106944465380e+000  1.1338106934733787e+000  1.1338106895518649e+000  1.1338106811538182e+000  1.1338106682010221e+000  1.1338106682010221e+000
  5.4087995449394839e+000  2.7297583286449481e+000  2.4587105220052763e+000  1.6614798646292002e+000  1.1673791247317240e+000  1.1295937138718273e+000  1.1295925898746191e+000  1.1295922267370315e+000  1.1295922235869966e+000  1.1295922235869966e+000  1.1295922235869966e+000  1.1295922235869966e+000  1.1295922235869966e+000  1.1295922235869966e+000
  2.7142486156349150e+000  2.3346594790029940e+000  1.9346441490063171e+000  1.7719202074665645e+000  1.5372759723452418e+000  1.0442125355639291e+000  1.0439201234223674e+000  1.0439182023847025e+000  1.0439169281464729e+000  1.0439162145828504e+000  1.0439160518208155e+000  1.0439160428456944e+000  1.0439160428454670e+000  1.0439160428454670e+000
  7.1131380888448348e+000  3.5200404607460314e+000  2.8748151020629393e+000  2.5223057544064886e+000  5.4714331094419322e-001  8.5603206789301112e-002  8.4164060092916770e-002  8.4164060092689397e-002  8.4164060092689397e-002  8.4164060092689397e-002  8.4164060092689397e-002  8.4164060092689397e-002  8.4164060092689397e-002  8.4164060092689397e-002
  4.4799434209455740e+000  1.8719760337394291e+000  1.7681085559127041e+000  1.5602866924789396e+000  1.5040934472083336e+000  1.4988427401610807e+000  1.4988427401374338e+000  1.4988427401374338e+000  1.4988427401374338e+000  1.4988427401374338e+000  1.4988427401374338e+000  1.4988427401374338e+000  1.4988427401374338e+000  1.4988427401374338e+000
  6.7958147271867801e+000  6.1920978859964180e+000  6.0372031586809953e+000  5.8674353629264715e+000  5.2366148630851512e+000  5.2346866536327070e+000  5.2346865745892046e+000  5.2346864741714398e+000  5.2346863878988188e+000  5.2346863310112894e+000  5.2346862866886568e+000  5.2346862595047696e+000  5.2346862588119620e+000  5.2346862588119620e+000
  6.2893440535021909e+000  4.2901949040253839e+000  3.0842058190160060e+000  1.9070681755240457e+000  1.1260772051323329e+000  1.0106583428616887e+000  1.0106492445788717e+000  1.0106491667627324e+000  1.0106491667622777e+000  1.0106491667622777e+000  1.0106491667622777e+000  1.0106491667622777e+000  1.0106491667622777e+000  1.0106491667622777e+000
  6.7109964539120028e+000  2.5951209312033825e+000  1.9644514142780736e+000  1.7434397289982826e+000  1.6672138329602149e+000  1.6661386157331890e+000  1.6661386115256391e+000  1.6661386115256391e+000  1.6661386115256391e+000  1.6661386115256391e+000  1.6661386115256391e+000  1.6661386115256391e+000  1.6661386115256391e+000  1.6661386115256391e+000
  5.5316285346098084e+000  2.5423523074141485e+000  2.2367077653593697e+000  1.6822587126800954e+000  1.5173220991619019e+000  1.4939750103872029e+000  1.4939750103815186e+000  1.4939750103815186e+000  1.4939750103815186e+000  1.4939750103815186e+000  1.4939750103815186e+000  1.4939750103815186e+000  1.4939750103812912e+000  1.4939750103812912e+000
  5.4056920745292700e+000  3.9186704841922619e+000  3.6973051134227717e+000  3.4748351044017909e+000  2.1965081805053615e+000  1.8932538490084880e+000  1.8839431785647776e+000  1.8839431785647776e+000  1.8839431785647776e+000  1.8839431785647776e+000  1.8839431785647776e+000  1.8839431785647776e+000  1.8839431785647776e+000  1.8839431785647776e+000
  7.7605799425637088e+000  6.1161921638019976e+000  5.8567233302142085e+000  5.1502069266889521e+000  4.6728405421886237e+000  4.4282287644168719e+000  4.4281230271374170e+000  4.4281230270819378e+000  4.4281230270819378e+000  4.4281230270819378e+000  4.4281230270819378e+000  4.4281230270819378e+000  4.4281230270819378e+000  4.4281230270819378e+000
  3.6462616038681972e+000  1.9632444153803590e+000  1.8295445933945302e+000  1.6081033563320943e+000  1.1624014261306002e+000  1.1587547069646007e+000  1.1587390336055705e+000  1.1587055020916068e+000  1.1586974532226577e+000  1.1586967093635394e+000  1.1586966965799093e+000  1.1586966965796819e+000  1.1586966965796819e+000  1.1586966965796819e+000
  5.8120824837874352e+000  4.2252269256098316e+000  3.5023886285575827e+000  3.3190096982139039e+000  3.2162712005492722e+000  3.2145060101322542e+000  3.2145060101308900e+000  3.2145060101308900e+000  3.2145060101308900e+000  3.2145060101308900e+000  3.2145060101308900e+000  3.2145060101308900e+000  3.2145060101308900e+000  3.2145060101308900e+000
  5.5973292725443571e+000  2.5451571629082537e+000  2.2247708671477540e+000  1.7725304918094480e+000  1.1145307030813001e+000  1.0678454323451660e+000  1.0677501840775676e+000  1.0677501091886370e+000  1.0677501091302020e+000  1.0677501091302020e+000  1.0677501091302020e+000  1.0677501091302020e+000  1.0677501091302020e+000  1.0677501091302020e+000
  4.8142768741608961e+000  4.5225474083474637e+000  2.7366639244248745e+000  2.3731322182611621e+000  1.2671032020848543e+000  7.5852939581227474e-001  7.5852939581227474e-001  7.5852939581227474e-001  7.5852939581227474e-001  7.5852939581227474e-001  7.5852939581227474e-001  7.5852939581227474e-001  7.5852939581227474e-001  7.5852939581227474e-001
  6.7299107456494767e+000  4.4621168513367593e+000  4.0227168533972417e+000  3.6832539484321387e+000  1.8280128380206406e+000  2.1032425169255475e-001  4.9255575978349952e-002  4.9093156148046546e-002  4.9093156148046546e-002  4.9093156148046546e-002  4.9093156148046546e-002  4.9093156148046546e-002  4.9093156148046546e-002  4.9093156148046546e-002
  3.8816730162870954e+000  2.8296245761405316e+000  2.2220504758081461e+000  1.9513605845957045e+000  1.3980197154105554e+000  1.0597276848479851e+000  1.0596634495700528e+000  1.0596633557047426e+000  1.0596632558685997e+000  1.0596631969306145e+000  1.0596631622520363e+000  1.0596631500013700e+000  1.0596631452413021e+000  1.0596631452413021e+000
  4.9078164995680709e+000  3.9117742952748813e+000  3.7298638851498254e+000  3.4766410069328231e+000  2.7049896224482382e+000  2.6319198595911075e+000  2.6319129991597947e+000  2.6319129984615302e+000  2.6319129984615302e+000  2.6319129984615302e+000  2.6319129984615302e+000  2.6319129984615302e+000  2.6319129984615302e+000  2.6319129984615302e+000
  7.7089638474010371e+000  6.5306772860978981e+000  6.0305681125241790e+000  5.8402743623967126e+000  5.7233974440678139e+000  5.7229060122126612e+000  5.7229060120801023e+000  5.7229060120801023e+000  5.7229060120801023e+000  5.7229060120801023e+000  5.7229060120801023e+000  3.3485763805433635e+000  3.2606992744993022e+000  3.2606992744993022e+000
  5.0942239415533095e+000  4.0353902704612210e+000  3.7695154835439553e+000  3.3540231034546650e+000  2.6764940001344257e+000  2.5188259171427489e+000  2.5181751683142011e+000  2.5181751422448997e+000  2.5181751422323941e+000  2.5181751422323941e+000  2.5181751422323941e+000  2.5181751422323941e+000  2.5181751422321668e+000  2.5181751422321668e+000
  5.7155323457836857e+000  2.4460070023521894e+000  2.1567628074403729e+000  1.4358595767321276e+000  1.0839896128759392e+000  1.0118536694865270e+000  1.0118534110051769e+000  1.0118533949844277e+000  1.0118533949844277e+000  1.0118533949844277e+000  1.0118533949844277e+000  1.0118533949844277e+000  1.0118533949844277e+000  1.0118533949844277e+000
  7.8999514167103371e+000  3.2339729018108301e+000  2.7588976785684736e+000  2.6365687184377293e+000  1.4964027004466516e+000  1.2258842423805163e+000  1.2072946006255734e+000  1.1877198294046138e+000  1.1745454376832640e+000  1.1739954903696344e+000  1.1739839053186643e+000  1.1585472144504365e+000  1.1048160357436245e+000  1.1048160357436245e+000
  6.0624945142662909e+000  4.0388842145423496e+000  3.7653230144453573e+000  3.6895732782711548e+000  3.1800345175583971e+000  1.9912239533475713e+000  1.8943897639383067e+000  1.8650938338389551e+000  1.7163794387749931e+000  1.6764388968360890e+000  1.6649365688435864e+000  1.6649365688435864e+000  1.6649365688435864e+000  1.6649365688435864e+000
  5.7470506201811986e+000  4.5592410529482095e+000  3.8636682945227676e+000  3.6465410106229683e+000  3.3838733898728606e+000  2.8918205343225054e+000  2.8915946581344087e+000  2.8915946581103071e+000  2.8915946581103071e+000  2.8915946581103071e+000  2.8915946581103071e+000  2.8915946581103071e+000  2.8915946581103071e+000  2.8915946581103071e+000
  6.0804283937086439e+000  3.8783428196088607e+000  3.6116568823042599e+000  3.3905788451941135e+000  2.0970377137659852e+000  1.1871454696763521e+000  1.1849540366413294e+000  1.1849540366094971e+000  1.1849540366094971e+000  1.1849540366094971e+000  1.1849540366094971e+000  1.1849540366094971e+000  1.1849540366094971e+000  1.1849540366094971e+000
  8.9639071324916131e+000  6.6421639204695566e+000  6.4298966491892315e+000  5.8214014826710354e+000  5.2969691797218275e+000  5.2953554543335031e+000  5.2953554543332757e+000  5.2953554543332757e+000  5.2953554543332757e+000  5.2953554543332757e+000  5.2953554543332757e+000  5.2953554543332757e+000  5.2953554543332757e+000  5.2953554543332757e+000
  5.9712248351254402e+000  3.0276241468363878e+000  2.6757414782484830e+000  2.4624588805447729e+000  1.3389139810758479e+000  6.1001582724156833e-001  5.9524075576655378e-001  5.9327045344002727e-001  5.1473090799277088e-001  5.1448979035808406e-001  5.1448897476348066e-001  5.1448872301398296e-001  5.1448860989626155e-001  5.1448860989626155e-001
  5.2975647724990722e+000  3.3591443319132850e+000  3.2065218077866575e+000  3.0763130649806953e+000  2.3947388989752199e+000  1.9451188594459836e+000  1.9451153871088991e+000  1.9451140729913732e+000  1.9451136606269301e+000  1.9451136471593600e+000  1.9451136471507198e+000  1.9451136471507198e+000  1.9451136471507198e+000  1.9451136471507198e+000
  4.7562434503915938e+000  2.4713042473558744e+000  2.2059765602102743e+000  1.9870640170104252e+000  1.8443294083469937e+000  1.5227491222142362e+000  1.5227486610438064e+000  1.5227486610438064e+000  1.5227486610438064e+000  1.5227486610438064e+000  1.5227486610438064e+000  1.5227486610438064e+000  1.5227486610438064e+000  1.5227486610438064e+000
  8.5358620712329412e+000  6.8867336586381498e+000  6.6452502610245574e+000  6.4173261670382544e+000  5.8687707257008697e+000  5.2894391767356410e+000  5.2894349504035745e+000  5.2894322089193793e+000  5.2894319345878102e+000  5.2894319345873555e+000  5.2894319345871281e+000  5.2894319345871281e+000  5.2894319345871281e+000  5.2894319345871281e+000
  7.2508310618102314e+000  5.1120820339835973e+000  4.7836597677601276e+000  4.3282419095646674e+000  3.8551176189855596e+000  3.8538358064533895e+000  3.8538358049529506e+000  3.8538358049524959e+000  3.8538358049524959e+000  3.8538358049524959e+000  3.8538358049524959e+000  3.8538358049524959e+000  3.8538358049524959e+000  3.8538358049524959e+000
  4.8461886935806433e+000  3.9249879865885760e+000  1.8082381025465111e+000  1.3382640477764198e+000  1.0719427643221024e+000  1.0676823879571202e+000  1.0676823522164796e+000  1.0676822595564772e+000  1.0676821517836288e+000  1.0676820821126967e+000  1.0676819915981923e+000  1.0676819668829012e+000  1.0676819613893258e+000  1.0676819613893258e+000
