  1.6672906843179367e+003  1.6431906714171232e+003  1.3730734628926875e+003  1.1725894760474935e+003  6.1005977460891609e+002  6.0830068688635993e+002  6.0830068688250867e+002  6.0830068688250822e+002  6.0830068688250822e+002  6.0830068688250822e+002  6.0830068688250822e+002  6.0830068688250822e+002  6.0830068688250822e+002  6.0830068688250822e+002
  1.9317512586087009e+003  1.5211256759789499e+003  1.4275574914445328e+003  1.4226661119967380e+003  6.7076931963392917e+002  6.2381026534112061e+002  6.2380666889764962e+002  6.2380666717817894e+002  6.2380666717816121e+002  6.2380666717816121e+002  6.2380666717816121e+002  6.2380666717816121e+002  6.2380666717816121e+002  6.2380666717816121e+002
  1.7946339516745688e+003  1.5742453076091215e+003  8.7082190695123654e+002  6.6137940760346328e+002  5.7683155447563240e+002  5.7014950427866233e+002  5.7007481769256401e+002  5.7007479429767955e+002  5.7007479427226144e+002  5.7007479412715702e+002  5.6996203499363264e+002  5.6957395605639022e+002  5.6957228235750017e+002  5.6957228235750017e+002
  1.0346167885042973e+003  1.0346167885042973e+003  1.0346167885042973e+003  1.0346167885042973e+003  7.2317363355379848e+002  7.2297382458591574e+002  7.2297382458493212e+002  7.2297382458493212e+002  7.2297382458493212e+002  7.2297382458493212e+002  7.2297382458493212e+002  7.2297382458493212e+002  7.2297382458493212e+002  7.2297382458493212e+002
  1.5692482219649669e+003  1.5664160936698063e+003  1.2740149104578177e+003  7.1946867325792709e+002  5.7401095088701049e+002  5.7401083683670595e+002  5.7401083683670595e+002  5.7401083683670595e+002  5.7401083683670595e+002  5.7401083683670595e+002  5.7401083683670595e+002  5.7401083683670595e+002  5.7401083683670595e+002  5.7401083683670595e+002
  2.1660163249897782e+003  2.1091342355308238e+003  1.8718130380550078e+003  1.5449330426483289e+003  1.4871359409794932e+003  1.4086085956265488e+003  1.2289813537653999e+003  8.5808346169278730e+002  4.6185106086601854e+002  3.8167744296784122e+002  3.8091281322839723e+002  3.8091140654613719e+002  3.8091140603547410e+002  3.8091140603547410e+002
  1.9286114165849935e+003  1.6613408359079422e+003  1.0025600276630526e+003  4.6290573411240848e+002  3.3115927775387854e+002  3.3115810822652293e+002  3.3115810822652202e+002  3.3115810822652202e+002  3.3115810822652202e+002  3.3115810822652202e+002  3.3115810822652202e+002  3.3115810822652202e+002  3.3115810822652202e+002  3.3115810822652202e+002
  1.8424277132090433e+003  1.8424277132090428e+003  1.7216757797820337e+003  1.7216757797820337e+003  1.3116821500265173e+003  1.2160265543433998e+003  1.1898554267133886e+003  1.1897231983374077e+003  1.1897217216772328e+003  1.1897217215757169e+003  1.1897217215269475e+003  1.1897217214899788e+003  1.1897217214898951e+003  1.1897217214898951e+003
  2.0437153896054147e+003  2.0400521961393024e+003  1.8566295006887999e+003  1.3712984042746662e+003  6.0229722462477184e+002  5.9065580803850753e+002  5.9065571995859682e+002  5.9065571995859409e+002  5.9065571995859409e+002  5.9065571995859409e+002  5.9065571995859409e+002  5.9065571995859409e+002  5.9065571995859409e+002  5.9065571995859409e+002
  2.0641018415227613e+003  1.9994117164542408e+003  1.9172900243784984e+003  1.7936162667968515e+003  1.0609813040526205e+003  7.9729250483042142e+002  7.6955988361812160e+002  7.6947339375234378e+002  7.6947232788589690e+002  7.6947232679095850e+002  7.6947232674592215e+002  7.6947232674591442e+002  7.6947232674591442e+002  7.6947232674591442e+002
  1.5783644992083173e+003  1.4439728715451497e+003  1.3188755105689524e+003  6.6100472944318381e+002  6.1574968330628690e+002  6.1574966710713579e+002  6.1574966710713579e+002  6.1574966710713579e+002  6.1574966710713579e+002  6.1574966710713579e+002  6.1574966710713579e+002  6.1574966710713579e+002  6.1574966710713579e+002  6.1574966710713579e+002
  2.0216186480107717e+003  1.7194059591239443e+003  1.3495033689833285e+003  1.3122443660219174e+003  9.0895751706748661e+002  7.8476393863056501e+002  7.4688652080140446e+002  7.4644891110798289e+002  7.4644659320780374e+002  7.3999696141049026e+002  7.2199361226118026e+002  7.2188884335386183e+002  7.2091470314349408e+002  7.2091470314349408e+002
  1.9444163022984008e+003  1.9281182777298804e+003  1.5450820536250590e+003  1.2769885816841793e+003  8.2540580448040646e+002  6.5270015431938509e+002  6.5056031317003544e+002  6.5053198635356330e+002  6.5053154774893528e+002  6.5053154646350004e+002  5.9635050031611036e+002  4.7192782522588504e+002  4.7184568126002659e+002  4.7184568126002659e+002
  1.9477979287615335e+003  1.6423567668863475e+003  1.4140118798239978e+003  1.1630683638818996e+003  1.1303656153467114e+003  1.1303611047824229e+003  8.9687707792365745e+002  8.8769920030950152e+002  8.8549580762249434e+002  8.8406777415502893e+002  8.8196744411960208e+002  8.8195350387979624e+002  8.8194409900239225e+002  8.8194409900239225e+002
  2.0101968080026513e+003  2.0101968080026513e+003  1.8349443407853996e+003  1.2639945893424101e+003  1.0550515298422588e+003  8.2731363113028601e+002  4.9539446558778172e+002  4.7014991645251393e+002  4.7008252654849275e+002  4.7002889910174281e+002  4.7002889528338392e+002  4.7002889528322567e+002  4.7002889528322521e+002  4.7002889528322521e+002
  1.2797921009742681e+003  1.2797921009742681e+003  1.2797921009742681e+003  1.2765366552055366e+003  9.7358939867715753e+002  8.5193468953530646e+002  8.1657121366253932e+002  8.1313991009647862e+002  8.1285912923347905e+002  8.1285644987174283e+002  8.1285644872467401e+002  8.1285644872465400e+002  8.1285644872465400e+002  8.1285644872465400e+002
  1.9150518038581899e+003  1.5636232662552620e+003  1.5148993936550555e+003  1.4866626273361121e+003  1.3555565439525153e+003  1.3528979868255024e+003  1.3528030767758642e+003  1.3528030669638142e+003  1.3528030669638133e+003  1.3528030669638133e+003  1.3528030669638133e+003  1.3528030669638133e+003  1.3528030669638133e+003  1.3528030669638133e+003
  1.9153356692983020e+003  1.7240583945502563e+003  1.4864871209182770e+003  1.3583268185069051e+003  1.3375707847894073e+003  1.3360344353338569e+003  1.3360310322041933e+003  1.3360310321724346e+003  1.3360310321724346e+003  1.3360310321724346e+003  1.3360310321724346e+003  1.3360310321724346e+003  1.3360310321724346e+003  1.3360310321724346e+003
  1.9624840134296783e+003  1.9624840134296783e+003  1.6627918306234606e+003  1.2299306853288908e+003  4.4880297614820211e+002  4.4503501995555689e+002  4.4503501955518095e+002  4.4503501955518095e+002  4.4503501955518095e+002  4.4503501955518095e+002  4.4503501955518095e+002  4.4503501955518095e+002  4.4503501955518095e+002  4.4503501955518095e+002
  1.8289561563076236e+003  1.6951854103889373e+003  1.4624127695544621e+003  7.2953979908718338e+002  6.8001277822677048e+002  6.7984553741724676e+002  6.7984553741708532e+002  6.7984553741708532e+002  6.7984553741708532e+002  6.7984553741708532e+002  6.7984553741708532e+002  6.7984553741708532e+002  6.7984553741708532e+002  6.7984553741708532e+002
  1.5991979995408446e+003  1.4114084557988363e+003  1.3660915099344525e+003  1.3226410800825029e+003  8.7087705405572478e+002  7.2570890573190900e+002  7.2570888467637224e+002  7.2570888467531177e+002  7.2570888467531177e+002  7.2570888467531177e+002  7.2570888467531177e+002  7.2570888467531177e+002  7.2570888467531177e+002  7.2570888467531177e+002
  1.9093977098969945e+003  1.9004108733022508e+003  1.8981834151090816e+003  1.4898788838972723e+003  1.2038260767282009e+003  8.5141978118417410e+002  7.9254998759714545e+002  7.9016653586825214e+002  7.8987919872783505e+002  7.8986713077307104e+002  7.8986316137744325e+002  7.8986308824577691e+002  7.8986308795742252e+002  7.8986308795742252e+002
  1.6861561416269988e+003  1.6861561416269988e+003  1.6861561416269988e+003  1.1590089714580336e+003  5.2974612415670617e+002  5.2919310346534530e+002  5.2919308141472220e+002  5.2919308141461670e+002  5.2919308141461624e+002  5.2919308141461624e+002  5.2919308141461624e+002  5.2919308141461624e+002  5.2919308141461624e+002  5.2919308141461624e+002
  1.6050312061026307e+003  1.6050312061026307e+003  1.6050312061026307e+003  4.8375822866139288e+002  2.5950034816914012e+001  2.3471722685033455e+001  2.3471687035405012e+001  2.3471687035405012e+001  2.3471687035405012e+001  2.3471687035405012e+001  2.3471687035405012e+001  2.3471687035405012e+001  2.3471687035405012e+001  2.3471687035405012e+001
  1.9811123263810136e+003  1.6279540453252921e+003  1.4319809324515722e+003  7.5452263022166608e+002  3.0816310587455700e+002  2.8408922689690644e+002  2.8408921101729084e+002  2.8408921101728993e+002  2.8408921101728993e+002  2.8408921101728993e+002  2.8408921101728993e+002  2.8408921101728993e+002  2.8408921101728993e+002  2.8408921101728993e+002
  2.0282583476105797e+003  1.8241972478081620e+003  1.8241972478081620e+003  1.0988668216702813e+003  3.6789668042118365e+002  3.6045116220933733e+002  3.6045116174546047e+002  3.6045116174545910e+002  3.6045116174545910e+002  3.6045116174545910e+002  3.6045116174545910e+002  3.6045116174545910e+002  3.6045116174545910e+002  3.6045116174545910e+002
  1.9756403168959746e+003  1.9342274079077288e+003  1.9342274079077288e+003  1.7014536340239852e+003  1.7014536340239852e+003  1.7014536340239852e+003  1.2368102709565264e+003  1.2368102709565264e+003  1.2368102709565264e+003  1.2368102709565264e+003  1.2368102709565264e+003  1.1734646375411025e+003  1.1734646254078771e+003  1.1734646254078771e+003
  2.1154657013761257e+003  2.1154657013761257e+003  1.7899819478350537e+003  1.5485518448592074e+003  1.4898882934382455e+003  6.7336082912201709e+002  4.8454235396075683e+002  4.8397876902677990e+002  4.8397844773940596e+002  4.8397844650684146e+002  4.8397844650612205e+002  4.8397844650459911e+002  4.8397844650440584e+002  4.8397844650440584e+002
  1.9380105425883348e+003  1.9070444159750232e+003  1.8682602326719443e+003  1.7246640840423202e+003  1.4720857889212725e+003  1.3762692295624970e+003  1.3732644074414752e+003  1.3730678240249708e+003  1.3730631781743532e+003  1.3730631682023491e+003  1.3730631682002509e+003  1.3730628082839316e+003  1.3730627551233947e+003  1.3730627551233947e+003
  1.8505012451178204e+003  1.6488961595955825e+003  1.2461839221487753e+003  8.0444966878547939e+002  5.8574242007083922e+002  5.8475879324807238e+002  5.8475879313528822e+002  5.8475879313526730e+002  5.8475879313526684e+002  2.3838432960544105e+002  2.3732582323904762e+002  2.3593048922397065e+002  2.3246118190458628e+002  2.3246118190458628e+002
  2.3739410319823305e+003  1.8727669122079851e+003  1.6940325566522160e+003  1.5722572637554194e+003  7.9305403922582082e+002  5.9853062866373830e+002  5.9805087845885691e+002  5.9804524343766388e+002  5.9804524297579610e+002  5.9804524297579019e+002  5.9804524297579019e+002  5.9804524297579019e+002  5.9804524297579019e+002  5.9804524297579019e+002
  1.8708725895063249e+003  1.7771158314484496e+003  1.5316004076885356e+003  1.4275450366826440e+003  1.3933861144446960e+003  1.3933387300078739e+003  1.3933387300077657e+003  1.3933387300077657e+003  1.3933387300077657e+003  1.3933387300077657e+003  1.3933387300077657e+003  1.3933387300077657e+003  1.3933387300077657e+003  1.3933387300077657e+003
  1.9660453199270469e+003  1.9630236494802780e+003  1.7881482628453600e+003  1.3474713704348251e+003  7.2642203052381001e+002  7.0101516961984680e+002  4.8330140990354721e+002  4.8312314211710645e+002  4.8312314206918745e+002  4.8312314206918654e+002  4.8312314206918654e+002  4.8312314206918654e+002  4.8312314206918654e+002  4.8312314206918654e+002
  2.0459391727000607e+003  1.8802125095581973e+003  1.8425812901497029e+003  1.7198552732749308e+003  9.4016587035385419e+002  5.1661364130841685e+002  5.0989945606192532e+002  5.0937646951751958e+002  5.0937240471953237e+002  5.0937239411084465e+002  5.0937239411023120e+002  5.0937239411023120e+002  5.0937239411023120e+002  5.0937239411023120e+002
  2.0088011306545259e+003  1.7443463172427564e+003  1.6860526177245565e+003  1.5395586056106276e+003  8.7460252510082364e+002  7.5066451311014225e+002  7.5065145779544537e+002  7.5065145300293398e+002  7.5065145299505411e+002  7.5065145299503683e+002  7.5065145299503592e+002  7.5065145299503592e+002  7.5065145299503592e+002  7.5065145299503592e+002
  1.7275175281519955e+003  1.7275175281519955e+003  1.7275175281519955e+003  1.7183375669233660e+003  1.4800735661793024e+003  1.4196867906207249e+003  1.3766797320903333e+003  5.9092606700828719e+002  5.8383838863832352e+002  5.8363831913099511e+002  5.3161837942441616e+002  5.3138764708456438e+002  5.3138698731739851e+002  5.3138698731739851e+002
  2.1544771700737656e+003  1.5191832210695129e+003  1.4017573529573096e+003  4.8722694966040171e+002  1.4394780724686052e+002  1.4394705244580746e+002  1.4394705244580746e+002  1.4394705244580746e+002  1.4394705244580746e+002  1.4394705244580746e+002  1.4394705244580746e+002  1.4394705244580746e+002  1.4394705244580746e+002  1.4394705244580746e+002
  1.6711258875574927e+003  1.6711258875574927e+003  1.6711258875574927e+003  1.6646135390140385e+003  9.8888707870098733e+002  8.7879927666852564e+002  8.7874884499338623e+002  8.7874793012745204e+002  8.7874792941340729e+002  8.7874792925843212e+002  8.7874792925224074e+002  8.7874792925224074e+002  8.7874792925224074e+002  8.7874792925224074e+002
  2.1360176147771690e+003  1.8692693240452386e+003  1.2690164908962788e+003  6.1128418566754090e+002  3.8702338694331866e+002  3.8656785554071803e+002  3.8656785551417352e+002  3.8656785551417306e+002  3.8656785551417306e+002  3.8656785551417306e+002  3.8656785551417306e+002  3.8656785551417306e+002  3.8656785551417306e+002  3.8656785551417306e+002
  2.2061268889894650e+003  1.8672165532166214e+003  1.4461884310388436e+003  1.0721939141462735e+003  5.8198789395679205e+002  5.7943304428720603e+002  5.7943304428717147e+002  5.7943304428717147e+002  5.7943304428717147e+002  5.7943304428717147e+002  5.7943304428717147e+002  5.7943304428717147e+002  5.7943304428717147e+002  5.7943304428717147e+002
  1.7689360751622157e+003  1.4716714367248123e+003  1.4716714367248123e+003  1.4716714367248123e+003  6.1297996319433378e+002  5.9785334920905098e+002  5.9785334773375416e+002  5.9785334773375371e+002  5.9785334773375371e+002  5.9785334773375371e+002  5.9785334773375371e+002  5.9785334773375371e+002  5.9785334773375371e+002  5.9785334773375371e+002
  1.7354573448414440e+003  1.6452909040480326e+003  1.6438609267316147e+003  9.1463413826710484e+002  2.8979419184218114e+002  2.8165672636591853e+002  2.8165672628041466e+002  2.8165672628041466e+002  2.8165672628041466e+002  2.8165672628041466e+002  2.8165672628041466e+002  2.8165672628041466e+002  2.8165672628041466e+002  2.8165672628041466e+002
  1.9545281333760336e+003  8.9407206222020204e+002  8.8095378249960049e+002  6.6637265769750957e+002  6.0266703080420348e+002  6.0266427424016365e+002  6.0266427424016365e+002  6.0266427424016365e+002  6.0266427424016365e+002  6.0266427424016365e+002  6.0266427424016365e+002  6.0266427424016365e+002  6.0266427424016365e+002  6.0266427424016365e+002
  2.2336412158077997e+003  1.7085548238663769e+003  1.6996626319804154e+003  1.2049814317579821e+003  9.5877630651165964e+002  8.6292580254757195e+002  8.6079713689667915e+002  8.6079638055817259e+002  8.6079635218415206e+002  8.6079635218389512e+002  8.6079635218379190e+002  8.6079635218379190e+002  8.6079635218379190e+002  8.6079635218379190e+002
  1.8814732934905087e+003  1.4903767829827780e+003  1.2264796772113568e+003  9.9083829341858973e+002  9.4608639910320608e+002  9.3621301087590336e+002  9.3621299600210386e+002  9.3621299600210250e+002  9.3621299600210205e+002  9.3621299600210205e+002  9.3621299600210205e+002  9.3621299600210205e+002  9.3621299600210205e+002  9.3621299600210205e+002
  1.9612493771906561e+003  1.6107357234502533e+003  1.1356546806206698e+003  1.0104823294569683e+003  7.5893591001914729e+002  7.5289954705321088e+002  7.5289917090815879e+002  7.5289917068846535e+002  7.5289917068845762e+002  7.5289917068845762e+002  7.5289917068845762e+002  7.5289917068845762e+002  7.5289917068845762e+002  7.5289917068845762e+002
  1.5402850502976171e+003  1.4997343564551747e+003  1.4997343564551747e+003  1.4997343564551747e+003  8.8139896623428876e+002  8.0514653971697226e+002  8.0505458412920871e+002  8.0505457483725013e+002  8.0505457483621149e+002  8.0505457483620330e+002  8.0505457483620330e+002  8.0505457483620330e+002  8.0505457483620330e+002  8.0505457483620330e+002
  2.1759374451040294e+003  2.0586269234422957e+003  2.0384416891367068e+003  1.9967278985488288e+003  1.6694917955018059e+003  1.4292673071928339e+003  4.4465774525889628e+002  3.8015829137576247e+002  3.7458056335814535e+002  3.7455956899706916e+002  3.7455956566668829e+002  3.7455714651496373e+002  3.7455700668160716e+002  3.7455700668160716e+002
  1.7918867747565710e+003  1.1235333965329492e+003  1.1235333965329492e+003  9.3003816249124020e+002  6.4779874155442030e+002  6.4767112153573362e+002  6.4767112153562630e+002  6.4767112153562630e+002  6.4767112153562630e+002  6.4767112153562630e+002  6.4767112153562630e+002  6.4767112153562630e+002  6.4767112153562630e+002  6.4767112153562630e+002
  2.0503204255333562e+003  1.6653023338373905e+003  1.6653023338373905e+003  1.4762031538886104e+003  7.7162768089899828e+002  6.8591683363935090e+002  6.8150814346954303e+002  6.8150640972603787e+002  6.8150640972603060e+002  6.8150640972603060e+002  6.8150640972603060e+002  6.8150640972603060e+002  6.8150640972603060e+002  6.8150640972603060e+002
  1.6089490650803673e+003  1.5613789895579284e+003  1.5480486660736688e+003  1.2730318947319297e+003  7.6884946097935881e+002  7.6750523353638846e+002  7.6750523352722485e+002  7.6750523352722303e+002  7.6750523352722303e+002  7.6750523352722303e+002  7.6750523352722303e+002  7.6750523352722303e+002  7.6750523352722303e+002  7.6750523352722303e+002
