  1.5157309851637649e+004  1.6498951233012895e+003  6.0362195587515134e+002  5.2068679509076082e+002  5.1440504778250033e+002  5.1440503323486791e+002  5.1440503323486610e+002  5.1440503323486610e+002  5.1440503323486610e+002  5.1440503323486610e+002  5.1440503323486610e+002  5.1440503323486610e+002  5.1440503323486610e+002  5.1440503323486610e+002
  4.9593890381466452e+004  8.4517114919208361e+003  1.1729871413439241e+003  4.0243310922347337e+002  3.9020245689900912e+002  3.9013606050079443e+002  3.9013165239671571e+002  3.9013165223596479e+002  3.9013165223595342e+002  3.9013165223595206e+002  3.9013165223595161e+002  3.9013165223595161e+002  3.9013165223595161e+002  3.9013165223595161e+002
  3.9157199405136183e+004  1.9969177380168039e+003  9.1591562353632844e+002  2.5322717225711244e+002  1.8303884405169129e+002  1.8301318400881701e+002  1.8301318400869195e+002  1.8301318400869195e+002  1.8301318400869195e+002  1.8301318400869195e+002  1.8301318400869195e+002  1.8301318400869195e+002  1.8301318400869195e+002  1.8301318400869195e+002
  6.2393814683923870e+005  3.5023537032585846e+003  6.9551670035995949e+002  2.4288762950909586e+002  2.1589918966136975e+002  2.1568952532400249e+002  2.1568952532398839e+002  2.1568952532398839e+002  2.1568952532398839e+002  2.1568952532398839e+002  2.1568952532398839e+002  2.1568952532398839e+002  2.1568952532398839e+002  2.1568952532398839e+002
  2.4353237877397152e+005  9.6402030692861699e+003  4.2320128317757644e+003  1.0498490672919797e+002  2.4581186732686092e+001  2.0127576528427653e+001  2.0127576522376330e+001  2.0127576522376330e+001  2.0127576522376330e+001  2.0127576522376330e+001  2.0127576522376330e+001  2.0127576522376330e+001  2.0127576522376330e+001  2.0127576522376330e+001
  1.6437054028943658e+004  1.3522843116842014e+003  7.0229893703068865e+002  5.5874926434032886e+002  5.5662884829976292e+002  5.5662880011300103e+002  5.5662880011263223e+002  5.5662880011263223e+002  5.5662880011263223e+002  5.5662880011263223e+002  5.5662880011263223e+002  5.5662880011263223e+002  5.5662880011263223e+002  5.5662880011263223e+002
  8.6024675048734847e+004  2.4120658693749292e+003  1.9658753157077044e+003  3.1237276266070194e+002  2.4597590778888571e+002  2.4543497038274609e+002  2.4543497030894787e+002  2.4543497030894787e+002  2.4543497030894787e+002  2.4543497030894787e+002  2.4543497030894787e+002  2.4543497030894787e+002  2.4543497030894787e+002  2.4543497030894787e+002
  1.2149778113533878e+005  8.9075552220369245e+003  7.6292786493522999e+003  3.3496022620128024e+003  3.9904532114040603e+002  3.9900509070174803e+002  3.9900509069900045e+002  3.9900509069900045e+002  3.9900509069900045e+002  3.9900509069900045e+002  3.9900509069900045e+002  3.9900509069900045e+002  3.9900509069900045e+002  3.9900509069900045e+002
  5.0504492325213054e+004  5.7058158143099217e+002  4.9673609055387169e+002  4.2784835876616398e+002  4.1889938087351402e+002  4.1889001492403759e+002  4.1889001492381431e+002  4.1889001492381431e+002  4.1889001492381431e+002  4.1889001492381431e+002  4.1889001492381431e+002  4.1889001492381431e+002  4.1889001492381431e+002  4.1889001492381431e+002
  9.6785974036537620e+004  2.7555424550699800e+003  2.5104271014414508e+003  1.2624750445432073e+002  4.1005612983788751e+001  4.0793088826419307e+001  4.0793088826410440e+001  4.0793088826410212e+001  4.0793088826410212e+001  4.0793088826410212e+001  4.0793088826410212e+001  4.0793088826410212e+001  4.0793088826410212e+001  4.0793088826410212e+001
  9.0557718818659687e+003  1.3326394351393146e+003  8.5869878009216245e+002  7.9800907599305719e+002  7.9707722803474007e+002  7.9707702713599792e+002  7.9707702713599610e+002  7.9707702713599610e+002  9.6500708196249434e+000  9.1627699784519336e+000  9.1627644838574724e+000  9.1627644483601216e+000  9.1627644229652105e+000  9.1627644229652105e+000
  7.0154168612238536e+003  1.2673102442455229e+003  8.2622647874965514e+002  6.7829249399329592e+002  5.0016106597190628e+002  4.9986372524162016e+002  4.9986306491188452e+002  4.9986306491159849e+002  4.9986306491159849e+002  4.9986306491159849e+002  4.9986306491159849e+002  4.9986306491159849e+002  4.9986306491159849e+002  4.9986306491159849e+002
  2.7068157374806378e+003  7.8877005313571317e+002  4.2027996759902180e+002  2.9696431686546453e+002  2.9454799717439573e+002  2.9454631232770271e+002  2.9454631232768861e+002  2.9454631232768861e+002  2.9454631232768861e+002  2.9454631232768861e+002  2.9454631232768861e+002  2.9454631232768861e+002  2.9454631232768861e+002  2.9454631232768861e+002
  2.4230700462477878e+004  4.4524766302064172e+003  6.6567763597021712e+002  2.4605701696001938e+002  2.3944976264357115e+002  2.3944498906744820e+002  2.3944498903339218e+002  2.3944498903339218e+002  2.3944498903339218e+002  2.3944498903339218e+002  2.3944498903339218e+002  2.3944498903339218e+002  2.3944498903339218e+002  2.3944498903339218e+002
  1.6473765280005657e+004  1.5522873320712488e+003  3.5832560636788730e+002  2.3242991379579144e+002  2.3017841885924486e+002  2.3009774790887650e+002  2.3009774790884421e+002  2.3009774790884421e+002  2.3009774790884421e+002  2.3009774790884421e+002  2.3009774790884421e+002  2.3009774790884421e+002  2.3009774790884421e+002  2.3009774790884421e+002
  1.8467030032319555e+005  7.9604399275388623e+003  3.1208357397410136e+003  5.4969524429385865e+002  5.0647419434747826e+002  5.0628925650067595e+002  5.0628925649955636e+002  5.0628925649955636e+002  5.0628925649955636e+002  5.0628925649955636e+002  5.0628925649955636e+002  5.0628925649955636e+002  5.0628925649955636e+002  5.0628925649955636e+002
  4.4893802853286645e+004  7.3257186659881154e+003  6.2862262741210088e+003  3.6729851525129880e+002  3.3250503125821524e+002  3.3236165686131380e+002  3.3236165686128675e+002  3.3236165686128675e+002  3.3236165686128675e+002  3.3236165686128675e+002  3.3236165686128675e+002  3.3236165686128675e+002  3.3236165686128675e+002  3.3236165686128675e+002
  5.8769793873660756e+003  2.3512909808245272e+003  9.0229399813615692e+002  6.9453703119751208e+002  6.9380213054982232e+002  6.9380198139701497e+002  6.9380198139700906e+002  1.3828501750132045e+002  7.1646084895116701e+001  6.0130696989695934e+001  6.0130695066854969e+001  6.0130692334777450e+001  6.0130691817764728e+001  6.0130691817764728e+001
  4.4479859343679337e+005  2.7120064254116851e+003  9.5937174106157363e+002  3.1488691353617423e+002  2.2230776745548701e+002  2.2226116574811067e+002  2.2226116574808725e+002  2.2226116574808702e+002  2.2226116574808702e+002  2.2226116574808702e+002  2.2226116574808702e+002  2.2226116574808702e+002  2.2226116574808702e+002  2.2226116574808702e+002
  1.0785798643634967e+004  5.9335157357265416e+002  3.9451747188071067e+002  2.5934503436992327e+002  2.2844117678692851e+002  2.2843827419005970e+002  2.2843827418987871e+002  2.2843827418987871e+002  2.2843827418987871e+002  2.2843827418987871e+002  2.2843827418987871e+002  2.2843827418987871e+002  2.2843827418987871e+002  2.2843827418987871e+002
  1.7818443915260785e+004  1.0821908730569294e+003  3.0345648458860023e+002  1.4049854137742091e+002  1.3505548802493922e+002  1.3505542122655288e+002  1.3505542122654947e+002  1.3505542122654947e+002  1.3505542122654947e+002  1.3505542122654947e+002  1.3505542122654947e+002  1.3505542122654947e+002  1.3505542122654947e+002  1.3505542122654947e+002
  1.8585265249891618e+004  1.4635917208580627e+003  1.0115428617470752e+003  9.6584374591247433e+002  4.9569634931284827e+002  4.3125753066935658e+002  4.0695706114930499e+002  4.0695035596222078e+002  4.0695030689174382e+002  4.0695030685914253e+002  4.0695030685815709e+002  4.0695030685807569e+002  4.0695030685807569e+002  4.0695030685807569e+002
  2.1785522915915353e+004  1.3198062444853304e+003  6.4977253471400536e+002  5.4109635919454422e+002  5.3374961420422233e+002  5.3374494968585532e+002  5.3374494967813189e+002  5.3374494967813189e+002  5.3374494967813189e+002  5.3374494967813189e+002  5.3374494967813189e+002  5.3374494967813189e+002  5.3374494967813189e+002  5.3374494967813189e+002
  1.3575927347427374e+004  2.1249681788117750e+003  5.6118874257429934e+002  3.7152935110686531e+002  3.6618958101360295e+002  3.6618936490735905e+002  3.6618936490735859e+002  3.6618936490735859e+002  3.6618936490735859e+002  3.6618936490735859e+002  3.6618936490735859e+002  3.6618936490735859e+002  3.6618936490735859e+002  3.6618936490735859e+002
  5.3853350130985913e+004  1.1190559793674362e+004  7.6249850063551585e+003  6.5155845044098260e+002  5.4054110456108629e+002  5.4038981913554517e+002  5.4038981907493871e+002  5.4038981907493644e+002  5.4038981907493644e+002  5.4038981907493644e+002  5.4038981907493644e+002  5.4038981907493644e+002  5.4038981907493644e+002  5.4038981907493644e+002
  2.3906230974136866e+005  8.8096193522417725e+003  8.3310311510217562e+003  5.5984465639488917e+002  6.7934422811649256e+001  6.7882190563929271e+001  6.7882190563899258e+001  6.7882190563899258e+001  6.7882190563899258e+001  6.7882190563899258e+001  6.7882190563899258e+001  6.7882190563899258e+001  6.7882190563899258e+001  6.7882190563899258e+001
  8.8746159130440574e+004  1.1726785585661414e+003  5.2298179594692556e+002  1.4431046690068888e+002  8.9915349413724016e+001  8.9750580907604217e+001  8.9750580907574204e+001  8.9750580907574204e+001  8.9750580907574204e+001  8.9750580907574204e+001  8.9750580907574204e+001  8.9750580907574204e+001  8.9750580907574204e+001  8.9750580907574204e+001
  3.2644446937008914e+004  1.1625876300452137e+003  8.0334257598111981e+002  4.6843380239785665e+002  4.3539250667583019e+002  4.3497720384649119e+002  4.3497720383957039e+002  4.3497720383957039e+002  4.3497720383957039e+002  4.3497720383957039e+002  4.3497720383957039e+002  4.3497720383957039e+002  4.3497720383957039e+002  4.3497720383957039e+002
  4.2827642846280061e+004  3.6135534977022107e+003  2.9345612698149725e+003  2.3933912877671128e+002  1.2911678601330436e+002  1.2910878002573031e+002  1.2910878002326422e+002  1.2910878002326263e+002  1.2910878002326263e+002  1.2910878002326263e+002  1.2910878002326263e+002  1.2910878002326263e+002  1.2910878002326263e+002  1.2910878002326263e+002
  2.8224686491418391e+005  1.1583817849450406e+003  6.7308013986974402e+002  5.8574426133381712e+002  5.5905559941132788e+002  5.5887667178106767e+002  5.5887667153843904e+002  5.5887667153843859e+002  5.5887667153843813e+002  5.5887667153843813e+002  5.5887667153843813e+002  5.5887667153843813e+002  5.5887667153843813e+002  5.5887667153843813e+002
  9.2422957054318933e+004  4.5545310240901890e+003  2.6604735237312216e+003  6.5249944594758654e+002  4.7388870813423182e+002  4.7154644850896921e+002  4.7154644849009037e+002  4.7154644849008946e+002  4.7154644849008946e+002  4.7154644849008946e+002  4.7154644849008946e+002  4.7154644849008946e+002  4.7154644849008946e+002  4.7154644849008946e+002
  2.0870273510316640e+005  3.2105631345233032e+003  1.0422782733816466e+003  6.5819723423616233e+002  6.2969043277394258e+002  6.2917802070313383e+002  6.2917802019193323e+002  6.2917802019189412e+002  6.2917802019189412e+002  6.2917802019189412e+002  6.2917802019189412e+002  6.2917802019189412e+002  6.2917802019189412e+002  6.2917802019189412e+002
  2.6563058579834553e+004  2.7896124921957135e+003  1.0974064693044229e+003  5.9340548282601958e+002  4.7985562091045949e+002  4.7893055973221180e+002  4.7893055971477270e+002  4.7893055971477224e+002  4.7893055971477224e+002  4.7893055971477224e+002  4.7893055971477224e+002  4.7893055971477224e+002  4.7893055971477224e+002  4.7893055971477224e+002
  1.6929971934321518e+004  1.1508899019788564e+003  2.7339590182930442e+002  4.4603566489820651e+001  4.0813304970555464e+001  4.0789951111441724e+001  4.0789951110937636e+001  4.0789951110937636e+001  4.0789951110937636e+001  4.0789951110937636e+001  4.0789951110937636e+001  4.0789951110937636e+001  4.0789951110937636e+001  4.0789951110937636e+001
  7.9402903052947950e+004  3.5036684962073950e+003  1.8486385598269362e+003  3.6819498902782198e+002  3.5914433247232682e+002  3.5913874277145214e+002  3.5913874277120385e+002  3.5913874277120340e+002  3.5913874277120340e+002  3.5913874277120340e+002  3.5913874277120340e+002  3.5913874277120340e+002  3.5913874277120340e+002  3.5913874277120340e+002
  1.5077057236805402e+004  1.6671885148116039e+003  1.1514596097161898e+003  8.9557032573282640e+002  8.9261003641822072e+002  8.9260952329267047e+002  8.9260952329265501e+002  8.9260952329265501e+002  8.9260952329265501e+002  8.9260952329265501e+002  8.9260952329265501e+002  8.9260952329265501e+002  8.9260952329265501e+002  8.9260952329265501e+002
  1.6990525753536498e+004  1.2751041144006604e+003  5.1296754282444635e+002  3.5141578685137029e+002  3.4521018706371501e+002  3.4520998760982252e+002  3.4520998760874136e+002  3.4520998760874136e+002  3.4520998760874136e+002  3.4520998760874136e+002  3.4520998760874136e+002  3.4520998760874136e+002  3.4520998760874136e+002  3.4520998760874136e+002
  2.4827163783100172e+004  8.1616836806221163e+003  6.3601868252422946e+002  1.4697548601463609e+002  1.3804013964320620e+002  1.3803998671405043e+002  1.3803998671404429e+002  1.3803998671404429e+002  1.3803998671404429e+002  1.3803998671404429e+002  1.3803998671404429e+002  1.3803998671404429e+002  1.3803998671404429e+002  1.3803998671404429e+002
  1.0931391499660613e+004  2.4441541493258501e+003  6.8228092330725894e+002  3.6901491151652726e+002  3.6098835529273356e+002  3.6098492953565483e+002  3.6098492952255810e+002  3.6098492952255810e+002  3.6098492952255810e+002  3.6098492952255810e+002  3.6098492952255810e+002  3.6098492952255810e+002  3.6098492952255810e+002  3.6098492952255810e+002
  2.7826987507669506e+004  1.8650999419318796e+004  1.8030559709228179e+004  1.5101001222817744e+004  1.7029828861876376e+002  1.6762734280390055e+002  1.6762734273024239e+002  1.6762734273024216e+002  1.6762734273024216e+002  1.6762734273024216e+002  1.6762734273024216e+002  1.6762734273024216e+002  1.6762734273024216e+002  1.6762734273024216e+002
  4.0348989977534140e+004  1.2289080212183453e+003  8.4207683231876354e+002  4.4399085696179964e+002  4.1507994973159202e+002  4.1501440985123327e+002  4.1501440984996043e+002  4.1501440984996043e+002  4.1501440984996043e+002  4.1501440984996043e+002  4.1501440984996043e+002  4.1501440984996043e+002  4.1501440984996043e+002  4.1501440984996043e+002
  1.9167536065217701e+005  3.0478950266743568e+003  1.8712201507817636e+003  4.1955917064274763e+002  3.8311676529338138e+002  3.8287378037476901e+002  3.8287378032363995e+002  3.8287378032363995e+002  3.8287378032363995e+002  3.8287378032363995e+002  3.8287378032363995e+002  3.8287378032363995e+002  3.8287378032363995e+002  3.8287378032363995e+002
  2.9202497320062871e+005  3.3106445492657847e+004  1.8969752119898621e+004  1.5120290877777305e+004  3.0639661286754563e+002  2.9454632770852368e+002  2.9454631232768884e+002  2.9454631232768861e+002  2.9454631232768861e+002  2.9454631232768861e+002  2.9454631232768861e+002  2.9454631232768861e+002  2.9454631232768861e+002  2.9454631232768861e+002
  1.6527728511747631e+004  8.8298340820395988e+003  7.1867460424876663e+003  4.5864337636150685e+002  2.4599982509887263e+002  2.4599334568300333e+002  2.4599334561507635e+002  2.4599334561507590e+002  2.4599334561507590e+002  2.4599334561507590e+002  2.4599334561507590e+002  2.4599334561507590e+002  2.4599334561507590e+002  2.4599334561507590e+002
  5.1998346543173968e+004  2.8450048983539855e+003  2.0462420418279921e+003  1.1525766441223800e+002  1.0726936542992803e+002  1.0725288309195116e+002  1.0725288309175244e+002  1.0725288309175244e+002  1.0725288309175244e+002  1.0725288309175244e+002  1.0725288309175244e+002  1.0725288309175244e+002  1.0725288309175244e+002  1.0725288309175244e+002
  1.1658293695416299e+005  1.1617679666049125e+003  2.4519464907488600e+002  1.0599846418225343e+002  1.0121331761267925e+002  1.0120668220725884e+002  1.0120668220725861e+002  1.0120668220725861e+002  1.0120668220725861e+002  1.0120668220725861e+002  1.0120668220725861e+002  1.0120668220725861e+002  1.0120668220725861e+002  1.0120668220725861e+002
  3.0340797422143642e+004  1.4095557102641801e+003  5.3550205517890026e+002  2.6943787815163250e+002  2.4729580997519838e+002  2.4729526416178032e+002  2.4729526416177964e+002  2.4729526416177964e+002  2.4729526416177964e+002  2.4729526416177964e+002  2.4729526416177964e+002  2.4729526416177964e+002  2.4729526416177964e+002  2.4729526416177964e+002
  2.9534851420168528e+004  1.9706426419870535e+004  1.8318084254011810e+004  8.5298346052539682e+002  1.1617017755678989e+002  1.1613090563214223e+002  1.1613090561626086e+002  1.1613090561626086e+002  1.1613090561626086e+002  1.1613090561626086e+002  1.1613090561626086e+002  1.1613090561626086e+002  1.1613090561626086e+002  1.1613090561626086e+002
  6.4132083924797480e+004  1.9791959160555230e+003  5.1002034203927951e+002  1.7063364206517804e+002  1.5675424019466868e+002  1.5668307373218363e+002  1.5668307373198741e+002  1.5668307373198741e+002  1.5668307373198741e+002  1.5668307373198741e+002  1.5668307373198741e+002  1.5668307373198741e+002  1.5668307373198741e+002  1.5668307373198741e+002
  5.6486555800396658e+004  1.8466230779076173e+004  1.1687399524911593e+003  5.9221620125897061e+002  3.8528479109185309e+002  3.8507564303665913e+002  3.8507564292132247e+002  3.8507564292131929e+002  3.8507564292131929e+002  3.8507564292131929e+002  3.8507564292131929e+002  3.8507564292131929e+002  3.8507564292131929e+002  3.8507564292131929e+002
  2.0474723019385099e+004  9.8939997263466921e+002  5.9151207270005943e+002  2.7849874298525128e+002  2.3846175113615413e+002  2.3844998952244100e+002  2.3844998940000573e+002  2.3844998939997322e+002  2.3844998939997322e+002  2.3844998939997322e+002  2.3844998939997322e+002  2.3844998939997322e+002  2.3844998939997322e+002  2.3844998939997322e+002
