  2.0172216650578894e+007  3.7631977111995383e+006  2.8779920501807309e+006  4.4732072223833803e+005  2.7422937176952430e+005  1.7365076337423633e+005  1.3288795463210455e+005  1.0577859953150785e+005  6.5026189621839643e+004  5.1972924191996150e+004  3.6597353798932083e+004  3.0050866581510432e+004  2.0434921412502259e+004  2.0434921412502259e+004
  3.0498586488410898e+007  6.6751310405731285e+006  4.3324898495539064e+006  2.5348348630657787e+006  8.2565268339787947e+005  4.3598454733804165e+005  1.3402801253151480e+005  9.4905948354627326e+004  8.6363450086353463e+004  6.9687202471936907e+004  5.6217808919839248e+004  5.0428979842664223e+004  4.4218694347482939e+004  4.4218694347482939e+004
  3.6038012546686009e+007  1.8498239259879202e+007  5.2996902123550279e+006  3.0603679021465336e+006  5.0363587354016327e+005  1.6355447037775535e+005  1.0753932910968356e+005  7.4019098797373677e+004  6.7903456432565683e+004  5.3403964656845725e+004  3.2675510765241379e+004  2.4769017579572108e+004  2.0847127808565478e+004  2.0847127808565478e+004
  2.4606432088245112e+007  1.1433895741397727e+007  7.5358981310729170e+006  1.6231085187177751e+006  2.2307178825525640e+005  6.7376462603741791e+004  3.5542717549481466e+004  3.2328738550169859e+004  2.9349850055047544e+004  1.9505258077221944e+004  1.6661678703126359e+004  1.5005768367160919e+004  1.3934235121740570e+004  1.3934235121740570e+004
  2.1308078761401583e+007  5.4366833917212253e+006  3.4639442448514216e+006  1.6261557944889823e+006  8.7812163310185994e+005  3.5670817707646929e+005  2.1155170908339100e+005  4.7733021015351536e+004  2.9127412251066678e+004  2.3096902695417808e+004  1.9816922663393994e+004  1.9167553535595995e+004  1.8067712809269604e+004  1.8067712809269604e+004
  2.2849504719440378e+007  6.5387488093126649e+006  3.8219863110764176e+006  2.5456307650704058e+006  1.5213206245685020e+006  5.2181735325438727e+005  1.4597085224310501e+005  1.0520939234081534e+005  7.7044098694575878e+004  6.7194015743911033e+004  5.4472384317208234e+004  4.3175233275020881e+004  3.8678092777414720e+004  3.8678092777414720e+004
  2.6457714074040882e+007  8.6368993033819608e+006  4.0313927385450266e+006  1.8559734747784659e+006  4.6887409742056148e+005  2.4867611546274883e+005  1.5994783562228954e+005  1.2371475211403026e+005  8.0427063731227667e+004  6.8194137593467181e+004  5.6771902889692603e+004  4.0009969569709625e+004  3.0421271825742970e+004  3.0421271825742970e+004
  2.3784181429993045e+007  6.7347463232530830e+006  3.7390408446292961e+006  7.1194412219163880e+005  4.5538535262581334e+005  2.1300898950962440e+005  1.5528426488410737e+005  1.3340932706792289e+005  7.4966789659998569e+004  6.4483749993864069e+004  5.8815127723555575e+004  4.4561589347562796e+004  3.6560055519288224e+004  3.6560055519288224e+004
  3.2718218496596832e+007  1.5555940645779891e+007  4.0739462010215884e+006  1.7171098821252792e+006  1.2173137780297506e+006  6.3869994417175371e+005  2.5580823540696182e+005  2.3439936431404154e+005  1.5285520488118794e+005  1.0721264079488782e+005  6.5739565117031205e+004  5.6029877448734042e+004  4.9839772336603695e+004  4.9839772336603695e+004
  3.1090313194555484e+007  7.8900395704211993e+006  5.7171797326659337e+006  3.4526884735453981e+006  4.6208435549497791e+005  6.8350573429492957e+004  5.7210515051516486e+004  4.8703280533694531e+004  4.2454743304966447e+004  3.8831282060165235e+004  3.0974115026785148e+004  2.8536691012202413e+004  2.7193862995428899e+004  2.7193862995428899e+004
  2.1201403058949526e+007  6.2911973291745214e+006  2.5256242476443462e+006  1.5352912739211482e+006  2.9063426564590947e+005  8.6004616019520239e+004  3.7190754101073238e+004  2.8675405452455376e+004  2.2955399480655029e+004  1.8484443267762548e+004  1.5873999393190479e+004  1.4173383244147255e+004  1.1573490872015156e+004  1.1573490872015156e+004
  1.8431241780686125e+007  5.9873987276010346e+006  2.9940841125633358e+006  1.2135934179996725e+006  6.7097359607337648e+005  3.8137890336677094e+005  2.8710076067859796e+005  2.4007066927161926e+005  1.9087160586503815e+005  1.2861595456216695e+005  7.9249938828681450e+004  6.4145147658368151e+004  5.6452116833033717e+004  5.6452116833033717e+004
  4.9129886924070284e+007  1.0948920049467407e+007  3.2630573878790541e+006  1.6720747750002213e+006  4.7780913524471951e+005  2.1209505629393939e+005  1.7163580348581748e+005  1.2930072145470267e+005  1.1039520202521913e+005  9.1570810210655560e+004  7.6633944190423485e+004  7.1936240054086811e+004  6.1325859174321893e+004  6.1325859174321893e+004
  3.6668929129276782e+007  1.9377377961018644e+007  6.7844069453071132e+006  3.8256031029010322e+006  1.5068676788506282e+006  2.8833735637086851e+005  2.1789938027709341e+005  8.1901512995680183e+004  6.8476735036519254e+004  4.9056041554262607e+004  4.0954643577010531e+004  3.3387643436046092e+004  2.9294516691046658e+004  2.9294516691046658e+004
  2.7969983194215156e+007  1.2769271854238665e+007  6.3049895708574643e+006  2.1944438567870236e+006  7.6796775017258595e+005  3.1430609932330967e+005  1.5972839845409227e+005  1.3934353260995427e+005  1.1526388246631314e+005  7.5695689992104642e+004  5.1718568673765687e+004  3.9950145625055382e+004  3.7439861206656235e+004  3.7439861206656235e+004
  2.0415930820942689e+007  5.0115744470711648e+006  2.7281183573447494e+006  1.4121474962630337e+006  5.2335082500519545e+005  1.6814204389024159e+005  1.2402348422399873e+005  7.8926022928139617e+004  5.0381411702413061e+004  3.2223184418862525e+004  2.2936536914423559e+004  1.9192702995222804e+004  1.7023480304160079e+004  1.7023480304160079e+004
  1.5194658847075585e+007  6.8149128168739397e+006  5.1752363678548606e+006  1.8364274572938681e+006  5.8430768254847731e+005  1.2441530372536559e+005  1.0380082199849492e+005  8.9815828573359468e+004  8.2511911557216663e+004  7.3723718975909811e+004  6.5243145415573003e+004  5.3463707414256554e+004  4.7013077263291685e+004  4.7013077263291685e+004
  2.4107141221162878e+007  1.7053861035206504e+007  8.8289079226109851e+006  7.0476331629679259e+006  1.2704134287079589e+006  3.6246210524688044e+005  1.8235841839021206e+005  1.0513009476935316e+005  4.8590563689115035e+004  4.0720503070216961e+004  3.1226309459600408e+004  2.5498519850020763e+004  1.3122907294413973e+004  1.3122907294413973e+004
  3.2147349625902165e+007  6.8805943482951252e+006  3.4785627892910801e+006  1.8335578950640054e+006  7.9878628450236446e+005  1.1162424699577823e+005  7.5593217813773343e+004  6.6396525721529164e+004  5.8495518174519784e+004  4.8230573171936150e+004  4.0003295680533010e+004  3.6317748196305154e+004  2.9866600188610108e+004  2.9866600188610108e+004
  2.0746067972802360e+007  7.4234724379852340e+006  3.3649611476297001e+006  1.1244011474533423e+006  6.5165933474582317e+005  3.9106237178333855e+005  2.4187293165434522e+005  1.2005319912268601e+005  8.2249558370951359e+004  6.4132038694178598e+004  3.7309152321398222e+004  2.8776049929260047e+004  2.6237762684103207e+004  2.6237762684103207e+004
  3.5783966420370534e+007  9.0590610680722930e+006  4.6828817759579625e+006  2.1776955846216404e+006  1.0736137187993878e+006  3.2668118925614050e+005  2.1081882388889280e+005  1.6218695630885230e+005  1.3150121997664295e+005  6.5930956942191580e+004  5.0228802189990289e+004  4.0670445916037883e+004  3.4170163971797825e+004  3.4170163971797825e+004
  7.4721878431184456e+007  1.9666989832061190e+007  1.0013556903163185e+007  5.0204969882852435e+006  1.2016596997622997e+006  2.6891772543837305e+005  2.0396586966357299e+005  1.8161358058694942e+005  1.5132044491667574e+005  1.3579169028470368e+005  1.1896969163425220e+005  1.0231880884636205e+005  8.4006689675535294e+004  8.4006689675535294e+004
  1.8124205560556233e+007  6.0898898481077617e+006  1.5201061758278564e+006  2.5810019662383257e+005  6.9234089547596945e+004  4.1456399625690145e+004  3.8611047657585077e+004  2.8360491435953722e+004  2.4240679418176649e+004  1.9450079323579084e+004  1.7921447733214452e+004  1.6226073034709181e+004  1.5172268087266297e+004  1.5172268087266297e+004
  4.6304469142254464e+007  9.4991787486051135e+006  3.3966338222415531e+006  1.3052222023502549e+006  4.3154894007827557e+005  3.5481411173963721e+005  2.8683733686462976e+005  1.5949351667400450e+005  6.1801123724526406e+004  5.3134231792877523e+004  4.6280416121678172e+004  3.7275337876536731e+004  3.0988701922969849e+004  3.0988701922969849e+004
  1.7929849648579102e+007  8.6571813135638181e+006  5.9963743264435790e+006  2.8433384255853351e+006  1.0765252030544423e+006  5.8481872690623184e+005  2.1467292607716430e+005  1.9263012727089910e+005  1.5693416868109725e+005  1.3999018287063896e+005  1.1524097179968147e+005  7.7202663591270815e+004  4.6782143776021447e+004  4.6782143776021447e+004
  1.8288060637505189e+007  5.4188594713429222e+006  2.4678850179439606e+006  7.2154846791224775e+005  4.4862317401462712e+005  6.8967922692343578e+004  5.8786161106713145e+004  4.6561412991885540e+004  3.3661636623521008e+004  2.5845082666266866e+004  1.8917324031435433e+004  1.4417604063253955e+004  1.1926532475089984e+004  1.1926532475089984e+004
  3.8203502821250051e+007  4.9097444234983129e+006  1.6844193502940987e+006  1.2164028164180212e+006  4.6767518852986436e+005  3.7947916915504431e+005  1.6518102018918435e+005  1.2677585585219116e+005  8.0281574237357025e+004  5.0784162938529873e+004  3.9236878357713824e+004  3.4453027412190888e+004  3.1488380320806842e+004  3.1488380320806842e+004
  3.1906445948359549e+007  1.2098215699048178e+007  4.1925867468582857e+006  2.4294743845596206e+006  7.0602921515386587e+005  1.9570809500255709e+005  3.3861045664374054e+004  2.5222520668939080e+004  2.0020139943935341e+004  1.8974303697852505e+004  1.7793380952838146e+004  1.6412002623078002e+004  1.5132092182791806e+004  1.5132092182791806e+004
  4.2645165309752509e+007  5.6448303431986887e+006  3.3554937519882480e+006  1.7035314482094264e+006  8.5976146221391100e+005  2.2256480159356643e+005  1.7891006728595652e+005  1.2587280049946325e+005  9.5771780399951633e+004  8.1991281760641461e+004  5.3015211773589297e+004  3.6261517195730819e+004  3.1064852228095930e+004  3.1064852228095930e+004
  9.1934547094404280e+007  1.2846193707078848e+007  7.7069599460797496e+006  3.5587060684094187e+006  1.5636740401137061e+006  5.4213437793528277e+005  3.8401800454262627e+005  2.8773521792437689e+005  2.1821884142348700e+005  8.5934832708269474e+004  6.9558564036553056e+004  5.2983268980904977e+004  3.8966029023848139e+004  3.8966029023848139e+004
  5.9458514853016637e+007  7.5562208812993700e+006  3.7670508334701662e+006  1.7148349189423583e+006  5.5495768277209124e+005  2.4459390634004935e+005  2.0269273691300995e+005  1.5076800894209591e+005  3.2544260093799006e+004  1.6147254660976305e+004  1.1520676271417764e+004  9.1525091159265121e+003  7.7087424238993881e+003  7.7087424238993881e+003
  4.5229897735882841e+007  1.1993595396644650e+007  7.6148251495637316e+006  2.6939996270432780e+006  3.6671181754061574e+005  1.4068935540662345e+005  1.2078554770407001e+005  7.5561250406928331e+004  5.1022999122684465e+004  3.6020704196504805e+004  2.6138650251448649e+004  2.2724671186789848e+004  2.0144274374138906e+004  2.0144274374138906e+004
  1.4639720198767215e+007  3.1068711149993055e+006  1.0538765550400070e+006  7.0723338500796130e+005  2.7144208795053296e+005  1.5576439073185358e+005  1.3334108474296529e+005  9.4191119743865318e+004  6.8507707010289247e+004  5.3901207559186536e+004  4.6862990132083483e+004  4.3185477348429806e+004  3.8493405949219981e+004  3.8493405949219981e+004
  4.3579515743778236e+007  6.7420544965424836e+006  3.0883484270523763e+006  2.1710968051791457e+006  5.7692735041922727e+005  2.8161584834003757e+005  2.2047379214799547e+005  7.2608222431055823e+004  5.1345115699603761e+004  3.3654196422444104e+004  2.1161972549134516e+004  1.1908441511915618e+004  9.8972894741188520e+003  9.8972894741188520e+003
  4.9218643770184249e+007  1.1421058836068245e+007  4.3869022330304291e+006  1.7497590191300362e+006  2.4224274402210294e+005  1.2235508519323908e+005  8.3391040429760280e+004  7.4189499850633758e+004  6.6043403509571188e+004  5.4668951938002909e+004  3.9893371720747491e+004  3.5804206927280582e+004  3.3840479234696053e+004  3.3840479234696053e+004
  2.5149229812162619e+007  1.0487033788499249e+007  2.7391714472399084e+006  1.2112518321394934e+006  2.2681420717783007e+005  8.3647014324456570e+004  2.7234338525436597e+004  2.0324270763945933e+004  1.6360699797723093e+004  1.0168840693608105e+004  9.0505074032734647e+003  8.2584796298548426e+003  7.7911561222286691e+003  7.7911561222286691e+003
  1.2735680403071806e+007  5.1707218116155826e+006  3.4779554441140951e+006  2.0858699425006863e+006  8.1449529802858655e+005  2.9461622390782472e+005  2.4054785700845625e+005  2.0301203772070762e+005  1.3464277917321146e+005  8.9133046901428534e+004  6.8960618083041889e+004  6.3610724454607349e+004  5.1912660445903522e+004  5.1912660445903522e+004
  3.3117363829593882e+007  1.1027733872631026e+007  7.8489573162071258e+006  5.2775410356182810e+006  1.1569487505594220e+006  2.0698944547083217e+005  1.5035656372942100e+005  1.3445670383897939e+005  1.1892589562778792e+005  8.2900416643784396e+004  6.5056005296806456e+004  5.8218494461583374e+004  4.6896851382101559e+004  4.6896851382101559e+004
  6.3002170373052135e+007  1.5749215917184433e+007  7.9037364900851529e+006  2.0674013272041723e+006  2.6235910295962030e+005  1.2778802243129056e+005  1.1249312252700451e+005  9.7158761940021737e+004  6.3971786521728674e+004  5.1092290161655641e+004  4.8648493923270777e+004  4.2775437351866552e+004  3.9962254355398967e+004  3.9962254355398967e+004
  2.6236334983781237e+007  1.2957456209036600e+007  9.8690766233032718e+006  3.6961492422224171e+006  8.3530349601075996e+005  3.0831841624781041e+005  2.1504281686266852e+005  7.8289846459379260e+004  6.8879768017763752e+004  6.6606289302892183e+004  6.3227515212326754e+004  5.5875697140901320e+004  4.8502766175983495e+004  4.8502766175983495e+004
  3.1983213359879531e+007  7.3334439378663739e+006  3.1662033749024039e+006  1.7633236995603410e+006  7.8000814536787616e+005  4.3167737864721945e+005  1.8094100361030886e+005  1.3383642197719254e+005  1.1597724581119372e+005  8.2274510040839639e+004  6.4309570982695281e+004  5.9361350276164820e+004  5.6759749331549858e+004  5.6759749331549858e+004
  1.5160145586934682e+007  5.9709567469850099e+006  2.8751076349596889e+006  1.6515472814759566e+006  6.5759368712749635e+005  3.3171396061386063e+005  1.9507963516144620e+005  1.1037643362421689e+005  8.0663531225209445e+004  6.8549461417662780e+004  5.7594717254017771e+004  4.3168736156686740e+004  3.6760911366492874e+004  3.6760911366492874e+004
  3.9587203914963253e+007  6.8634542701161187e+006  4.3199195757348575e+006  2.2359024910503654e+006  8.7661557759211469e+005  8.6553746971054148e+004  4.4084139808825596e+004  2.3288823763102318e+004  1.5714939651386510e+004  1.3081187555583527e+004  1.0965024584975667e+004  8.7232000202756353e+003  6.9328884468732685e+003  6.9328884468732685e+003
  1.7108410544906147e+007  1.0662017268992189e+007  7.9480678668373646e+006  3.1364792441478567e+006  9.5299166913925216e+005  5.3945095505094132e+005  2.5472826651264029e+005  1.5882438735899515e+005  1.0749230011269463e+005  7.4969079891972317e+004  7.0443802997642066e+004  6.6230935868923363e+004  5.9069433525883083e+004  5.9069433525883083e+004
  3.0317924007212654e+007  1.2073737258909501e+007  8.3525291598393228e+006  3.1616805189584903e+006  5.5392689409434865e+005  2.1024223862482232e+005  1.2548373724657318e+005  9.3815819120900938e+004  5.5496619884037078e+004  3.4230430306366427e+004  2.9761098561190054e+004  2.3558295969498271e+004  2.2335683096932291e+004  2.2335683096932291e+004
  3.8199044649032637e+007  1.4115168321718195e+007  8.4960466792361718e+006  4.7407450103888530e+006  2.1677715648714770e+006  9.1682119330309890e+005  2.7345433259260218e+005  1.4540646998003396e+005  1.2780628243913097e+005  7.6549431532846109e+004  6.1401459389349242e+004  5.2605786916204292e+004  4.6599813570994367e+004  4.6599813570994367e+004
  9.0330959339793175e+006  2.5828316842401582e+006  1.7171467002654807e+006  9.3315568342586886e+005  3.8644843263856118e+005  2.1184352782782889e+005  1.4723184109411214e+005  7.4360792842772236e+004  5.3016027215868780e+004  3.7469916204918911e+004  3.0426505887047089e+004  2.5232757246909405e+004  1.8545178397663636e+004  1.8545178397663636e+004
  2.4266951396199130e+007  8.1125226048546815e+006  4.9668235541121066e+006  2.3627988602033248e+006  1.2241344415574446e+006  5.1644551021488692e+005  2.2663977614426965e+005  1.3999311111396621e+005  1.0062784910132509e+005  7.9215260852407839e+004  6.1179327501150670e+004  3.8075158056722459e+004  3.2399990038367083e+004  3.2399990038367083e+004
  2.3233040174876571e+007  8.9565086913338043e+006  4.7380474705595877e+006  3.3874250118720569e+006  8.1623861224315793e+005  9.6047370941955305e+004  8.0337479382712190e+004  6.5801898397608791e+004  5.0542233058700411e+004  3.4272377935889839e+004  2.2551759482980666e+004  1.9899381947748265e+004  1.6715507972023945e+004  1.6715507972023945e+004
  8.2788956848269150e+007  1.0738701398798514e+007  4.1230177590145995e+006  2.8269832327202316e+006  1.3149173788911104e+006  1.8540429197794030e+005  1.0995497471204124e+005  7.3837895606429534e+004  4.1134444309161350e+004  3.5765141273351830e+004  2.4197172788428827e+004  2.0815987493798075e+004  1.5962248369219142e+004  1.5962248369219142e+004
  2.4091544984991670e+007  4.8982040035504764e+006  2.2730724202970234e+006  1.4647409474702044e+006  3.7223886281701445e+005  2.6074575383626798e+005  1.0176942314199022e+005  6.5110678343471271e+004  4.3523540867963289e+004  3.5748319190229289e+004  3.0894121549625615e+004  2.7318015939782737e+004  2.3531928347353980e+004  2.3531928347353980e+004
