  5.1549065790572740e+001  3.3213229852144082e+001  2.5984815595748159e+001  2.2959547680743640e+001  2.2884012929527671e+001  2.2884012927335903e+001  2.2884012927335903e+001  2.2884012927335903e+001  2.2884012927335903e+001  2.2884012927335903e+001  2.2884012927335903e+001  2.2884012927335903e+001  2.2884012927335903e+001  2.2884012927335903e+001
  6.7968809566088794e+001  5.4569916722284916e+001  4.7379431664436197e+001  3.5147646861806720e+001  2.7858886493812179e+001  2.7858803174983336e+001  2.7858803174983336e+001  2.7858803174983336e+001  2.7858803174983336e+001  2.7858803174983336e+001  2.7858803174983336e+001  2.7858803174983336e+001  2.7858803174983336e+001  2.7858803174983336e+001
  6.1337502481819001e+001  3.1725133282086972e+001  2.7735798011356678e+001  2.6865625706110109e+001  2.6863828959027956e+001  2.6863828958994645e+001  2.6863828958994645e+001  2.6863828958994645e+001  2.6863828958994645e+001  2.6863828958994645e+001  2.6863828958994645e+001  2.6863828958994645e+001  2.6863828958994645e+001  2.6863828958994645e+001
  8.9859042514778139e+001  4.7962263463281829e+001  3.3183484531438808e+001  1.8183547909502749e+001  1.7909227718834472e+001  1.7909227717507633e+001  1.7909227717507633e+001  1.7909227717507633e+001  1.7909227717507633e+001  1.7909227717507633e+001  1.7909227717507633e+001  1.7909227717507633e+001  1.7909227717507633e+001  1.7909227717507633e+001
  7.5769072665105682e+001  6.8881760859241695e+001  4.5016285400749553e+001  1.2860289522074140e+001  1.0944544870291338e+001  1.0944544590207101e+001  1.0944544590207101e+001  1.0944544590207101e+001  1.0944544590207101e+001  1.0944544590207101e+001  1.0944544590207101e+001  1.0944544590207101e+001  1.0944544590207101e+001  1.0944544590207101e+001
  4.9600771018298587e+001  3.4480483269972410e+001  2.0595953944673738e+001  1.6918753313972843e+001  1.6914268661126357e+001  1.6914268660414336e+001  1.6914268660414336e+001  1.6914268660414336e+001  1.6914268660414336e+001  1.6914268660414336e+001  1.6914268660414336e+001  1.6914268660414336e+001  1.6914268660414336e+001  1.6914268660414336e+001
  4.4110483248798118e+001  3.2947893142334237e+001  2.5522439311006451e+001  2.3881315288149608e+001  2.3878971985766498e+001  2.3878971984429199e+001  2.3878971984429199e+001  2.3878971984429199e+001  2.3878971984429199e+001  2.3878971984429199e+001  2.3878971984429199e+001  2.3878971984429199e+001  2.3878971984429199e+001  2.3878971984429199e+001
  5.3576283811076223e+001  2.7128991131346083e+001  2.2374560572564064e+001  1.9949120918445601e+001  1.9899140796586835e+001  1.9899140793875063e+001  1.9899140793875063e+001  1.9899140793875063e+001  1.9899140793875063e+001  1.9899140793875063e+001  1.9899140793875063e+001  1.9899140793875063e+001  1.9899140793875063e+001  1.9899140793875063e+001
  6.6069334596815224e+001  5.3671872026012011e+001  4.7642520580795008e+001  3.1099952955704111e+001  2.3878982267411629e+001  2.3878971984429199e+001  2.3878971984429199e+001  2.3878971984429199e+001  2.3878971984429199e+001  2.3878971984429199e+001  2.3878971984429199e+001  2.3878971984429199e+001  2.3878971984429199e+001  2.3878971984429199e+001
  5.9772063567361556e+001  4.2791606171178614e+001  2.7433282607094611e+001  2.2887882527950751e+001  2.2884012927862727e+001  2.2884012927336016e+001  2.2884012927336016e+001  2.2884012927336016e+001  2.2884012927336016e+001  2.2884012927335903e+001  2.2884012927335903e+001  2.2884012927335903e+001  2.2884012927335903e+001  2.2884012927335903e+001
  7.8683537827137457e+001  5.1795993639052426e+001  4.6154755873592308e+001  2.5942985460019713e+001  2.5868829326554419e+001  2.5868829325575462e+001  2.5868829325575462e+001  2.5868829325575462e+001  2.5868829325575462e+001  2.5868829325575462e+001  2.5868829325575462e+001  2.5868829325575462e+001  2.5868829325575462e+001  2.5868829325575462e+001
  3.8594085219675662e+001  1.4173312592917114e+001  1.3054706211862026e+001  1.1942572131965903e+001  1.1939498609529096e+001  1.1939498609481461e+001  1.1939498609481461e+001  1.1939498609481461e+001  1.1939498609481348e+001  1.1939498609481348e+001  1.1939498609481348e+001  1.1939498609481348e+001  1.1939498609481348e+001  1.1939498609481348e+001
  4.8277202800012560e+001  3.4899424112079032e+001  2.3692897722648809e+001  2.2889293385873088e+001  2.2884033124567281e+001  2.2884033124050347e+001  2.2884033124050347e+001  2.2884033124050347e+001  2.2884033124050347e+001  2.2884033124050347e+001  2.2884033124050347e+001  2.2884033124050347e+001  2.2884033124050347e+001  2.2884033124050347e+001
  6.6594151852722234e+001  4.7033405398022524e+001  4.1068119870003443e+001  2.5986555389938530e+001  2.5868829328672291e+001  2.5868829325575462e+001  2.5868829325575462e+001  2.5868829325575462e+001  2.5868829325575462e+001  2.5868829325575462e+001  2.5868829325575462e+001  2.5868829325575462e+001  2.5868829325575462e+001  2.5868829325575462e+001
  5.7709256710474392e+001  3.4979332910818471e+001  1.3053225421696425e+001  8.9806902336583789e+000  8.9546264805585452e+000  8.9546264760206213e+000  8.9546264760206213e+000  8.9546264760206213e+000  8.9546264760206213e+000  8.9546264760206213e+000  8.9546264760206213e+000  8.9546264760206213e+000  8.9546264760206213e+000  8.9546264760206213e+000
  6.6626780702189649e+001  2.9234648130769529e+001  2.1206822494333892e+001  1.6935897868014422e+001  1.6914288858336135e+001  1.6914288857128781e+001  1.6914288857128781e+001  1.6914288857128781e+001  1.6914288857128781e+001  1.6914288857128781e+001  1.6914288857128781e+001  1.6914288857128781e+001  1.6914288857128781e+001  1.6914288857128781e+001
  7.2317521076650451e+001  4.1444807403404411e+001  4.1414634793719642e+001  2.4385258065451580e+001  1.7914712724567494e+001  1.7909247914222419e+001  1.7909247914222306e+001  1.7909247914222306e+001  1.7909247914222306e+001  1.7909247914222192e+001  1.7909247914222192e+001  1.7909247914222192e+001  1.7909247914222192e+001  1.7909247914222192e+001
  6.6486960597891084e+001  5.3293161912039068e+001  4.3849918293874907e+001  2.8984273429415680e+001  2.8853762250636805e+001  2.8853762232076633e+001  2.8853762232076633e+001  2.8853762232076633e+001  2.8853762232076633e+001  2.8853762232076633e+001  2.8853762232076633e+001  2.8853762232076633e+001  2.8853762232076633e+001  2.8853762232076633e+001
  5.9701605480351645e+001  4.5477045089097032e+001  4.5477045089097032e+001  2.4268324659203472e+001  1.6917038146074219e+001  1.6914268660414450e+001  1.6914268660414336e+001  1.6914268660414336e+001  1.6914268660414336e+001  1.6914268660414336e+001  1.6914268660414336e+001  1.6914268660414336e+001  1.6914268660414336e+001  1.6914268660414336e+001
  6.3368883307176930e+001  3.1799768974352673e+001  1.2649452250424019e+001  9.9587392488940623e+000  9.9495855336022032e+000  9.9495855331139182e+000  9.9495855331139182e+000  9.9495855331139182e+000  9.9495855331139182e+000  9.9495855331139182e+000  9.9495855331139182e+000  9.9495855331139182e+000  9.9495855331139182e+000  9.9495855331139182e+000
  7.4209588400280950e+001  4.9162761784589975e+001  2.7651380248695659e+001  2.4875309803018354e+001  2.4873931041564902e+001  2.4873931041522496e+001  2.4873931041522496e+001  2.4873931041522496e+001  2.4873931041522496e+001  2.4873931041522496e+001  2.4873931041522496e+001  2.4873931041522496e+001  2.4873931041522496e+001  2.4873931041522496e+001
  7.7781768660876651e+001  7.4279379664941530e+001  5.9158851107049600e+001  3.3558603294640307e+001  2.9848702019967845e+001  2.9848701092455372e+001  2.9848701092455372e+001  2.9848701092455372e+001  2.9848701092455372e+001  2.9848701092455372e+001  2.9848701092455372e+001  2.9848701092455372e+001  2.9848701092455372e+001  2.9848701092455372e+001
  4.6296869326882188e+001  2.4980380968376153e+001  1.2666861526356342e+001  1.1941102665574817e+001  1.1939498611075237e+001  1.1939498609481348e+001  1.1939498609481348e+001  1.1939498609481348e+001  1.1939498609481348e+001  1.1939498609481348e+001  1.1939498609481348e+001  1.1939498609481348e+001  1.1939498609481348e+001  1.1939498609481348e+001
  7.0156236641405258e+001  4.3233128015249576e+001  3.0269312434936296e+001  2.3305590621868305e+001  2.2884012943715788e+001  2.2884012927335903e+001  2.2884012927335903e+001  2.2884012927335903e+001  2.2884012927335903e+001  2.2884012927335903e+001  2.2884012927335903e+001  2.2884012927335903e+001  2.2884012927335903e+001  2.2884012927335903e+001
  4.9253038941120394e+001  3.0496185264502628e+001  1.9622810732083053e+001  1.7916916564870121e+001  1.7909227723538379e+001  1.7909227717507747e+001  1.7909227717507633e+001  1.7909227717507633e+001  1.7909227717507633e+001  1.7909227717507633e+001  1.7909227717507633e+001  1.7909227717507633e+001  1.7909227717507633e+001  1.7909227717507633e+001
  5.3194650172909178e+001  4.9282961049216283e+001  4.6685885741635843e+001  2.1905820419705037e+001  2.1888998136168993e+001  2.1888998135021325e+001  2.1888998135021325e+001  2.1888998135021325e+001  2.1888998135021325e+001  2.1888998135021325e+001  2.1888998135021325e+001  2.1888998135021325e+001  2.1888998135021325e+001  2.1888998135021325e+001
  6.1793021930417240e+001  5.7594779916969969e+001  2.7269735940524470e+001  6.0215939323071552e+000  5.9697543448440911e+000  5.9697543425597814e+000  5.9697543425597814e+000  5.9697543425597814e+000  5.9697543425597814e+000  5.9697543425597814e+000  5.9697543425597814e+000  5.9697543425597814e+000  5.9697543425597814e+000  5.9697543425597814e+000
  7.0334172945505543e+001  5.8478850678387971e+001  4.5253566466704683e+001  2.3770802933966593e+001  2.2884012962900670e+001  2.2884012927335903e+001  2.2884012927335903e+001  2.2884012927335903e+001  2.2884012927335903e+001  2.2884012927335903e+001  2.2884012927335903e+001  2.2884012927335903e+001  2.2884012927335903e+001  2.2884012927335903e+001
  6.0551756932241801e+001  5.6336566216587585e+001  4.9046991840366104e+001  3.4245973143872106e+001  2.9848758928271195e+001  2.9848701092455485e+001  2.9848701092455485e+001  2.9848701092455485e+001  2.9848701092455485e+001  2.9848701092455485e+001  2.9848701092455485e+001  2.9848701092455485e+001  2.9848701092455485e+001  2.9848701092455485e+001
  5.0338471264602049e+001  3.2525632463497459e+001  2.5563579207528619e+001  2.2968865014408607e+001  2.2884012963785949e+001  2.2884012927336016e+001  2.2884012927336016e+001  2.2884012927336016e+001  2.2884012927336016e+001  2.2884012927336016e+001  2.2884012927336016e+001  2.2884012927336016e+001  2.2884012927335903e+001  2.2884012927335903e+001
  6.5561948434828309e+001  4.1827705907586733e+001  4.1827705907586733e+001  3.2280128714180364e+001  2.3878952457458013e+001  2.3878911211388868e+001  2.3878911211388868e+001  2.3878911211388868e+001  2.3878911211388868e+001  2.3878911211388868e+001  2.3878911211388868e+001  2.3878911211388868e+001  2.3878911211388868e+001  2.3878911211388868e+001
  8.2648920529266888e+001  6.2169488188775972e+001  3.7424643415235437e+001  1.2153392258385793e+001  1.0944545099341894e+001  1.0944544590207215e+001  1.0944544590207215e+001  1.0944544590207215e+001  1.0944544590207215e+001  1.0944544590207215e+001  1.0944544590207215e+001  1.0944544590207215e+001  1.0944544590207215e+001  1.0944544590207215e+001
  8.4932620283275014e+001  3.1813627708491481e+001  2.2448727814046947e+001  7.9793367799904900e+000  7.9596724591782504e+000  7.9596724567464889e+000  7.9596724567464889e+000  7.9596724567464889e+000  7.9596724567464889e+000  7.9596724567464889e+000  7.9596724567464889e+000  7.9596724567464889e+000  7.9596724567463752e+000  7.9596724567463752e+000
  4.9694777077375420e+001  3.9238179151491067e+001  3.2961104513359714e+001  3.0848247631052345e+001  3.0843660150235678e+001  3.0843660149548668e+001  3.0843660149548668e+001  3.0843660149548668e+001  3.0843660149548668e+001  3.0843660149548668e+001  3.0843660149548668e+001  3.0843660149548668e+001  3.0843660149548668e+001  3.0843660149548668e+001
  4.8991835645499691e+001  4.7025521467989051e+001  4.3577621402442333e+001  3.0377774741195935e+001  2.9848660534739565e+001  2.9848660516129598e+001  2.9848660516129485e+001  2.9848660516129485e+001  2.9848660516129485e+001  2.9848660516129485e+001  2.9848660516129485e+001  2.9848660516129485e+001  2.9848660516129485e+001  2.9848660516129485e+001
  5.1649784290850562e+001  2.8651027766536345e+001  2.0316503863429375e+001  1.9900103276565801e+001  1.9899160990617474e+001  1.9899160990589507e+001  1.9899160990589507e+001  1.9899160990589507e+001  1.9899160990589507e+001  1.9899160990589507e+001  1.9899160990589507e+001  1.9899160990589507e+001  1.9899160990589507e+001  1.9899160990589507e+001
  5.3282638000456359e+001  3.8656660993308378e+001  1.7438256833227456e+001  1.1020228689939813e+001  1.0944539556609470e+001  1.0944539552388051e+001  1.0944539552388051e+001  1.0944539552388051e+001  1.0944539552388051e+001  1.0944539552388051e+001  1.0944539552388051e+001  1.0944539552388051e+001  1.0944539552388051e+001  1.0944539552388051e+001
  4.5263509932595866e+001  3.2272773677086661e+001  1.7135029055554924e+001  1.3933428067897353e+001  1.3929396527045810e+001  1.3929396526953497e+001  1.3929396526953497e+001  1.3929396526953497e+001  1.3929396526953497e+001  1.3929396526953497e+001  1.3929396526953497e+001  1.3929396526953497e+001  1.3929396526953497e+001  1.3929396526953497e+001
  5.4782735702805326e+001  4.4950493842636547e+001  2.9444919606475878e+001  1.4968185120836779e+001  1.4924355608818587e+001  1.4924355584046793e+001  1.4924355584046793e+001  1.4924355584046793e+001  1.4924355584046793e+001  1.4924355584046793e+001  1.4924355584046793e+001  1.4924355584046793e+001  1.4924355584046793e+001  1.4924355584046793e+001
  5.0525201514113178e+001  3.3908735053804662e+001  2.3621932213313016e+001  1.9993636143428034e+001  1.9899140819600802e+001  1.9899140793875063e+001  1.9899140793875063e+001  1.9899140793875063e+001  1.9899140793875063e+001  1.9899140793875063e+001  1.9899140793875063e+001  1.9899140793875063e+001  1.9899140793875063e+001  1.9899140793875063e+001
  5.3545142667793471e+001  4.3235271453652103e+001  2.7421085388840083e+001  1.6955284614727020e+001  1.6914288866414040e+001  1.6914288857128781e+001  1.6914288857128781e+001  1.6914288857128781e+001  1.6914288857128781e+001  1.6914288857128781e+001  1.6914288857128781e+001  1.6914288857128781e+001  1.6914288857128781e+001  1.6914288857128781e+001
  6.7249775827332655e+001  5.1387285575028500e+001  4.2526442060522641e+001  3.9836991445127524e+001  3.9798276601322982e+001  3.9798276549931074e+001  3.9798276549931074e+001  3.9798276549931074e+001  3.9798276549931074e+001  3.9798276549931074e+001  3.9798276549931074e+001  3.9798276549931074e+001  3.9798276549931074e+001  3.9798276549931074e+001
  9.3825860500213139e+001  6.5762437348874300e+001  6.3356671924905640e+001  4.0630781871831459e+001  2.4873951753945221e+001  2.4873951238236941e+001  2.4873951238236941e+001  2.4873951238236941e+001  2.4873951238236941e+001  2.4873951238236941e+001  2.4873951238236941e+001  2.4873951238236941e+001  2.4873951238236941e+001  2.4873951238236941e+001
  8.8941026891385718e+001  4.4466179369939027e+001  2.7256153668587103e+001  2.4875582775806379e+001  2.4873931042189497e+001  2.4873931041522496e+001  2.4873931041522496e+001  2.4873931041522496e+001  2.4873931041522496e+001  2.4873931041522496e+001  2.4873931041522496e+001  2.4873931041522496e+001  2.4873931041522496e+001  2.4873931041522496e+001
  5.7858661949514271e+001  4.0200054032228081e+001  3.3989125903067816e+001  2.3899003734274629e+001  2.3878971988247827e+001  2.3878971984429199e+001  2.3878971984429199e+001  2.3878971984429199e+001  2.3878971984429199e+001  2.3878971984429199e+001  2.3878971984429199e+001  2.3878971984429199e+001  2.3878971984429199e+001  2.3878971984429199e+001
  5.5654269263394440e+001  2.3277399001176036e+001  1.6400557190654467e+001  1.5920850311584445e+001  1.5919334838045984e+001  1.5919334837854535e+001  1.5919334837854535e+001  1.5919334837854535e+001  1.5919334837854535e+001  1.5919334837854535e+001  1.5919334837854535e+001  1.5919334837854535e+001  1.5919334837854535e+001  1.5919334837854535e+001
  6.9305275206378610e+001  4.5995155816409465e+001  3.3039519399179198e+001  2.6888311459586362e+001  2.6863783347313415e+001  2.6863783344849594e+001  2.6863783344849594e+001  2.6863783344849594e+001  2.6863783344849594e+001  2.6863783344849594e+001  2.6863783344849594e+001  2.6863783344849594e+001  2.6863783344849594e+001  2.6863783344849594e+001
  4.1506146864023322e+001  2.4774885999401818e+001  1.7151312571033259e+001  1.6915087991284622e+001  1.6914268660434118e+001  1.6914268660414336e+001  1.6914268660414223e+001  1.6914268660414223e+001  1.6914268660414223e+001  1.6914268660414223e+001  1.6914268660414223e+001  1.6914268660414223e+001  1.6914268660414223e+001  1.6914268660414223e+001
  7.5355586987352353e+001  6.5214036904004161e+001  4.9370726837149959e+001  3.0940018176171407e+001  3.0843675308967363e+001  3.0843675308444176e+001  3.0843675308444062e+001  3.0843675308444062e+001  3.0843675308444062e+001  3.0843675308444062e+001  3.0843675308444062e+001  3.0843675308444062e+001  3.0843675308444062e+001  3.0843675308444062e+001
  7.0282599971161517e+001  4.2839080250919210e+001  2.5634010567082328e+001  2.3885865249928202e+001  2.3878971984602117e+001  2.3878971984429199e+001  2.3878971984429199e+001  2.3878971984429199e+001  2.3878971984429199e+001  2.3878971984429199e+001  2.3878971984429199e+001  2.3878971984429199e+001  2.3878971984429199e+001  2.3878971984429199e+001
  7.1699162312484304e+001  4.4531124487361240e+001  3.4636241818260146e+001  3.1852785600772904e+001  3.1838573592681200e+001  3.1838573592497028e+001  3.1838573592497028e+001  3.1838573592497028e+001  3.1838573592497028e+001  3.1838573592497028e+001  3.1838573592497028e+001  3.1838573592497028e+001  3.1838573592497028e+001  3.1838573592497028e+001
