  4.5017145741972558e+007  1.9402145452840760e+005  3.8039094048611196e+003  1.8185031489657786e+003  1.5832520143189163e+003  1.2724439935647865e+002  1.1422364650670329e+002  1.1390456749646705e+002  1.1389694244323550e+002  1.1389666494645326e+002  1.1383264815101052e+002  1.1372711427465583e+002  1.1371961466800713e+002  1.1371961466800713e+002
  2.1287812919881646e+007  7.0993366316279408e+005  8.4967160886380225e+003  3.1392666567352617e+003  3.2977527276049341e+002  1.4240510163197223e+002  1.4154268552225130e+002  1.4150844865206318e+002  1.4119088566057712e+002  1.3712761603365152e+002  1.3694780436672249e+002  1.3691378840752691e+002  1.3691110776173605e+002  1.3691110776173605e+002
  2.8128826353112794e+007  3.9908749093816982e+005  1.6673785302047712e+004  8.2236091461392607e+002  5.9338223740481544e+002  1.3525220470799309e+002  1.2968420585055628e+002  1.2925025740131650e+002  1.2924394313156404e+002  1.2905473750073975e+002  1.2855736333333311e+002  1.2854164340608804e+002  1.2854124668575514e+002  1.2854124668575514e+002
  3.2598459101915553e+007  1.9956363034715227e+005  1.2452154938937476e+004  1.0888723936868264e+004  2.9405535351166891e+003  6.2604767458606148e+001  5.2668052311553765e+001  5.2231267958786020e+001  5.2190804030841491e+001  5.2188672318626459e+001  5.2181811607068994e+001  5.2076803026765901e+001  5.2021781109810490e+001  5.2021781109810490e+001
  2.9085518854240607e+007  9.4147514992711018e+004  2.8824452039896523e+003  2.5538356365030304e+003  2.4176373611784647e+003  2.3914988949082126e+003  2.3801690119979139e+003  9.8304658131853785e+001  8.1216016823087557e+001  8.0976834058257509e+001  8.0959755428062863e+001  7.9431806769366176e+001  7.5987179879304222e+001  7.5987179879304222e+001
  3.9688550964327037e+007  5.2135701755834575e+005  6.6734473203341950e+003  5.0170240617919653e+003  4.8427183027024321e+003  4.8147643740100766e+003  4.5532683201809195e+003  2.1040286603832396e+002  1.9444314460928149e+002  1.9434596316444686e+002  1.9434548742483526e+002  1.9293913322372100e+002  1.9246178436119180e+002  1.9246178436119180e+002
  3.1141078282677017e+007  5.8736235140907683e+005  1.1824109456457998e+004  1.0282317365581766e+004  1.0105390188376009e+003  1.5924696301933955e+002  1.5203327829124260e+002  9.9291244420660632e+001  9.9043356804633731e+001  9.9017927026955704e+001  9.6894833544882204e+001  9.5541052789313426e+001  9.5487095839312587e+001  9.5487095839312587e+001
  4.4881285121629260e+007  4.4468975520633324e+005  3.7097131299212715e+003  2.3300668788831990e+003  2.2092809327711229e+003  2.1557694182986238e+003  2.1213444532980184e+003  2.1080446781375554e+003  1.8410815941816077e+002  1.5874415702181932e+002  1.5845253786130434e+002  1.5274046896320283e+002  1.0770941337220961e+002  1.0770941337220961e+002
  2.5074272381836578e+007  7.0260243238332879e+005  1.2927696777509884e+004  4.0843710966193185e+003  4.1279982433845362e+002  5.0639378913607516e+001  4.9765229848614126e+001  4.9737731715456903e+001  4.9737661401575451e+001  4.9317259417593732e+001  4.9146370068992610e+001  4.9133990303967039e+001  4.9133435038332436e+001  4.9133435038332436e+001
  3.0354855252653290e+007  3.6032356942749338e+005  6.1266620460390095e+003  4.9676452148416593e+002  4.2348266728303952e+002  2.7802176534522596e+002  2.7308452369330462e+002  2.7302090820160629e+002  1.4641649051412651e+002  1.0226536303080275e+002  1.0209417972133883e+002  1.0209221273654339e+002  1.0208355932552831e+002  1.0208355932552831e+002
  1.5467024231435874e+007  2.1731385994533633e+005  1.1770746080872108e+004  6.6330107470104631e+003  4.4091246212935976e+003  2.4241378561635338e+002  1.8731053248036892e+002  1.8628643909672610e+002  1.8628209544023434e+002  1.8628206644652187e+002  1.8628124668098462e+002  1.8626826163191049e+002  1.8626632030514497e+002  1.8626632030514497e+002
  3.1854669278059255e+007  3.5191976646193606e+005  9.8813507141758164e+003  6.9716945000717205e+003  6.7722546956854458e+003  1.4204666596104130e+002  1.0548830200300813e+002  1.0523944692849705e+002  1.0518933362967459e+002  1.0518858149912103e+002  9.9600445014577645e+001  9.7964989588672552e+001  9.7903294535992245e+001  9.7903294535992245e+001
  5.8585400224645078e+007  2.4183649221652179e+005  1.2313760368322670e+004  1.0510170276672068e+004  2.4837572236196911e+002  1.1909813049316881e+002  1.1892476114641363e+002  1.1888839687756672e+002  1.1864642400728053e+002  1.1686551072390694e+002  1.1684269233858845e+002  1.1684055447196397e+002  1.1684041562930793e+002  1.1684041562930793e+002
  1.2105310952523702e+008  1.6279705267639195e+006  1.1818737886280251e+004  3.2482657561357582e+003  6.9049445714406647e+002  6.6362247203815286e+001  6.5765527989191924e+001  6.5674601133898250e+001  6.5671959843380591e+001  6.5510298869092594e+001  6.5135455349047106e+001  6.5111575524278578e+001  6.5110685189355536e+001  6.5110685189355536e+001
  5.7149277825638667e+007  2.7647078251680481e+005  2.4549473705241553e+003  1.5838735787969013e+003  1.3298508157175365e+003  1.2783680004942862e+003  1.2776705295467068e+003  2.8144398877820458e+002  7.9542946207656996e+001  2.5750840438983005e+001  2.5284357885485178e+001  2.5264980933428205e+001  2.5264503706954201e+001  2.5264503706954201e+001
  1.6261315380792318e+007  2.2630692349170681e+005  6.1083367220282516e+003  2.4602529438772590e+003  1.6905164095857226e+003  2.6895995589174436e+002  2.6689607886284466e+002  2.6684769954595231e+002  2.6683915835002017e+002  2.4174671040333942e+002  2.4017949258218550e+002  2.4011033013289625e+002  2.4009217319102072e+002  2.4009217319102072e+002
  4.7037997327940352e+007  2.7109508212764846e+005  1.4734252609915682e+004  1.1840140471472483e+004  1.1549240071396684e+004  1.1399227072518639e+004  1.1395841077073483e+004  2.0464291479101439e+002  1.9786798319436389e+002  1.9688955140798794e+002  1.9687435243989535e+002  1.9687426870277955e+002  1.9687011158627001e+002  1.9687011158627001e+002
  6.5998265253190219e+007  4.7350430395037710e+005  1.4023327356466463e+004  1.1493106817423006e+004  1.1276491667411352e+004  1.1188902849124554e+004  8.1928853891853760e+003  1.4340837260331227e+002  1.4113234587749275e+002  1.4109268554078881e+002  1.4072866046639297e+002  1.3772723634397698e+002  1.3757450061105465e+002  1.3757450061105465e+002
  6.1582873889089033e+007  3.3667049970559363e+005  7.4427992468302928e+003  1.2635335497111887e+003  1.0866639316590890e+003  1.0631354995942465e+003  2.2295376748024091e+002  1.8719975210631128e+002  1.6087475330883444e+002  1.6074404530928018e+002  1.6074231689992143e+002  1.6009709853533582e+002  1.5981979770112275e+002  1.5981979770112275e+002
  1.8244102788948763e+007  1.8680976878715857e+005  1.1671279924987579e+004  9.2270530454500204e+003  4.3153884684911818e+003  1.5813142891180109e+002  1.2264955978505873e+002  1.2173392402717127e+002  1.2171674439595449e+002  1.2066308145629773e+002  1.1296916633262936e+002  1.1288432374661170e+002  1.1287656669840567e+002  1.1287656669840567e+002
  7.9109018537171874e+006  9.5785341580630164e+004  7.0847266405976734e+003  4.8359097290171985e+003  3.9609222661865351e+002  1.3529647003897435e+002  4.3471658781396627e+001  4.3129048397059250e+001  4.3124201093689408e+001  4.3124197978504071e+001  4.3123408777808663e+001  4.3115944662744823e+001  4.3111105912538960e+001  4.3111105912538960e+001
  2.0546030667887587e+007  1.4279886936516193e+005  1.9403873174882072e+004  1.8325053385615018e+004  1.6283289379597736e+003  1.6831891832125257e+002  1.2727705180900716e+002  1.2702906407645787e+002  1.2701497585718175e+002  1.2699916686257188e+002  1.2294986689219922e+002  1.2266361892445957e+002  1.2265739408173908e+002  1.2265739408173908e+002
  1.4369780957953632e+007  6.0561974101525251e+004  1.6611349292433442e+004  1.6077735950507784e+004  2.8621849811295260e+002  1.0239474353685455e+002  1.0025775909647496e+002  1.0020053162651652e+002  1.0019681047065274e+002  9.8066026917060299e+001  9.7851386595723625e+001  9.7836509104347442e+001  9.7836288925448116e+001  9.7836288925448116e+001
  2.4379808679280281e+007  1.8216906103832574e+005  1.7990557879581585e+004  1.2571374395630646e+004  1.2338319505841580e+004  1.2233378238226152e+004  4.6732535360979919e+003  9.3411984608487728e+001  9.2407569185051443e+001  9.2397134122135640e+001  9.1918710644852808e+001  8.9025713610156345e+001  8.8978457863383028e+001  8.8978457863383028e+001
  5.9576088589916416e+007  1.5367807962235302e+005  1.2473197176615167e+004  1.0970234714082624e+004  1.0851366186923757e+004  1.0816714282960203e+004  1.0814757845555203e+004  1.8131957988318186e+002  1.1546487335343113e+002  1.1530979573956006e+002  1.1530871993924370e+002  1.1524361284122324e+002  1.1478291093548319e+002  1.1478291093548319e+002
  5.5190911552176893e+007  1.4122038750272754e+006  3.5134770636539870e+004  2.1912477876738285e+004  3.9308111699480196e+002  1.0383371105300876e+002  1.0337755517256301e+002  1.0336572559910928e+002  1.0336572164406539e+002  1.0335511619851673e+002  1.0333464762349354e+002  1.0333306506588929e+002  1.0333295244096757e+002  1.0333295244096757e+002
  2.2638348967668410e+007  2.2401549544637656e+005  1.6700832171581322e+004  1.5606260307420212e+004  1.4336146800028218e+003  6.2805591794895008e+001  6.1898915621326296e+001  6.1862361799140672e+001  6.1833447796165956e+001  6.1035456406407548e+001  6.1003276468974036e+001  6.1002154972712560e+001  6.1002122231191379e+001  6.1002122231191379e+001
  4.5602851930728778e+007  2.2366613434303919e+005  2.9935630266392318e+003  4.7380053170474866e+002  3.5222704364826131e+002  2.7771950173018195e+002  2.7690074723895259e+002  2.7688400245763523e+002  2.7677884487151323e+002  2.5363981711480392e+002  2.5333425484251120e+002  2.5331782880474384e+002  2.5331753935027018e+002  2.5331753935027018e+002
  2.9969114739275195e+007  4.7926930964315723e+005  1.2555322262869440e+004  6.5523693076044219e+003  6.4524349447138120e+003  6.3370896002563177e+003  6.3360179932367882e+003  1.0902624083263800e+002  7.1848323413255002e+001  7.1750873073746106e+001  7.1750471352735531e+001  7.1413872486176388e+001  7.1332210064877700e+001  7.1332210064877700e+001
  2.5617615038630545e+007  3.0678081805190700e+005  9.0383042879243985e+003  2.4218590813668579e+003  4.4599823886004151e+002  1.9349034851338865e+002  1.9302871696472266e+002  1.9299074783603055e+002  1.9298898441003166e+002  1.9248742802207039e+002  1.9243545808851650e+002  1.9243400650496460e+002  1.9243398411760290e+002  1.9243398411760290e+002
  6.5430780955834523e+007  4.7267683870006644e+005  5.5455065487988395e+003  1.7078922737053713e+003  6.5177908841288945e+002  1.1070083238179313e+002  1.0994172556659532e+002  1.0990723093641532e+002  1.0554108030695943e+002  1.0379073428722540e+002  1.0374722096221672e+002  1.0374606384746903e+002  1.0374597512666605e+002  1.0374597512666605e+002
  1.0015422366935883e+008  9.2635136698334059e+005  2.0329434628694031e+004  4.7048676131955835e+002  3.2421314334151566e+002  2.3143718183890314e+002  1.6803775382442382e+002  1.6727954266476968e+002  1.6726078590242651e+002  1.6203560726361593e+002  1.5695514975565993e+002  1.5628230516439248e+002  1.5607441937270232e+002  1.5607441937270232e+002
  2.2130986303124603e+007  1.9674684642984380e+005  3.2391658448789749e+003  2.9426952087393693e+003  2.4311024636490820e+003  6.1825679009463784e+001  2.3782079832974659e+001  2.2415329452111109e+001  2.2357583348503113e+001  2.2356752287111476e+001  2.2313583198447532e+001  2.2212018669561985e+001  2.2201330023565106e+001  2.2201330023565106e+001
  3.4081576923809655e+007  2.1129070637252479e+005  1.0442614407363477e+004  7.6378966661662580e+003  7.4330528163733507e+003  7.3305927508253026e+003  7.3275741020285004e+003  5.6675075616108143e+003  8.8950716111621659e+001  8.3912811652762230e+001  8.3794501103113589e+001  8.3792102304043510e+001  8.0782280924641327e+001  8.0782280924641327e+001
  5.2949302382361908e+006  6.3722280138407310e+004  5.5081024453245554e+003  3.9207962018923763e+003  1.5492661629233289e+003  1.2272156603992380e+002  1.1915787663055016e+002  1.1910887243574302e+002  1.1909704895224445e+002  1.0978797296816583e+002  1.0965266770985158e+002  1.0964227163094529e+002  1.0964198778020000e+002  1.0964198778020000e+002
  6.7984871963981241e+007  3.5077737514515035e+005  1.2855375878681820e+004  9.8915532762714502e+003  4.0366690663814115e+003  4.8412429351767287e+001  2.5452383271215467e+001  2.5439335732406335e+001  2.5437233147654069e+001  2.4650821219377576e+001  2.4480170507975345e+001  2.4474666132628727e+001  2.4474062277176245e+001  2.4474062277176245e+001
  2.5759901887122173e+007  2.1427952135526179e+005  2.9686222774541175e+003  5.9996968029365735e+002  4.5857548555178073e+002  1.8600283103662559e+002  1.8551166758452382e+002  1.8550067352698898e+002  1.8549198160849596e+002  1.8406595859112304e+002  1.8362675184321915e+002  1.8361787953398607e+002  1.8361607803602055e+002  1.8361607803602055e+002
  3.4616418905771106e+007  6.1862916084376269e+005  8.6006576735020171e+003  5.5060632295217420e+002  3.9578508765908782e+002  2.5006146389598689e+002  2.4945952403258252e+002  2.4945174154169899e+002  2.3039821998925936e+002  2.2920811329930530e+002  2.2916830491137353e+002  2.2916555825847308e+002  2.2916543610552344e+002  2.2916543610552344e+002
  6.8943839195319533e+007  2.3890115705848028e+005  1.3725051311549980e+004  1.2655913296082452e+004  4.8237849803007293e+002  1.1070319207520788e+002  8.5492025644005935e+001  8.5394612595713852e+001  8.5394413491258319e+001  8.5394394098420662e+001  8.5383190452750569e+001  8.5372044556457467e+001  8.5370373612628782e+001  8.5370373612628782e+001
  3.7641403008257821e+007  6.6012536660896335e+005  2.3564494826619139e+004  1.0374876544671257e+004  1.0179906489871677e+004  1.0125749345392354e+004  7.9208662187547816e+003  2.1518314067023016e+002  2.1368989309769631e+002  2.1366262007701152e+002  2.1366220216640568e+002  2.1340327045553317e+002  2.1340286876797200e+002  2.1340286876797200e+002
  2.5268934732928637e+007  1.9005470461359472e+005  1.0313054681103682e+004  9.5246097082493652e+003  6.4880333070076858e+002  1.1722847378272309e+002  5.2922655682767299e+001  5.2848886174307836e+001  5.2848625658614992e+001  5.2685795650299724e+001  5.2181936300820553e+001  5.2171637120972719e+001  5.2168911362478411e+001  5.2168911362478411e+001
  7.9520544376026869e+007  2.9789888296613703e+005  2.8297331411637788e+004  2.5762292087602709e+004  1.0179150142620574e+003  2.0094804476271520e+002  1.8597763164164098e+002  1.8578257700260929e+002  1.8578078406153986e+002  1.7828874438631647e+002  1.7450496866067147e+002  1.7446492694631161e+002  1.7446342780787177e+002  1.7446342780787177e+002
  7.1335372915865868e+007  9.4295824221073533e+004  8.3845921827090333e+003  5.9447452925066427e+003  5.7507022427413731e+003  5.7042703075077443e+003  5.6984989677085869e+003  3.4342128814170474e+002  2.9724942321247136e+002  2.9698185556958970e+002  2.9595501816333126e+002  2.9588041180106302e+002  2.9588037380355581e+002  2.9588037380355581e+002
  7.0765630580240473e+007  1.9801164783070210e+005  2.6645838569625475e+003  7.6043433585458843e+002  6.2690964140799224e+002  4.4846211171800769e+002  4.3641564178647195e+002  2.8952481540785084e+002  2.8918600654062675e+002  2.6445525095654602e+002  2.6426573961375198e+002  2.6424933004226978e+002  2.6424929490052409e+002  2.6424929490052409e+002
  3.6553949593145043e+007  4.0056817150382075e+005  1.6229156554237095e+004  9.3648006107567053e+003  3.2551493285665356e+002  5.3803976994701770e+001  4.1742658177899784e+001  4.1364879059688292e+001  4.1336317133676857e+001  4.1335937917917590e+001  4.1332500329449203e+001  4.1176521870341503e+001  4.1161145881985249e+001  4.1161145881985249e+001
  3.9514235334736265e+007  1.1826502931348601e+005  8.8472253384724972e+003  5.3607026326113382e+003  4.1639025937311499e+002  1.4562970273827023e+002  4.8511291068468154e+001  4.8151575493631753e+001  4.8099726293036611e+001  4.8099599749924437e+001  4.8099599567504356e+001  4.8098560568478661e+001  4.8095918265008322e+001  4.8095918265008322e+001
  2.4532549917936277e+007  3.0482338574936165e+005  2.6707342047038801e+003  4.4777642560699496e+002  3.0642803658603407e+002  2.3011953437242255e+002  2.2958855737743511e+002  2.2958493670085591e+002  2.2395810023796798e+002  2.2335812375034129e+002  2.2330023185512891e+002  2.2329569751949703e+002  2.2329550089486065e+002  2.2329550089486065e+002
  4.9123914569232173e+007  1.7585546763699432e+005  2.9811795797340728e+003  1.7912365638091710e+003  1.6149213998663818e+003  1.9206388464636734e+002  1.4163227615119399e+002  1.3667374210057869e+002  1.3644761970396985e+002  1.3644603219156852e+002  1.3564931327450267e+002  1.3557362826110898e+002  1.3555726256966136e+002  1.3555726256966136e+002
  2.6294751026439376e+007  3.2970638333758735e+005  6.2097037974176701e+003  6.4690070428109266e+002  5.2756139093595175e+002  1.9641150627424554e+002  1.9028015208130319e+002  1.8983452607770437e+002  9.6142424046776796e+001  9.5752922468967427e+001  9.5739448060949599e+001  9.5739442894326203e+001  9.5739442783135019e+001  9.5739442783135019e+001
  4.1016650085496478e+007  3.7895409017080994e+005  1.3594563594268406e+004  9.9542291381147934e+003  9.8076067809649685e+003  9.7014123969120701e+003  9.6930679000786731e+003  2.2845517113578239e+002  1.1999618412463929e+002  1.1990164229074662e+002  1.0932926110733115e+002  1.0679888039042817e+002  1.0678450352584878e+002  1.0678450352584878e+002
  3.1057552944655057e+007  2.5764027788403336e+005  1.5307227663827391e+004  6.5084672634918570e+003  6.2445017257317795e+002  9.9232671638926377e+001  9.1211404150194085e+001  9.1188927372774515e+001  9.1188865563202171e+001  9.1188865149231560e+001  9.1186260060938139e+001  9.1181716428402297e+001  9.1181277955242194e+001  9.1181277955242194e+001
