  5.3446760712382229e+001  1.2761044661524238e+001  4.5842902504682570e-001  4.4748776316805561e-001  4.2847341068932110e-001  4.1375487169852931e-001  4.1375487169852931e-001  4.1375487169852931e-001  4.1375487169852931e-001  4.1375487169852931e-001  4.1375487169852931e-001  4.1375487169852931e-001  4.1375487169852931e-001  4.1375487169852931e-001
  3.2887646131458041e+001  1.6188229351398604e+000  3.4461114233317858e-001  2.9328321999696527e-001  2.6850334623009076e-001  2.6548889978471379e-001  2.6180953896960091e-001  2.6180953896960091e-001  2.6180953896960091e-001  2.6180953896960091e-001  2.6180953896960091e-001  2.6180953896960091e-001  2.6180953896960091e-001  2.6180953896960091e-001
  5.6814882835089520e+001  7.5364768720571647e+000  4.6617608979681791e-001  4.0386320225184136e-001  3.7665835847133167e-001  3.7154218816954199e-001  3.7154218816954199e-001  3.7154218816954199e-001  3.7154218816954199e-001  3.7154218816954199e-001  3.7154218816954199e-001  3.7154218816954199e-001  3.7154218816954199e-001  3.7154218816954199e-001
  2.9996217697062320e+001  9.5837537880674972e-001  3.1702541429899611e-001  3.1702541429899611e-001  3.0341876685747593e-001  3.0263670938120413e-001  3.0037330004643081e-001  3.0037330004643081e-001  3.0037330004643081e-001  3.0037330004643081e-001  3.0037330004643081e-001  3.0037330004643081e-001  3.0037330004643081e-001  3.0037330004643081e-001
  5.0026187901359435e+001  4.9363270783694588e+000  4.5186973423483323e-001  3.8956634681653668e-001  3.8956634681653668e-001  3.8885722250165600e-001  3.8885722250165600e-001  3.8885722250165600e-001  3.8885722250165600e-001  3.8885722250165600e-001  3.8885722250165600e-001  3.8885722250165600e-001  3.8885722250165600e-001  3.8885722250165600e-001
  5.8791293007724335e+001  1.0943339454308671e+001  7.0533160368768222e-001  3.1877518434748708e-001  3.0262039702301990e-001  2.9294489713561234e-001  2.9294489713561234e-001  2.9294489713561234e-001  2.9294489713561234e-001  2.9294489713561234e-001  2.9294489713561234e-001  2.9294489713561234e-001  2.9294489713561234e-001  2.9294489713561234e-001
  4.1689187472031563e+001  5.9179411282868841e+000  8.9979242080289623e-001  8.2019541564500287e-001  7.6471794431449780e-001  7.4134280640555517e-001  7.3163733366914130e-001  7.3163733366914130e-001  7.3163733366914130e-001  7.2798490875584321e-001  7.2798490875584321e-001  7.2798490875584321e-001  7.2798490875584321e-001  7.2798490875584321e-001
  2.7812409376113692e+001  1.1308324377428335e+001  3.4685091815231317e-001  3.0307654869125145e-001  2.7641203063035391e-001  2.7495616338501350e-001  2.7242428156660026e-001  2.7242428156660026e-001  2.7242428156660026e-001  2.7242428156660026e-001  2.7242428156660026e-001  2.7242428156660026e-001  2.7242428156660026e-001  2.7242428156660026e-001
  5.4949269328586297e+001  1.5098382327901163e+000  1.0951595664434990e+000  1.0400894798917761e+000  1.0391978392535748e+000  1.0310711837416875e+000  1.0310711837416875e+000  1.0310711837416875e+000  1.0310711837416875e+000  1.0310711837416875e+000  1.0310711837416875e+000  1.0310711837416875e+000  1.0310711837416875e+000  1.0310711837416875e+000
  4.9285089516901053e+001  1.2277466288534015e+001  5.9424645180911284e-001  3.9478988368978207e-001  3.3199495275175650e-001  3.1328740069670857e-001  3.1328740069670857e-001  3.1328740069670857e-001  3.1328740069670857e-001  3.1328740069670857e-001  3.1328740069670857e-001  3.1328740069670857e-001  3.1328740069670857e-001  3.1328740069670857e-001
  5.4568084573164015e+001  1.6695861235062466e+001  6.2110561096392303e+000  1.0141336151750693e+000  9.3814120567162718e-001  9.2343351913586957e-001  8.9824440270103878e-001  8.9824440270103878e-001  8.9824440270103878e-001  8.9824440270103878e-001  8.9824440270103878e-001  8.9824440270103878e-001  8.9824440270103878e-001  8.9824440270103878e-001
  4.2672749720332376e+001  7.8838207368073654e+000  9.6990059831250619e-001  8.7961776352108245e-001  8.4677041020654542e-001  8.3462129741928948e-001  8.3462129741928948e-001  8.3462129741928948e-001  8.3462129741928948e-001  8.3462129741928948e-001  8.3462129741928948e-001  8.3462129741928948e-001  8.3462129741928948e-001  8.3462129741928948e-001
  5.0403540839097559e+001  1.0324679974612536e+001  5.6173220740197394e-001  4.5783202319876182e-001  3.5499969768261508e-001  3.1617207554700144e-001  3.1617207554700144e-001  3.0807664409371682e-001  3.0807664409371682e-001  3.0807664409371682e-001  3.0807664409371682e-001  3.0807664409371682e-001  3.0807664409371682e-001  3.0807664409371682e-001
  4.3572141301546253e+001  1.0043304456522719e+001  4.9229453321049732e-001  3.6236797704441415e-001  3.6236797704441415e-001  3.5829737986659893e-001  3.5829737986659893e-001  3.5829737986659893e-001  3.5829737986659893e-001  3.5829737986659893e-001  3.5829737986659893e-001  3.5829737986659893e-001  3.5829737986659893e-001  3.5829737986659893e-001
  7.2461536982495772e+001  1.4262243379456550e+001  3.5589140112642781e-001  3.0037457582398019e-001  3.0037457582398019e-001  2.7416388666460989e-001  2.7416388666460989e-001  2.7416388666460989e-001  2.7416388666460989e-001  2.7416388666460989e-001  2.7416388666460989e-001  2.7416388666460989e-001  2.7416388666460989e-001  2.7416388666460989e-001
  5.3972598899062632e+001  1.0984670032757776e+001  3.9948854436624970e-001  3.3229615279742575e-001  3.2464381827344369e-001  3.1389671247552542e-001  3.1389671247552542e-001  3.1389671247552542e-001  3.1389671247552542e-001  3.1389671247552542e-001  3.1389671247552542e-001  3.1389671247552542e-001  3.1389671247552542e-001  3.1389671247552542e-001
  8.0814880958121421e+001  1.8359409611092133e+001  4.9900371213061590e-001  3.9457948524227504e-001  3.7943455152480965e-001  3.7452032130272528e-001  3.7452032130272528e-001  3.7452032130272528e-001  3.7452032130272528e-001  3.7452032130272528e-001  3.7452032130272528e-001  3.7452032130272528e-001  3.7452032130272528e-001  3.7452032130272528e-001
  3.2325502662061126e+001  1.0639357941112848e+001  4.6723629920802523e-001  3.6248034812956575e-001  3.4776605145270878e-001  3.2650863514550110e-001  3.2650863514550110e-001  3.2650863514550110e-001  3.2650863514550110e-001  3.2650863514550110e-001  3.2650863514550110e-001  3.2650863514550110e-001  3.2650863514550110e-001  3.2650863514550110e-001
  3.9970101574901719e+001  9.5980117389831321e-001  3.8067152666258153e-001  3.6582071520024328e-001  3.6287054495846860e-001  3.5447752266622956e-001  3.5447752266622956e-001  3.5447752266622956e-001  3.5447752266622956e-001  3.5447752266622956e-001  3.5447752266622956e-001  3.5447752266622956e-001  3.5447752266622956e-001  3.5447752266622956e-001
  7.8749192044965412e+001  1.1511653052129304e+001  3.9461619972144035e-001  2.7443477885753964e-001  2.7443477885753964e-001  2.7023608253057319e-001  2.7023608253057319e-001  2.6817859095240237e-001  2.6817859095240237e-001  2.6817859095240237e-001  2.6817859095240237e-001  2.6817859095240237e-001  2.6817859095240237e-001  2.6817859095240237e-001
  3.2421972435763109e+001  4.1963893985707728e+000  4.4571823091041551e-001  3.8172351267735394e-001  3.7435728660943823e-001  3.7435728660943823e-001  3.7435728660943823e-001  3.7435728660943823e-001  3.7435728660943823e-001  3.7435728660943823e-001  3.7435728660943823e-001  3.7435728660943823e-001  3.7435728660943823e-001  3.7435728660943823e-001
  4.3037897899722793e+001  1.4731232932968396e+001  2.0095242288468853e+000  1.0949262050692141e+000  1.0454458096387498e+000  1.0097908424961588e+000  1.0097908424961588e+000  1.0097908424961588e+000  1.0097908424961588e+000  1.0097908424961588e+000  1.0097908424961588e+000  1.0097908424961588e+000  1.0097908424961588e+000  1.0097908424961588e+000
  8.5530419251285366e+001  1.3148214037408479e+001  1.0610709574712018e+000  9.4635159717813622e-001  9.1892957837217182e-001  8.9147779749305300e-001  8.9147779749305300e-001  8.9147779749305300e-001  8.9147779749305300e-001  8.9147779749305300e-001  8.9147779749305300e-001  8.9147779749305300e-001  8.9147779749305300e-001  8.9147779749305300e-001
  3.8623738495161660e+001  7.1941107876639308e+000  5.5018818788335011e-001  3.3112597090257623e-001  3.0901483885531889e-001  3.0901483885531889e-001  3.0901483885531889e-001  3.0901483885531889e-001  3.0901483885531889e-001  3.0901483885531889e-001  3.0901483885531889e-001  3.0901483885531889e-001  3.0901483885531889e-001  3.0901483885531889e-001
  7.5997475417727856e+001  1.7779001237707689e+001  1.6122478493987273e+000  3.7888587824545539e-001  3.7148471618002077e-001  3.4974683384621130e-001  3.4974683384621130e-001  3.4974683384621130e-001  3.4974683384621130e-001  3.4974683384621130e-001  3.4974683384621130e-001  3.4974683384621130e-001  3.4974683384621130e-001  3.4974683384621130e-001
  4.4161439355407765e+001  8.8068911066056899e+000  9.8992616265059041e-001  9.5569952071946318e-001  8.8971607036000933e-001  8.4379751216374643e-001  8.4379751216374643e-001  8.4379751216374643e-001  8.4379751216374643e-001  8.4379751216374643e-001  8.4379751216374643e-001  8.4379751216374643e-001  8.4379751216374643e-001  8.4379751216374643e-001
  4.0621730588678929e+001  4.5605005374482062e+000  4.2704804095615145e-001  3.1214486295266397e-001  2.8200053017076243e-001  2.8200053017076243e-001  2.8200053017076243e-001  2.8200053017076243e-001  2.8200053017076243e-001  2.8200053017076243e-001  2.8200053017076243e-001  2.8200053017076243e-001  2.8200053017076243e-001  2.8200053017076243e-001
  4.0497431367028867e+001  7.8400146916528684e+000  4.9976439566535191e-001  4.1299902729588212e-001  4.0321411696049836e-001  3.9332029290426362e-001  3.9332029290426362e-001  3.9332029290426362e-001  3.9332029290426362e-001  3.9332029290426362e-001  3.9332029290426362e-001  3.9332029290426362e-001  3.9332029290426362e-001  3.9332029290426362e-001
  4.4815785159928282e+001  9.9410627369968552e+000  1.0854163047035854e+000  8.8470680477303176e-001  8.8037254843425217e-001  8.7992776045939536e-001  8.7992776045939536e-001  8.7992776045939536e-001  8.7992776045939536e-001  8.7992776045939536e-001  8.7992776045939536e-001  8.7992776045939536e-001  8.7992776045939536e-001  8.7992776045939536e-001
  7.7007558251926866e+001  1.6620435381122888e+001  3.3604768851046174e-001  3.2199837807570475e-001  2.8981146095156873e-001  2.7707270341875301e-001  2.7707270341875301e-001  2.7707270341875301e-001  2.7707270341875301e-001  2.7707270341875301e-001  2.7707270341875301e-001  2.7707270341875301e-001  2.7707270341875301e-001  2.7707270341875301e-001
  5.1792407903997173e+001  1.2998067698599925e+001  9.5672026381339492e-001  3.7127127794497028e-001  3.7127127794497028e-001  3.6622219538071477e-001  3.6622219538071477e-001  3.6622219538071477e-001  3.6622219538071477e-001  3.6622219538071477e-001  3.6622219538071477e-001  3.6622219538071477e-001  3.6622219538071477e-001  3.6622219538071477e-001
  4.9882820188092865e+001  8.1889686225265450e+000  5.2071257409534155e-001  4.0052919977324564e-001  3.9592921551388827e-001  3.8841079435701431e-001  3.8841079435701431e-001  3.8841079435701431e-001  3.8841079435701431e-001  3.8841079435701431e-001  3.8841079435701431e-001  3.8841079435701431e-001  3.8841079435701431e-001  3.8841079435701431e-001
  4.2244970779741607e+001  6.8670755055291011e-001  4.1586869653406211e-001  3.5839311770473614e-001  3.3077076931908778e-001  3.1980190009676335e-001  3.1980190009676335e-001  3.1980190009676335e-001  3.1980190009676335e-001  3.1980190009676335e-001  3.1980190009676335e-001  3.1980190009676335e-001  3.1980190009676335e-001  3.1980190009676335e-001
  5.3135915146981915e+001  9.7160742866028613e+000  5.1659638461774193e-001  4.1088830396347475e-001  3.4870850036031698e-001  3.4870850036031698e-001  3.4870850036031698e-001  3.4870850036031698e-001  3.4870850036031698e-001  3.4870850036031698e-001  3.4870850036031698e-001  3.4870850036031698e-001  3.4870850036031698e-001  3.4870850036031698e-001
  5.8257671374106849e+001  9.6675286726008380e+000  3.3893258083624005e+000  7.1016145038356626e-001  6.9834748740754549e-001  6.9834748740754549e-001  6.9834748740754549e-001  6.9834748740754549e-001  6.9778726505160193e-001  6.9778726505160193e-001  6.9778726505160193e-001  6.9778726505160193e-001  6.9778726505160193e-001  6.9778726505160193e-001
  4.4550698088870831e+001  1.3016350468503788e+000  4.0820653759442393e-001  3.7793877446119950e-001  3.7793877446119950e-001  3.7793877446119950e-001  3.7793877446119950e-001  3.7793877446119950e-001  3.7793877446119950e-001  3.7793877446119950e-001  3.7793877446119950e-001  3.7793877446119950e-001  3.7793877446119950e-001  3.7793877446119950e-001
  5.1905620919827470e+001  1.3083265482454408e+001  3.9889191507131727e-001  3.9889191507131727e-001  3.9465421832687753e-001  3.8992536494788510e-001  3.8992536494788510e-001  3.8992536494788510e-001  3.8992536494788510e-001  3.8992536494788510e-001  3.8992536494788510e-001  3.8992536494788510e-001  3.8992536494788510e-001  3.8992536494788510e-001
  2.3207711480082935e+001  6.3033297035576652e-001  3.6901222567303194e-001  3.5060397766710594e-001  3.5060397766710594e-001  3.4790378019715718e-001  3.4790378019715718e-001  3.4790378019715718e-001  3.4790378019715718e-001  3.4790378019715718e-001  3.4790378019715718e-001  3.4790378019715718e-001  3.4790378019715718e-001  3.4790378019715718e-001
  5.6351311965536979e+001  1.5883304035973424e+001  4.5633261583020612e-001  3.0766185085440156e-001  3.0766185085440156e-001  2.9093369398742652e-001  2.9093369398742652e-001  2.9093369398742652e-001  2.9093369398742652e-001  2.9093369398742652e-001  2.9093369398742652e-001  2.9093369398742652e-001  2.9093369398742652e-001  2.9093369398742652e-001
  4.9002293349247566e+001  1.0219989706516117e+001  3.3679500328798895e-001  3.2758553701523851e-001  3.2380059990782684e-001  3.0579748867285161e-001  3.0579748867285161e-001  3.0579748867285161e-001  3.0579748867285161e-001  3.0579748867285161e-001  3.0579748867285161e-001  3.0579748867285161e-001  3.0579748867285161e-001  3.0579748867285161e-001
  2.7797008792986844e+001  5.7895387941432546e+000  4.4286675922899121e-001  3.7248480959533481e-001  3.6702973540513995e-001  3.6522468447424217e-001  3.6471701233654130e-001  3.6471701233654130e-001  3.6471701233654130e-001  3.6471701233654130e-001  3.6471701233654130e-001  3.6471701233654130e-001  3.6471701233654130e-001  3.6471701233654130e-001
  5.9542308617097888e+001  8.9731103838767012e+000  3.6191942651066711e-001  3.1968733609164701e-001  3.0544435803517445e-001  2.9604477800171480e-001  2.9604477800171480e-001  2.9604477800171480e-001  2.9604477800171480e-001  2.9604477800171480e-001  2.9604477800171480e-001  2.9604477800171480e-001  2.9604477800171480e-001  2.9604477800171480e-001
  3.9097079087435532e+001  7.2183763025830103e+000  6.6358473291916198e-001  4.1634592350123967e-001  3.7349546689415547e-001  3.6258050136780184e-001  3.5915072816692373e-001  3.5915072816692373e-001  3.5915072816692373e-001  3.5915072816692373e-001  3.5915072816692373e-001  3.5915072816692373e-001  3.5915072816692373e-001  3.5915072816692373e-001
  3.5259182506650859e+001  1.8789898598549826e+000  3.0986194527940825e-001  3.0986194527940825e-001  3.0883532813504644e-001  3.0883532813504644e-001  3.0845651882646052e-001  3.0764008263417963e-001  3.0764008263417963e-001  3.0764008263417963e-001  3.0764008263417963e-001  3.0764008263417963e-001  3.0764008263417963e-001  3.0764008263417963e-001
  3.2400752174863328e+001  1.1035521605018403e+001  4.0533722437703545e-001  3.7227221758416817e-001  3.6742980328790509e-001  3.5932030078652133e-001  3.5932030078652133e-001  3.5932030078652133e-001  3.5932030078652133e-001  3.5932030078652133e-001  3.5932030078652133e-001  3.5932030078652133e-001  3.5932030078652133e-001  3.5932030078652133e-001
  4.1339121390608625e+001  7.8120440671989400e+000  7.8036989269958212e-001  7.6091371862912638e-001  7.6091371862912638e-001  7.4916110360754828e-001  7.4916110360754828e-001  7.4916110360754828e-001  7.4916110360754828e-001  7.4916110360754828e-001  7.4916110360754828e-001  7.4916110360754828e-001  7.4916110360754828e-001  7.4916110360754828e-001
  3.5434403901287396e+001  1.9486824604575759e+000  2.5154017784325333e-001  2.5154017784325333e-001  2.4546307794116728e-001  2.4482192340883557e-001  2.4482192340883557e-001  2.4482192340883557e-001  2.4482192340883557e-001  2.4482192340883557e-001  2.4482192340883557e-001  2.4482192340883557e-001  2.4482192340883557e-001  2.4482192340883557e-001
  2.8539462669139084e+001  1.5084224918064137e+000  4.4070943450924460e-001  3.3100761380160293e-001  2.9987589665142877e-001  2.9253805312123404e-001  2.9253805312123404e-001  2.9253805312123404e-001  2.9253805312123404e-001  2.9253805312123404e-001  2.9253805312123404e-001  2.9253805312123404e-001  2.9253805312123404e-001  2.9253805312123404e-001
  5.2533043922473553e+001  8.6484253988851378e+000  9.3450185834308286e-001  8.7877618461607199e-001  8.7877618461607199e-001  8.6101334174236399e-001  8.6101334174236399e-001  8.6101334174236399e-001  8.6101334174236399e-001  8.6101334174236399e-001  8.6101334174236399e-001  8.6101334174236399e-001  8.6101334174236399e-001  8.6101334174236399e-001
  5.8853756179838456e+001  1.1090214324769477e+001  7.6000497633481245e-001  3.5595787115062194e-001  3.3787709701323365e-001  3.1977900176298135e-001  3.1744463950735735e-001  3.1744463950735735e-001  3.1744463950735735e-001  3.1744463950735735e-001  3.1744463950735735e-001  3.1744463950735735e-001  3.1744463950735735e-001  3.1744463950735735e-001
  3.6897772216267640e+001  3.5075205096197806e+000  4.4074781423660170e-001  3.9636158241410158e-001  3.7346429106651158e-001  3.7346429106651158e-001  3.7346429106651158e-001  3.7346429106651158e-001  3.7346429106651158e-001  3.7346429106651158e-001  3.7346429106651158e-001  3.7346429106651158e-001  3.7346429106651158e-001  3.7346429106651158e-001
