  6.0513609395192184e+010  1.9877204496739033e+010  6.8636934490872765e+009  2.1852451544617038e+009  9.3776096928024605e+007  9.1521103852514701e+005  3.5673578454295755e+004  3.8935381812312153e+002  5.4991584930222871e+001  6.0351756300326542e-001  4.6938013986385840e-001  4.6920862655497331e-001  4.6841909154352379e-001  4.6841909154352379e-001
  5.5576647117176132e+010  1.9510376596114697e+010  8.9512887412025242e+009  2.0889950106969025e+009  1.1073196139899667e+008  9.6825013711413369e+005  6.6698362142967371e+003  3.4741788626099009e+001  3.5971182828646420e-001  2.4454178292322126e-001  2.4401094385947886e-001  5.5443178431545448e-002  1.2741935663598269e-003  1.2741935663598269e-003
  7.6524935453293533e+010  2.7604951307982704e+010  1.1847025809195204e+010  3.6670775065675764e+009  7.1461595905374098e+008  2.6396068470910883e+008  5.6015717903194352e+004  1.5782293656180439e+003  1.4145761583585775e+003  1.4139703545670181e+003  1.4135173351704573e+003  3.6467365838475484e+002  7.3451939501280208e+000  7.3451939501280208e+000
  6.4124897413443993e+010  2.2063433129907887e+010  8.0288637198406343e+009  1.8595993347554348e+009  9.3270741986918792e+007  4.4681546891365908e+006  3.9534594719083681e+004  6.5458310339071147e+002  1.3613297611409206e+002  8.7857979658929821e+001  8.6935622354165275e+001  8.6867126510099865e+001  1.4104630100319241e+001  1.4104630100319241e+001
  6.6906354728402901e+010  2.6381859199389130e+010  1.0135528473973658e+010  3.4134006876391835e+009  2.7420438923160827e+008  1.0808157260580473e+006  4.2456003241931045e+004  1.0849792199758178e+002  1.8134120531827904e+001  1.7730516470066163e+001  1.7640855152386763e+001  1.7637454164636324e+001  1.7148165580884324e+001  1.7148165580884324e+001
  6.7109191534303238e+010  2.2232155653774422e+010  7.3149946291009417e+009  1.4615472354621389e+009  2.2688927822625905e+008  1.6972683772495526e+006  2.3738809082346132e+004  1.6119709494541817e+003  2.9014009923125707e+002  2.8796187107753957e+002  2.8786466029600348e+002  5.3987012932224047e+001  2.0597611403740359e+000  2.0597611403740359e+000
  5.6247438958459778e+010  1.7445721034117085e+010  6.2445552242817869e+009  9.8408432132973278e+008  5.5448199467916891e+007  3.7062032080606045e+005  4.2506102578800837e+003  8.5119571502740587e+002  4.0650048358333106e+002  4.0314515233475868e+002  4.0277737987511273e+002  2.0254690071247296e+001  2.1462637289556596e-001  2.1462637289556596e-001
  5.0421577308756119e+010  1.8997198487228462e+010  1.1264336887476608e+010  4.6158469829626818e+009  8.6267967745045853e+008  2.0351112317563784e+006  6.9184561136190809e+004  2.6482541807633472e+004  2.3688735688375695e+004  2.2262354684438647e+004  2.1777054764853081e+004  2.1508243333075626e+002  7.2186781482969309e+000  7.2186781482969309e+000
  5.4173153353832870e+010  2.2701225773952015e+010  1.1135372058038050e+010  3.5519843235704808e+009  3.0991968772094715e+008  6.3526053312552860e+006  2.9133700900077878e+005  4.5560288921099491e+003  1.3389405122059279e+003  1.2561798653778444e+003  1.2553994762088278e+003  5.3787462850689133e+002  1.5191002223788246e+001  1.5191002223788246e+001
  4.8518273336194893e+010  1.5628717590044683e+010  6.7533825526801023e+009  1.4919034941669872e+009  1.4384542081862310e+008  1.9476042091400161e+007  5.3677780040869780e+004  2.6672044746904343e+004  2.6136237553188181e+004  2.6134935789213974e+004  2.6134834645794010e+004  2.6134833029220848e+004  2.5573313392201813e+004  2.5573313392201813e+004
  4.9601909949949188e+010  1.8800109488315620e+010  7.9907927125613937e+009  4.1356374030215921e+009  4.1325065817433244e+008  3.1434923380711614e+006  5.4914553627422329e+003  1.4469946529321601e+003  1.4146896926443660e+003  1.4145436423913809e+003  1.4145222505878016e+003  8.5067573901202059e+002  1.3491222237841328e+001  1.3491222237841328e+001
  5.8402156043113510e+010  2.3231631152113190e+010  1.0855394900960043e+010  1.5019272317377841e+009  1.2721760645083925e+008  1.8729916971712970e+005  3.2424812892578670e+003  1.4226795635064871e+003  1.3429409713952132e+003  1.3425771687887798e+003  1.0784906602512174e+003  6.2865625249778759e+001  6.5640250970944294e+000  6.5640250970944294e+000
  5.2978713881274788e+010  1.8306873880512058e+010  6.2691974800352802e+009  1.0356929329262484e+009  9.0812867262775272e+007  5.1140622835170740e+005  1.2541128638784920e+004  2.6570918075626896e+003  1.4163437926241961e+003  1.4145989827997946e+003  1.3965092503208484e+003  1.6486277945065046e+002  3.0753969195706077e+000  3.0753969195706077e+000
  4.9820810972161392e+010  2.1477272114265930e+010  1.0154161665931767e+010  2.8021788411619430e+009  1.2257814578239761e+008  1.9884975923849747e+006  5.7689379372325289e+004  1.3408159059001287e+003  3.7174544492949963e+002  2.9046285786502636e+002  2.9041863475737568e+002  8.2610465351890525e+001  1.5021551085325200e+000  1.5021551085325200e+000
  4.5807392263085869e+010  1.8693884932368584e+010  8.2072220542097578e+009  2.3911372977917595e+009  3.9269612698442958e+007  1.0507770875528555e+006  5.5637942575416106e+004  4.5712485710112880e+004  2.2978489284183492e+004  2.2348131081695392e+004  2.2334029908848443e+004  2.2311720009961227e+004  4.5042569585365818e+003  4.5042569585365818e+003
  6.0399073392142509e+010  2.0991047125588207e+010  9.0582207684620514e+009  3.4354511090110068e+009  1.2121074044871669e+008  7.8633610172851582e+005  2.6611983619057642e+004  1.4306724392973241e+004  1.3783588392594516e+004  1.3779010438369971e+004  1.3774475272905216e+004  4.8790323595611098e+003  1.0443905498231999e+002  1.0443905498231999e+002
  4.6095863775346786e+010  1.4157754076673111e+010  6.2285375521496010e+009  1.9827685539263148e+009  1.4073988951370341e+008  1.2193302422070589e+006  3.8647472214999166e+005  3.9953977311710005e+003  2.8674148330295338e+001  1.9074802957667885e+001  1.9006595545659934e+001  1.8786416816744634e+001  1.2631199318211088e+000  1.2631199318211088e+000
  7.5031771391067108e+010  2.2342286500011192e+010  8.0864007520392246e+009  1.4956071014554095e+009  5.3211387833777711e+007  5.1320550818316797e+006  8.4442782392729423e+004  3.4140602773864857e+003  3.9427325787813686e+001  3.5028093408424184e+000  3.1072429714370742e+000  3.0991067090815250e+000  3.0975132204914644e+000  3.0975132204914644e+000
  7.3408837640779190e+010  2.3115121232010033e+010  1.1611361451954334e+010  4.2006427268486557e+009  2.7243967029445285e+008  2.2514773809882263e+006  1.2402147339121641e+006  2.9941229463959177e+005  5.6740154524790836e+004  4.9917061206837061e+003  3.0638967407480482e+003  3.0139252425012000e+003  3.0129636927394999e+003  3.0129636927394999e+003
  3.8041098583250122e+010  1.2838711070513384e+010  7.6529731685632000e+009  2.7144844213906164e+009  7.2625153836417496e+008  1.6830192383460756e+006  1.2501585334356156e+004  8.2308996379399578e+003  7.4055102632377957e+003  7.4040129765705842e+003  1.7794581190567071e+003  3.3502258159976975e+001  5.0232279758421612e+000  5.0232279758421612e+000
  5.3346891869517876e+010  1.4960893812074244e+010  6.4102127960850639e+009  1.4333241955461528e+009  9.0836992088595659e+007  1.1633994406333545e+006  1.1525927127480261e+004  9.4428553011468612e+003  9.3962248780154259e+003  8.6879867240317799e+003  1.2938541522547007e+002  1.9767111364563391e+001  9.7513823894917095e-001  9.7513823894917095e-001
  8.0548343575584839e+010  3.0200632576217472e+010  1.3236412703464859e+010  2.7068372418034301e+009  9.4683936437962756e+007  9.0830436907230131e+005  1.1955031632849114e+005  1.4968155043342199e+003  1.3465826922496860e+003  1.3439816169086303e+003  1.0739261318608774e+003  9.3894263657459476e+000  3.5184688850554835e-001  3.5184688850554835e-001
  4.5342437460620041e+010  1.5873074004398211e+010  4.6902555241739855e+009  2.0703122023859019e+009  1.7073561400218290e+008  2.3812399666939255e+007  6.4357246546809049e+005  2.0423910177214450e+005  3.0483957530285051e+002  2.5896522788995179e+002  2.5799805941174861e+002  8.1131940068140921e+001  4.9197198909118356e-001  4.9197198909118356e-001
  6.5871204535021278e+010  2.0163728137582958e+010  7.9962675490318251e+009  1.6961029036012981e+009  7.5989726337900460e+007  1.1258419288456333e+006  5.5882779682860663e+005  3.8788074604664639e+003  1.7762649188238374e+003  1.4147465000446678e+003  1.4144715410446470e+003  1.4143762818246792e+003  1.0739805757762508e+003  1.0739805757762508e+003
  6.3677294916910759e+010  2.8359979223950581e+010  1.5375081244125713e+010  3.1414284895400071e+009  3.0855324484379560e+008  1.9550474954955028e+006  2.8601167905617522e+003  2.1803021224978379e+003  2.1514790370999863e+003  2.1469369272888412e+003  1.7509665837082559e+002  3.8731408329103374e+000  9.9700521058574054e-001  9.9700521058574054e-001
  6.8648895054180878e+010  2.2106413530503986e+010  1.0993347812472273e+010  2.4919021449968681e+009  1.1383501368790320e+008  8.6440645990629925e+005  1.4396972129938613e+004  9.4707260979015496e+002  9.2144789629108573e+002  9.2118083821069672e+002  7.0096037448336210e+002  4.5540751066384075e+000  1.4354443834790231e-001  1.4354443834790231e-001
  4.1062229887760376e+010  1.4373929577013069e+010  8.0781422799267464e+009  3.1002800913703227e+009  1.8848831451330996e+008  2.4748066771870341e+007  7.1569432158629270e+005  3.8046123974721799e+004  2.5668247379255514e+004  2.5531021067830712e+004  2.5530144917406560e+004  2.5525762194916828e+004  7.0754698960612905e+003  7.0754698960612905e+003
  4.7997431193383247e+010  1.2769749459089025e+010  6.1799594932589130e+009  2.6820582909226818e+009  4.8664059811282086e+008  4.2299848706274750e+006  2.3659371284216224e+004  7.3120120348867329e+002  6.8969998023701714e+002  6.8940152267543942e+002  3.7643526780192883e+002  1.4451607485845472e+001  1.2785030171625351e+000  1.2785030171625351e+000
  6.1833094438376595e+010  2.1922110807307377e+010  9.2862852608136520e+009  3.0248559265216918e+009  6.1797031814193857e+008  5.1160223829758848e+005  1.7762957054415947e+004  1.5059172905610105e+004  1.4974105189967717e+004  1.4966645536545557e+004  1.4965759245539401e+004  1.4963359115381687e+004  7.9824230044472433e+003  7.9824230044472433e+003
  6.6143622681799095e+010  2.7253245506595970e+010  1.2511275177784290e+010  5.6760446258054323e+009  3.2461277008363829e+009  2.4911059375695016e+007  7.3879118537328602e+005  1.0228313502435940e+004  3.4390233716704256e+002  1.2716219131473952e+002  1.2684879683738291e+002  1.1698280137048727e+002  6.2601046715347195e+000  6.2601046715347195e+000
  5.4681338036034004e+010  1.9013051842574146e+010  9.3925783304586239e+009  2.7382832354852819e+009  2.1832918268030477e+008  1.2573201365640299e+007  2.0520920564496014e+005  2.7514175364514696e+004  2.3761479356822078e+004  2.2696738528247999e+004  2.2682526336466904e+004  3.8942896777401520e+003  1.2984953914340883e+002  1.2984953914340883e+002
  5.6422114440758118e+010  1.8122921270362534e+010  8.3606691056105509e+009  3.4631374308083010e+009  2.3258179425106463e+008  3.9374852367584524e+005  2.1806097555242497e+004  1.9881430914520002e+004  1.8345731226651020e+004  1.1884867568075160e+003  1.8257123601785008e+002  9.3818298683287935e+000  1.6219602119539900e-001  1.6219602119539900e-001
  6.2678515299137642e+010  1.6751797506342133e+010  7.7332542913389950e+009  3.2089123967884884e+009  2.3175324243180138e+008  1.8824551633294451e+005  6.8662918700979199e+003  5.7751945449650539e+003  5.7516849534482371e+003  5.7086348172045800e+003  1.6645826429588271e+002  4.4635511416005869e+001  3.9869739678861208e+001  3.9869739678861208e+001
  6.8592157709543709e+010  1.7469018785415173e+010  7.5401805058614140e+009  1.6965469686650939e+009  2.0472314561694708e+008  9.0578606800734927e+005  1.9887230084675135e+004  1.6550422915824529e+004  1.6456782547642044e+004  1.6454050454750759e+004  9.1307416006089734e+003  4.5310343313312501e+002  1.7719258701964401e+002  1.7719258701964401e+002
  4.9803409430777649e+010  1.6755871350396421e+010  7.7725269417101698e+009  2.9488482164239182e+009  2.9075391008684695e+008  4.6100857163898675e+006  6.7202781598027027e+005  2.5353087414327161e+004  8.8707054765364755e+003  8.8281149141028491e+003  8.8189151300788762e+003  7.5248684350156400e+003  2.2322123570977368e+002  2.2322123570977368e+002
  3.7548022981808632e+010  1.6426728171805670e+010  8.0595430719414501e+009  1.4159715846036241e+009  1.0684115370048763e+008  2.4740571430864886e+005  8.7730103398564133e+003  2.2056984026073833e+003  2.1112976552792525e+003  2.1109034455111373e+003  2.0799067261748205e+003  9.1618718613420242e+001  2.3627010676022451e+000  2.3627010676022451e+000
  7.3699906250919708e+010  1.9647519740038754e+010  8.9019324140066109e+009  3.2930617226294923e+009  1.4996691266053805e+008  5.2557801305457752e+005  1.0220735316373572e+004  7.8777434257678624e+003  7.8611870326388862e+003  7.8469186264602740e+003  7.8211823311681728e+003  7.9886466870599702e+002  7.0705334186407299e+001  7.0705334186407299e+001
  6.4959636869825867e+010  2.2685833257161793e+010  1.0951578181050991e+010  3.9419873202223134e+009  2.4500321739507565e+008  4.3014521202362990e+006  1.1273847684612892e+005  2.6587113410816364e+004  2.6180812986292738e+004  2.6178169990106053e+004  2.5733454344095033e+004  5.2511177517976705e+002  3.7679753613321964e+001  3.7679753613321964e+001
  6.3971398687005859e+010  2.1820918113421230e+010  1.2177961944676514e+010  5.5003136950273495e+009  8.6371237427087319e+008  2.3647669061741510e+008  1.9585967960341435e+007  6.2207756490451284e+004  2.6614791787771650e+004  2.6182226027801818e+004  2.6121017077222714e+004  1.2757394600803113e+003  3.8567223940375425e+002  3.8567223940375425e+002
  5.0210096529282059e+010  1.7664861189841885e+010  9.4554027026478977e+009  1.8085826161506972e+009  1.8085721481891701e+008  1.7741066932065575e+006  3.4816273721012214e+004  5.6109349193032458e+003  4.1587364770030727e+003  4.1499997716645703e+003  4.1494875884351422e+003  1.3999645404019998e+003  1.9121015219714877e+001  1.9121015219714877e+001
  5.8924781941385880e+010  1.7155700513876581e+010  5.7598334762449093e+009  1.4152681714529815e+009  2.3011444106845102e+008  1.0387184032671342e+007  1.4276309255280872e+005  8.6718594776307164e+003  5.0183665881619536e+003  3.9303847652997429e+003  3.5587620408307794e+003  3.5564200238122908e+003  3.5560172607123936e+003  3.5560172607123936e+003
  5.4399592200364693e+010  1.4482580729361948e+010  5.7570062710479956e+009  1.7197812426785057e+009  9.6123462404253975e+007  4.9167101593113244e+006  3.3435017919991195e+004  2.9723957244342218e+003  1.6106320318151421e+002  1.2399449135421520e+002  1.2346579136634978e+002  1.2344688276572987e+002  1.0457191890936394e+002  1.0457191890936394e+002
  6.6621940771237045e+010  2.1112477819188755e+010  7.3533093137310247e+009  2.0218525605048323e+009  1.5132224237425375e+008  1.9493243925269525e+006  1.9603940700968262e+004  1.4769960130465543e+003  1.4151855141383658e+003  1.4146407108972512e+003  1.4100711119277660e+003  1.3502418237054496e+002  9.8998918580458337e+000  9.8998918580458337e+000
  5.8687717670103729e+010  2.4871014417167995e+010  1.0702126935911713e+010  2.3182838679397755e+009  2.3675377298504663e+008  5.3888692201696247e+007  4.5793012064695657e+004  8.8011140598625570e+003  6.4297291931644918e+002  6.1664919230766077e+002  6.1646419994181349e+002  6.1637632140788605e+002  1.9360031357152474e+002  1.9360031357152474e+002
  4.6304230902687828e+010  1.6808651242461615e+010  1.0426886864548798e+010  3.3321216944589763e+009  6.6460233414946578e+007  6.2776296128208898e+006  1.8797682882662764e+004  1.0532392091682445e+004  1.0302793297033259e+004  1.0301122815581821e+004  8.0078056177167873e+003  1.3739213170237690e+002  3.4718546218776652e+001  3.4718546218776652e+001
  5.2901061145328171e+010  2.2151429489136993e+010  8.6818110820051670e+009  2.5984577985700307e+009  9.9979553149096027e+007  1.0052991915970691e+007  3.3412198654046748e+005  3.6622815096225517e+004  1.3318301934122959e+004  1.1685670409353830e+004  1.1679064185872050e+004  1.1589674702965443e+004  4.0377039560778201e+002  4.0377039560778201e+002
  5.8062643469691322e+010  1.7063584467475891e+010  7.5093035016871147e+009  1.5468122087854347e+009  1.0485803455923545e+008  1.0802161846422490e+006  1.2624518657428222e+004  1.3594405948800265e+003  1.2629524554509546e+003  1.2616100118339145e+003  4.7522045172861397e+001  1.5480514935702843e+000  9.6964211399694022e-002  9.6964211399694022e-002
  5.1509737591867104e+010  1.9882525610714840e+010  7.1656780986149931e+009  1.5897865268093452e+009  4.1404573989391036e+007  3.1119221169165015e+005  1.5549874924850408e+003  1.3195081672092422e+003  1.3131084558226742e+003  1.3128079267125172e+003  1.3118819089895844e+003  7.2674015595591300e+001  1.6736164605311217e+000  1.6736164605311217e+000
  5.1381024414253342e+010  2.0953564745052029e+010  7.8035495256039705e+009  2.3454954141135349e+009  1.6128253286059043e+008  1.7658902768970402e+006  3.2783827214829536e+004  2.6158156109486605e+004  2.6130460611280931e+004  2.5297995964016405e+004  1.0948143985039057e+003  8.3681165578690923e+001  1.4807729817416430e+001  1.4807729817416430e+001
  5.9724113000059227e+010  2.0647038195065876e+010  8.6562195529990139e+009  1.7813132956855969e+009  4.9843875992250808e+007  1.8549629701571848e+005  8.2972029590646507e+003  7.9624428260980121e+003  7.8414267541936424e+003  7.7703369437033334e+003  6.1742594173138923e+002  1.0149262133671385e+001  3.0155962524065103e+000  3.0155962524065103e+000
  5.8408017678186081e+010  2.1546472445841316e+010  1.0835054999247118e+010  2.5472687553697529e+009  4.7270190079948610e+008  1.5226445470314786e+008  9.3045687140902923e+005  2.3520342350068946e+004  2.1579840795595181e+004  1.6516561256921224e+004  1.6493699056152582e+004  3.5874707686053307e+003  2.6272203347807994e+002  2.6272203347807994e+002
