  1.8117361745843192e+005  1.0746350890468615e+005  6.9994393001098229e+004  3.0123117849925449e+004  1.8183319640131635e+004  1.0479891202493245e+004  5.8524000484330054e+003  1.7396126072539914e+003  1.5202086217278134e+003  1.4121598107057396e+003  6.7129216837517379e+002  5.2064922759195099e+002  4.2512939364096474e+002  4.2512939364096474e+002
  1.9370080662387377e+005  1.1820540676935457e+005  8.3742616393844219e+004  3.6038810399979695e+004  1.8547333142982348e+004  1.4395668229799910e+004  1.0258029146792554e+004  5.5190191624725730e+003  3.8753754718404043e+003  3.7551828495957188e+003  2.8027027559398161e+003  2.3090978689542626e+003  2.2216255371290199e+003  2.2216255371290199e+003
  1.9380748498684922e+005  1.2040729463977364e+005  5.8226922372736415e+004  2.1207786579232994e+004  9.7840996582044736e+003  2.9331746514304346e+003  1.7448478212969967e+003  1.5083915269975062e+003  1.3200065423256613e+003  9.5017492312543482e+002  8.8954153078761738e+002  6.0796174474202257e+002  4.7556851792079226e+002  4.7556851792079226e+002
  2.2251252125583024e+005  1.4174761760153272e+005  7.7851875215821914e+004  3.1922277878978377e+004  2.0065943838644798e+004  7.6015653072538207e+003  2.8870674702865031e+003  1.3407806924683343e+003  4.6519676354580110e+002  1.9145870623821145e+002  1.6025922607674840e+002  1.2588047326422759e+002  1.1078606698943111e+002  1.1078606698943111e+002
  2.0962153002090807e+005  1.1743664984008453e+005  5.7758830883037343e+004  2.4684952772845583e+004  1.1551111590263348e+004  4.7482977713881910e+003  2.7042638958637131e+003  7.7431757555162403e+002  5.7933882789016570e+002  5.2931206651193520e+002  4.3334060535317894e+002  3.3310408877547934e+002  2.0093077585882395e+002  2.0093077585882395e+002
  2.2119097493563447e+005  1.2312055950222487e+005  5.5990621165838777e+004  2.2814768931203715e+004  6.6821642400046649e+003  4.8326663331588543e+003  2.5663690009729698e+003  2.5161008857656934e+003  7.1443922632969532e+002  6.1200565047558166e+002  1.5573415463306679e+002  1.4400557733784194e+002  1.0210377416889213e+002  1.0210377416889213e+002
  2.3494431192888328e+005  1.1118599681043932e+005  6.1868332396242411e+004  3.4868087345933469e+004  1.8034177350983126e+004  1.6569286498357887e+004  1.3249963125015815e+004  7.1413538081948054e+003  6.9203223816318023e+003  5.1599198884659181e+003  2.6366203601979419e+003  1.1267902968969202e+003  2.8597909110559408e+002  2.8597909110559408e+002
  2.0286944349920770e+005  1.1100150597551434e+005  5.6839589920030987e+004  2.5025410985353334e+004  1.1209216606699272e+004  7.0750618651510285e+003  5.8194534851424642e+003  4.1101098309176441e+003  3.6155284066619820e+003  2.0495318019129500e+003  1.0692990415058625e+003  5.1701147841363775e+002  1.3691667102659636e+002  1.3691667102659636e+002
  2.3707106768142033e+005  1.3397104685177581e+005  6.8569016745278379e+004  3.0105196099145676e+004  1.9237496708837170e+004  7.1608217741057324e+003  2.7953858452858481e+003  1.3150516866761770e+003  1.1464795132696320e+003  6.7816690587082269e+002  4.9722501540464418e+002  2.3174380358786220e+002  2.1057382176387591e+002  2.1057382176387591e+002
  1.6268734661993809e+005  9.7020154477156218e+004  5.6609378756095255e+004  2.6679535266019910e+004  1.7117493464191193e+004  1.0258679425103082e+004  8.5726932912487264e+003  7.0430281344926752e+003  6.6018690696834665e+003  6.2868578431411379e+003  4.6241745072415506e+003  3.6547708749069993e+003  2.8512731920982364e+003  2.8512731920982364e+003
  2.0030487720917654e+005  9.8248505264096530e+004  4.7170958521203313e+004  1.8351164038677747e+004  1.0516576779993620e+004  6.2090192480862252e+003  3.9907054281083529e+003  3.0062991547643760e+003  2.8381625301747476e+003  2.5627740678966106e+003  1.3242742190454605e+003  1.2339199536946580e+003  5.1242386639603683e+002  5.1242386639603683e+002
  1.5564032691331563e+005  1.1602416479763450e+005  5.2318991132696588e+004  1.7737375143262117e+004  1.0277981325365998e+004  7.5922445496484524e+003  6.0417906378085863e+003  5.1403880917742545e+003  4.6054130961177179e+003  1.4405979445073692e+003  9.9978347162973114e+002  4.6751941045556703e+002  1.8936826666184743e+002  1.8936826666184743e+002
  2.1292043317679741e+005  1.0661168984077057e+005  5.3648955797472008e+004  2.8060601610611688e+004  1.4461237825668071e+004  7.8692013162776029e+003  2.9726587101900377e+003  1.6587596665384006e+003  1.4224484004289277e+003  9.0244384633966547e+002  7.6813587517318319e+002  4.6619710149734533e+002  2.7736503646613096e+002  2.7736503646613096e+002
  1.9928731152592704e+005  1.1065270249464909e+005  6.7886631439330551e+004  3.8901900933489880e+004  2.7888784211861639e+004  1.0855454583010816e+004  4.3603148829239672e+003  1.0394388171031144e+003  4.4596558055326034e+002  4.4744806989210247e+001  2.0438630617788135e+001  1.9765089803295666e+001  1.5435294870798998e+001  1.5435294870798998e+001
  1.5812938653994678e+005  7.5442292935078876e+004  4.3074074985829160e+004  1.6800309682294406e+004  6.0689724747613327e+003  3.0450982345923494e+003  1.6367719289007978e+003  1.3966508754239082e+003  3.4182236603006902e+002  1.6210463930176252e+002  1.4916494970080930e+002  6.8984649108815120e+001  4.4801263562094391e+001  4.4801263562094391e+001
  1.6074840123737836e+005  8.2418345268624122e+004  4.0957652216924660e+004  1.5269185284303541e+004  1.0663480919707670e+004  8.0589987620809825e+003  5.3772490255749753e+003  3.2963349775012384e+003  1.5649577013039411e+003  1.0899281981836580e+003  7.0600301859001343e+002  2.3930313877794163e+002  1.1560256913151613e+002  1.1560256913151613e+002
  1.7167049239274071e+005  8.4458734869991560e+004  4.3060664241727849e+004  2.1985211970692031e+004  1.3275095862776903e+004  1.0490243345278745e+004  1.4261005720920386e+003  8.9547522501454682e+002  2.6417958817222518e+002  1.8548604357842919e+002  7.7826985169462773e+001  6.0425871879870158e+001  4.6553093657304203e+001  4.6553093657304203e+001
  1.8463100411234828e+005  1.1300329867927563e+005  5.4569451365957611e+004  1.6388155921380410e+004  7.8510695968048431e+003  5.2998795057063362e+003  5.0654050031963716e+003  3.2232290711088194e+003  1.0812133619718368e+003  8.8223695621353136e+002  1.5877442310509582e+002  1.3926241197029788e+002  1.0021990043272336e+002  1.0021990043272336e+002
  2.1361864316901687e+005  1.0326693553097561e+005  5.4386326794334433e+004  1.8291231094985666e+004  7.6509211270868964e+003  5.1346307106646982e+003  4.6438759798805040e+003  1.2708183141776633e+003  5.6482184422209650e+002  2.9958876149507319e+002  1.2649425650134140e+002  8.7120541442154376e+001  5.7193279067702690e+001  5.7193279067702690e+001
  2.4474938073014162e+005  1.7610097825219046e+005  9.7664348231536875e+004  5.7735958087159575e+004  2.4435914500954503e+004  1.0634108083716032e+004  7.8801688082128967e+003  5.4603567337588538e+003  3.1448693668874930e+003  2.2238343373923394e+003  2.1337995556065580e+003  1.8641422139987039e+003  9.4598142747025486e+002  9.4598142747025486e+002
  2.2195681523235937e+005  1.3152723073876568e+005  8.3520169458763732e+004  4.3720765768051795e+004  2.1868311920732860e+004  1.0821566253533545e+004  9.1431978192272400e+003  4.9312359323146920e+003  4.1328199509816013e+003  4.0733688189265577e+003  2.5361130961421932e+003  1.1877110047213541e+003  8.5224400813900365e+002  8.5224400813900365e+002
  2.0377528443793356e+005  9.1968752740702141e+004  4.6401121539976091e+004  1.9495352459044621e+004  1.1747042899701746e+004  5.8543560863277698e+003  3.4545212066042109e+003  1.7799092501307509e+003  1.4162757352502688e+003  1.3775213800885899e+003  9.4747742227397066e+002  5.8204514134863484e+002  1.1663260101832236e+002  1.1663260101832236e+002
  2.3994727254974682e+005  1.3625825883947627e+005  6.1484566686375758e+004  2.4403406518670330e+004  1.4328608492040283e+004  1.1635849745604768e+004  1.1397936278710155e+004  2.8939944378868649e+003  2.1301453739418166e+003  1.5791290425124448e+003  5.2521004111073353e+002  5.1199921440436822e+002  5.0373444495805893e+002  5.0373444495805893e+002
  1.7707016208320603e+005  1.4239128348728461e+005  7.3807008499035001e+004  3.5562820800115187e+004  1.9202518031358035e+004  4.2546685612550509e+003  3.6177563763311564e+003  3.1968342079484123e+003  2.9159155450047924e+003  2.3687633346524653e+003  3.9485203041849513e+002  3.2999438315013299e+002  2.5754311313211770e+002  2.5754311313211770e+002
  1.1647222179913742e+005  5.7793187151179620e+004  3.5610216224481628e+004  1.8944757979466984e+004  9.4681629537019799e+003  7.4985346645732288e+003  6.6856860958251018e+003  6.3337280112617545e+003  3.6950981604697722e+003  3.3509848583178673e+003  3.2574348135163254e+003  2.4435030348211158e+003  1.1584830304718180e+003  1.1584830304718180e+003
  3.1129682865478774e+005  1.5330668911869414e+005  6.5313187581014179e+004  2.1560022000368695e+004  9.0226486251091919e+003  4.4083376909047447e+003  3.4111141711729933e+003  1.4445402111909311e+003  9.4971442031683137e+002  8.6899121128767274e+002  5.0528832407492871e+002  3.3270767741258010e+002  1.0311257466153336e+002  1.0311257466153336e+002
  1.5769262259326183e+005  1.2070536615422441e+005  6.4752522132812162e+004  2.8538233894084955e+004  1.7926492682742017e+004  1.2051249200306491e+004  5.7347352465581107e+003  2.1467500545793250e+003  7.4409986064495160e+002  7.0401997226614253e+002  2.7288688175200070e+002  1.7324325548218627e+002  9.8951077437088088e+001  9.8951077437088088e+001
  1.8263956838141708e+005  8.2340577228550887e+004  4.3123191887616274e+004  2.3730126691377056e+004  6.5721100644152857e+003  4.3292937263512204e+003  8.8592667821556370e+002  1.0240221211941656e+002  6.6222893052030372e+001  5.6646408174028807e+001  4.3681710905089290e+001  3.9044971447533840e+001  3.7367655290773882e+001  3.7367655290773882e+001
  1.7136655736305294e+005  8.7595557322161287e+004  4.2622648097610647e+004  2.2745211875330817e+004  1.6197842793776555e+004  2.7328770536882171e+003  1.7440741380742727e+003  1.0392250983441472e+003  1.0154681767298230e+003  4.8615348011995184e+002  2.8971052503371880e+002  1.6712989549445911e+002  4.6655179406084812e+001  4.6655179406084812e+001
  1.4662589441829818e+005  8.1604323668155033e+004  4.9378683109405400e+004  1.9387456834484892e+004  7.0470107195001283e+003  4.8430241319624256e+003  3.9367403332904951e+003  2.7640399311691049e+003  2.3020766252332432e+003  2.1211224268473475e+003  1.5595647786635309e+003  5.8276307879412309e+002  5.0074337385858269e+002  5.0074337385858269e+002
  2.1805346082057571e+005  1.3165907423994181e+005  7.6141891031685838e+004  4.0483241053612473e+004  1.3233699459505327e+004  3.2914608399136796e+003  2.6148799937664589e+003  1.7009977741837417e+003  1.2036275836133564e+003  8.5424427893106213e+002  1.9035555515839451e+002  6.4394210908633681e+001  4.7681615593962874e+001  4.7681615593962874e+001
  1.7780165959800131e+005  8.9129242220793472e+004  4.2156951255125969e+004  1.6885600694337052e+004  7.0093410981383267e+003  1.4377812057103397e+003  6.4372014468169618e+002  2.7681864319549004e+002  1.8965865632670409e+002  1.1866591656362800e+002  8.7579987229294602e+001  3.7595927824687408e+001  2.1493872347978424e+001  2.1493872347978424e+001
  1.8302188111691902e+005  9.4544535958185661e+004  6.1125834838555093e+004  3.1170227699536179e+004  1.2061687493988878e+004  6.7004539478138249e+003  4.6032433963234225e+003  2.1559709728463581e+003  1.1060950877377670e+003  9.6257387539922252e+002  8.4634585458149922e+002  4.9018539691661022e+002  4.7073317916479482e+002  4.7073317916479482e+002
  2.4948997722805126e+005  1.1888913466995794e+005  6.1717237892115998e+004  3.0896826712856553e+004  2.0911944427753016e+004  1.6624863735372299e+004  7.1743520156625609e+003  5.4524251418449394e+003  3.2485212643318605e+003  2.7880903269885957e+003  2.6046332917880063e+003  1.8298807981252476e+003  1.6566872480825045e+003  1.6566872480825045e+003
  2.0260035058384048e+005  1.3179645882511037e+005  7.3848030787004755e+004  3.8307753892428518e+004  1.6450727022075182e+004  1.2432033431690783e+004  8.1356419972050717e+003  7.4549223580958560e+003  5.6382688119173963e+003  4.4698535101160751e+003  3.6796657452249110e+003  1.5392771870581453e+003  6.6958153209325269e+002  6.6958153209325269e+002
  2.4625877515939344e+005  1.0700954013067820e+005  4.8995360507277139e+004  1.9358708948275325e+004  7.3926198893083501e+003  5.7075541450716473e+003  4.3227855333714624e+003  2.2928118720420971e+003  1.3697671466921440e+003  1.0537957493765784e+003  4.0796016701487235e+002  1.7258470525000223e+002  1.2271063135333577e+002  1.2271063135333577e+002
  1.6436332325774943e+005  7.8505259867670466e+004  4.7571858100073288e+004  2.6807723086484926e+004  1.8338643186413181e+004  9.6237686284981119e+003  7.4775358190778043e+003  4.3084304047320666e+003  2.7750263567693396e+003  2.6087444463745637e+003  1.9817079535962353e+003  1.4114737928751094e+003  9.5396903629619510e+002  9.5396903629619510e+002
  2.0844637098053421e+005  1.3523266167128732e+005  7.2288096983501397e+004  2.8987556551621823e+004  1.0022514750156428e+004  5.5427753782472146e+003  4.6433712367503276e+003  2.6789122522227494e+003  1.9687886009339986e+003  1.7916980746134532e+003  1.5305604647721646e+003  1.6828358375211542e+002  1.3193707142853782e+002  1.3193707142853782e+002
  2.2183301983297378e+005  1.0630783185195751e+005  6.0907822219344918e+004  2.3624501658125282e+004  1.0911402246695756e+004  6.1553324119732742e+003  4.8050328556330351e+003  4.6218467066611574e+003  2.5570169619409526e+003  1.8446894494408966e+003  1.1578030660804718e+003  2.5547278039043476e+002  1.3589004420348169e+002  1.3589004420348169e+002
  1.6679962708283699e+005  9.1564171808127910e+004  5.5184349110164032e+004  2.4211945492052582e+004  1.2295136783819626e+004  7.6233467017725070e+003  6.6614391435709431e+003  4.9706333751297188e+003  4.3722916274824292e+003  2.3210419773531753e+003  1.7512380878763970e+003  1.4436957873653278e+003  9.3940818962871617e+002  9.3940818962871617e+002
  1.9725659371937817e+005  1.2460899868155606e+005  7.1289156456723606e+004  2.4670605600401243e+004  1.4235207967612056e+004  8.8442233002616613e+003  6.4872743445378537e+003  2.7720170023238029e+003  1.5060164197071413e+003  7.4161995008524946e+002  6.9375459486311684e+002  1.2293194052898195e+002  8.9087807416740986e+001  8.9087807416740986e+001
  2.5897300791651805e+005  1.2755698596994007e+005  5.9660228438237966e+004  2.3157564031580972e+004  1.2862085384042171e+004  7.9281189176663429e+003  3.4994540355783770e+003  1.7619692212713244e+003  1.5726953826187926e+003  9.6461082494048537e+002  2.7783862328535236e+002  2.0204697931229305e+002  1.5305986343847439e+002  1.5305986343847439e+002
  1.9345983348580639e+005  7.0638121850673459e+004  3.7634329934051617e+004  1.7444567117330655e+004  9.7274748882361073e+003  6.1115621751482586e+003  1.6461036254147293e+003  9.7927705880674102e+002  5.1259418926808439e+002  4.2215139547271065e+002  3.7480951610908210e+002  3.1116620995346466e+002  3.0206312056819411e+002  3.0206312056819411e+002
  1.7037109495355256e+005  8.5451872204322572e+004  3.9219657639068617e+004  1.9287721271073831e+004  1.2157903145564474e+004  8.0631583304797132e+003  6.1489084087359961e+003  3.9924823168865132e+003  3.1891853161803861e+003  2.1663210501209146e+003  1.6380377731617291e+003  1.0145232161807667e+003  9.2365408216789911e+002  9.2365408216789911e+002
  1.5448527603837993e+005  8.4800230950332509e+004  4.8000747868993385e+004  2.2538906815634029e+004  1.0504242086515835e+004  8.1377838755928369e+003  3.1951146155663455e+003  2.4919075868776117e+003  7.6034174544597295e+002  4.3470899146099850e+002  1.8954835480550935e+002  1.2389015510533176e+002  9.7635855814281058e+001  9.7635855814281058e+001
  3.0593230816086609e+005  2.0794783181140525e+005  1.1302665364043822e+005  4.1659666019958371e+004  2.5236105936461576e+004  7.1739915232376497e+003  4.5078542687672998e+003  2.8777003920418438e+003  9.6249290248529132e+002  9.0137359329547189e+002  8.5575426181085550e+002  5.8795276432270725e+002  5.4963902737102728e+002  5.4963902737102728e+002
  2.0309614155664839e+005  1.1635808144363736e+005  7.1145216577566243e+004  3.6885528734676431e+004  8.8261908539090564e+003  6.1652643556684625e+003  1.3105231107015261e+003  7.6198452483099663e+002  2.7047742556973378e+002  2.2687400029567243e+002  5.8720535862104555e+001  3.7981390551752838e+001  2.7501339588766939e+001  2.7501339588766939e+001
  2.5000552046958075e+005  1.3257307944254481e+005  6.2122195672179019e+004  2.0465035083384086e+004  6.5563099822206932e+003  4.0409076546012493e+003  3.3930859599737237e+003  3.1904486597393047e+003  2.8387788561750435e+003  1.6590166324535001e+003  7.4297269319150314e+002  2.3975460916535474e+002  1.5030972848370902e+002  1.5030972848370902e+002
  1.9786558520402276e+005  1.2124962443266163e+005  7.5969885313217790e+004  2.9487428494127023e+004  9.9734757302319631e+003  2.2964841127914365e+003  9.3340298148072952e+002  7.9542307379470276e+002  4.1885190627082102e+002  3.5083206476841292e+002  3.1317963060375803e+002  1.0751393794196298e+002  7.2462208580110428e+001  7.2462208580110428e+001
  2.4550599227802290e+005  1.0152662411391364e+005  6.8808482415254213e+004  4.6083013043866995e+004  3.6444815359153676e+004  1.7070605944173942e+004  5.3339324794506338e+003  4.1418705385667736e+003  3.3853761234113022e+003  2.8923817541996495e+003  1.2571707742015822e+003  7.5977881172190519e+002  7.5415172175497264e+002  7.5415172175497264e+002
  2.1104347803394980e+005  9.9031872447026471e+004  5.9541098842401152e+004  3.3188771725687795e+004  2.2889556637027119e+004  1.7129183889263644e+004  1.2729747724849985e+004  1.1334905854333650e+004  9.3054051533246875e+003  8.8275604097284631e+003  8.6603193862400713e+003  8.5379895939573853e+003  4.9364726274166678e+003  4.9364726274166678e+003
