  7.9209645596364339e+001  2.3737523574551005e+001  8.3663015490467387e+000  1.9722278621054556e+000  7.9478573178300849e-001  4.5222830957527549e-003  2.2246307480600080e-006  0.0000000000000000e+000  0.0000000000000000e+000  0.0000000000000000e+000  0.0000000000000000e+000  0.0000000000000000e+000  0.0000000000000000e+000  0.0000000000000000e+000
  1.6119617591577617e+002  4.8413773945374714e+001  1.1345096978997503e+001  1.7742026615536588e+000  6.1390124759782339e-001  1.9757692332177612e-002  1.9690082224315120e-002  1.9689998030685274e-002  1.9689998005219422e-002  1.9689998005219422e-002  1.9689998005219422e-002  1.9689998005219422e-002  1.9689998005219422e-002  1.9689998005219422e-002
  1.5836664283237360e+002  2.2163519722760498e+001  8.9310502427804295e+000  1.8821797857960973e+000  6.2394265355237621e-001  5.4498234037851034e-002  5.3830609813644514e-002  5.3830526120236755e-002  5.3830526091360298e-002  5.3830526091246611e-002  5.3830526091246611e-002  5.3830526091246611e-002  5.3830526091246611e-002  5.3830526091246611e-002
  1.3693098173827093e+002  3.0010417210197716e+001  1.1558038554206519e+001  1.5035852792840387e+000  3.9799195293676348e-001  1.0079376232170034e-002  9.8574731063081344e-003  9.8572846374054279e-003  9.8572846125080105e-003  9.8572846123943236e-003  9.8572846112574553e-003  9.8572846111437684e-003  9.8572846111437684e-003  9.8572846111437684e-003
  1.6139573263302691e+002  4.8146343345788750e+001  9.0970123503600462e+000  1.2900167213193754e+000  1.9952327646967660e-001  8.7983713105131756e-002  8.7947458269923118e-002  8.7947453630931705e-002  8.7947453630590644e-002  8.7947453630590644e-002  8.7947453630590644e-002  8.7947453630590644e-002  8.7947453630590644e-002  8.7947453630590644e-002
  1.3864373417473666e+002  2.5224948907161547e+001  1.0020922713126424e+001  2.9289244553838216e+000  9.0313624919110680e-001  2.7176197203061747e-002  2.7017434830781895e-002  2.7017420108563783e-002  2.7017420108109036e-002  2.7017420108109036e-002  2.7017420108109036e-002  2.7017420108109036e-002  2.7017420107995349e-002  2.7017420107995349e-002
  1.7485745837216064e+002  6.3652327199464821e+001  1.5176142562046152e+001  2.5239313101965308e+000  8.0198713821334877e-001  1.4977863645526668e-004  2.2844687919132411e-008  0.0000000000000000e+000  0.0000000000000000e+000  0.0000000000000000e+000  0.0000000000000000e+000  0.0000000000000000e+000  0.0000000000000000e+000  0.0000000000000000e+000
  1.9521444013419602e+002  4.0397005980315271e+001  1.1007649549044913e+001  1.6390758246307087e+000  1.4160232159383668e-001  1.2360254377426827e-002  1.2321021529260179e-002  1.2320988958549606e-002  1.2320988875558214e-002  1.2320988875558214e-002  1.2320988875558214e-002  1.2320988875444527e-002  1.2320988875444527e-002  1.2320988875444527e-002
  1.0043509599288791e+002  2.7603412092970643e+001  7.0989137039316574e+000  1.5870928304561858e+000  1.9921829585211981e-001  7.4920681089452046e-003  7.3961288345572029e-003  7.3960403403816599e-003  7.3960403349246917e-003  7.3960403349246917e-003  7.3960403348110049e-003  7.3960403343562575e-003  7.3960403343562575e-003  7.3960403343562575e-003
  1.7468881243513363e+002  5.2489821792758107e+001  2.0267887425078584e+001  1.6973069524754010e+000  8.1351143288247840e-001  1.3398449791213807e-001  1.3248832553369994e-001  1.3248825901791861e-001  1.3248825897960614e-001  1.3248825897926508e-001  1.3248825897926508e-001  1.3248825897926508e-001  1.3248825897926508e-001  1.3248825897926508e-001
  1.6942346768158359e+002  3.7252098725340943e+001  1.1085990276698226e+001  2.5469435626798713e+000  2.9956322894815912e-001  2.2185298476415483e-002  2.2143767569104966e-002  2.2141438748008113e-002  2.2141438645007838e-002  2.2141438645007838e-002  2.2141438645007838e-002  2.2141438645007838e-002  2.2141438645007838e-002  2.2141438645007838e-002
  1.0706639184498999e+002  2.3061334300839121e+001  8.8833483876162518e+000  1.4123273758019650e+000  6.1715938061468023e-001  1.7249683076443034e-002  1.7236124631722305e-002  1.7236111921874908e-002  1.7236111918009556e-002  1.7236111918009556e-002  1.7236111918009556e-002  1.7236111918009556e-002  1.7236111918009556e-002  1.7236111918009556e-002
  1.1530355166626418e+002  1.8986450078645817e+001  6.4420825031386357e+000  1.6613083335606689e+000  3.4246745890186503e-001  9.0448057831054030e-002  9.0405191546324204e-002  9.0405184094493052e-002  9.0405184089490831e-002  9.0405184089490831e-002  9.0405184089490831e-002  9.0405184089490831e-002  9.0405184089377144e-002  9.0405184089377144e-002
  1.5883744421964764e+002  4.8648781065446201e+001  2.4763295749554572e+001  4.0894018303985149e+000  8.1190720383938242e-001  2.7531821088246033e-002  2.7100806059479510e-002  2.7100783805963147e-002  2.7100783804030470e-002  2.7100783804030470e-002  2.7100783803916784e-002  2.7100783803348349e-002  2.7100783803348349e-002  2.7100783803348349e-002
  1.3279525668365989e+002  3.5463699298878623e+001  1.3906205959846602e+001  1.9624232399753510e+000  5.8078389657964635e-001  7.4539535485200759e-003  7.3960491237130555e-003  7.3960403349246917e-003  7.3960403345836312e-003  7.3960403345836312e-003  7.3960403345836312e-003  7.3960403345836312e-003  7.3960403343562575e-003  7.3960403343562575e-003
  1.0552299284867252e+002  2.3294962311716858e+001  8.0841691484489502e+000  1.7906398693518213e+000  4.0738220870321129e-001  2.5088292975510740e-002  2.4573397111339546e-002  2.4573294227593578e-002  2.4573294086508213e-002  2.4573294086508213e-002  2.4573294086508213e-002  2.4573294086508213e-002  2.4573294086508213e-002  2.4573294086508213e-002
  2.2539478861096177e+002  5.2893516589500109e+001  2.0532298629542993e+001  6.5912586763266745e+000  1.0324016857319975e+000  6.8749379530117949e-002  6.8604535612394102e-002  6.8604489822746473e-002  6.8604489782842393e-002  6.8604489782728706e-002  6.8604489782387645e-002  6.8604489782387645e-002  6.8604489782273959e-002  6.8604489782273959e-002
  1.5162385037612489e+002  2.4502475839184854e+001  5.4963243927040821e+000  1.1901734025714177e+000  6.4742242983243159e-002  8.6306550883819000e-006  0.0000000000000000e+000  0.0000000000000000e+000  0.0000000000000000e+000  0.0000000000000000e+000  0.0000000000000000e+000  0.0000000000000000e+000  0.0000000000000000e+000  0.0000000000000000e+000
  1.5825067226430872e+002  3.4158945345247048e+001  8.4488818506429197e+000  2.8135414628177386e+000  3.8153603389889668e-001  3.4525164269552988e-002  3.4477148790301726e-002  3.4477131742960410e-002  3.4477131739663491e-002  3.4477131739663491e-002  3.4477131738753997e-002  3.4477131738753997e-002  3.4477131738753997e-002  3.4477131738753997e-002
  2.2722186955826760e+002  4.9453208249980321e+001  1.5860522825031580e+001  3.0538902089701878e+000  9.8543733769781738e-001  1.0194452028940759e-002  9.8573428894042081e-003  9.8572846301294703e-003  9.8572846081879106e-003  9.8572846081879106e-003  9.8572846081879106e-003  9.8572846081879106e-003  9.8572846081879106e-003  9.8572846081879106e-003
  1.6919429370005378e+002  3.8904919200682343e+001  1.6570881864234934e+001  2.4499759030727546e+000  7.8732150310349880e-001  1.2589975464493364e-002  1.2321033335524589e-002  1.2320988916258102e-002  1.2320988875444527e-002  1.2320988875330841e-002  1.2320988875330841e-002  1.2320988875330841e-002  1.2320988875330841e-002  1.2320988875330841e-002
  1.3611916525101799e+002  3.2860812474768863e+001  7.3716048180573353e+000  1.2672273866589876e+000  8.8398802188066838e-002  2.2189113330455257e-002  2.2185661621278996e-002  2.2185660857530820e-002  2.2185660857530820e-002  2.2185660857530820e-002  2.2185660857530820e-002  2.2185660857530820e-002  2.2185660857530820e-002  2.2185660857530820e-002
  1.7472740864090895e+002  4.6108683739377170e+001  1.9754207283301753e+001  3.9535711366958139e+000  7.4263848025282186e-001  8.9993416202105436e-003  7.3962583765023737e-003  7.3960405054549483e-003  7.3960403960882104e-003  7.3960403960882104e-003  7.3960403960882104e-003  7.3960403960882104e-003  7.3960403343562575e-003  7.3960403343562575e-003
  1.8417237248856270e+002  4.6667399251463621e+001  1.3725228593501924e+001  2.7941657601431871e+000  7.9573063276416178e-001  1.9687926847268500e-002  1.9677734686183612e-002  1.9677734559536475e-002  1.9677734559536475e-002  1.9677734558968041e-002  1.9677734558968041e-002  1.9677734558399607e-002  1.9677734558399607e-002  1.9677734558399607e-002
  1.4376043262884855e+002  3.5273050096980910e+001  1.1462063578300445e+001  2.3114135799539781e+000  5.7447268899920800e-001  4.4335579221524313e-002  4.4268190287311882e-002  4.4268166925235164e-002  4.4268166909319007e-002  4.4268166909319007e-002  4.4268166908523199e-002  4.4268166908523199e-002  4.4268166908523199e-002  4.4268166908523199e-002
  2.0641762338000194e+002  4.5904747388974101e+001  6.4263178738621036e+000  1.7305030290572176e+000  1.2578236527690478e-001  2.4596599451683687e-002  2.4573308291223839e-002  2.4573294092988363e-002  2.4573294086621900e-002  2.4573294086621900e-002  2.4573294086621900e-002  2.4573294086621900e-002  2.4573294086621900e-002  2.4573294086621900e-002
  1.4615047287077255e+002  2.5772296011376056e+001  6.7750796514696958e+000  2.0057730037430019e+000  3.1497301904062169e-001  2.4823589518291556e-002  2.4590467138295935e-002  2.4590437461142756e-002  2.4590437452275182e-002  2.4590437452275182e-002  2.4590437452275182e-002  2.4590437452275182e-002  2.4590437452047809e-002  2.4590437452047809e-002
  2.0189078731188272e+002  3.5534979312051519e+001  1.1923721981300901e+001  3.7422971760406654e+000  5.4525731513365372e-001  8.3922552221338265e-005  1.5641944628441706e-008  0.0000000000000000e+000  0.0000000000000000e+000  0.0000000000000000e+000  0.0000000000000000e+000  0.0000000000000000e+000  0.0000000000000000e+000  0.0000000000000000e+000
  1.5404905689424368e+002  3.4365205274014102e+001  8.3760319668152761e+000  1.4356748536888517e+000  2.9629137822973917e-001  3.9394914666331715e-002  3.9367766150803618e-002  3.9367751917893656e-002  3.9367751903455428e-002  3.9367751903000681e-002  3.9367751903000681e-002  3.9367751903000681e-002  3.9367751903000681e-002  3.9367751903000681e-002
  1.6617720662221109e+002  3.0549003649575980e+001  9.1364506426681373e+000  1.5086691669700940e+000  4.6982622727057333e-001  4.9214805413839713e-002  4.9063623096003539e-002  4.9063596861515180e-002  4.9063596855603464e-002  4.9063596855603464e-002  4.9063596855603464e-002  4.9063596855603464e-002  4.9063596855603464e-002  4.9063596855603464e-002
  1.4737640992589741e+002  4.0353872157705155e+001  1.0821549979001134e+001  1.8265855836780247e+000  3.3086664637835383e-001  2.7199215392897713e-002  2.7105714370691203e-002  2.7105692826808081e-002  2.7105692825216465e-002  2.7105692825216465e-002  2.7105692825216465e-002  2.7105692825216465e-002  2.7105692825216465e-002  2.7105692825216465e-002
  1.2457638812399000e+002  3.4970748367701049e+001  1.5693227420349558e+001  2.7516056555409705e+000  7.2936546835103400e-001  1.7947349783753452e-004  4.7734533836774062e-007  0.0000000000000000e+000  0.0000000000000000e+000  0.0000000000000000e+000  0.0000000000000000e+000  0.0000000000000000e+000  0.0000000000000000e+000  0.0000000000000000e+000
  1.9815156515930062e+002  5.5545027030850292e+001  1.7050999318473146e+001  2.3096631998114390e+000  4.2788600329959081e-001  3.4562191406848797e-002  3.4401158211835536e-002  3.4401154368424613e-002  3.4401154368310927e-002  3.4401154368197240e-002  3.4401154368083553e-002  3.4401154368083553e-002  3.4401154368083553e-002  3.4401154368083553e-002
  1.1663271016121587e+002  3.5630211297902633e+001  1.5090842145777515e+001  2.8968936699999404e+000  4.2870795735814227e-001  9.1020295496264225e-002  8.8294547637929099e-002  8.8294464249656812e-002  8.8294464243404036e-002  8.8294464243404036e-002  8.8294464243404036e-002  8.8294464243404036e-002  8.8294464243404036e-002  8.8294464243404036e-002
  1.2060895255251864e+002  2.4829488292241422e+001  1.3002857471820789e+001  3.0316026068840074e+000  6.9370146178607683e-001  3.1128450162668742e-002  2.9511059314131671e-002  2.9510471340017830e-002  2.9510468517401023e-002  2.9510468501598552e-002  2.9510468501598552e-002  2.9510468501484866e-002  2.9510468501484866e-002  2.9510468501484866e-002
  1.0575426879329871e+002  1.8958660685566883e+001  5.2517472123415700e+000  1.3800426743483740e+000  2.5141865848445377e-001  1.9685418176095482e-002  1.9677745968010640e-002  1.9677734561128091e-002  1.9677734558626980e-002  1.9677734558626980e-002  1.9677734558626980e-002  1.9677734558626980e-002  1.9677734558626980e-002  1.9677734558626980e-002
  1.2276655701566131e+002  3.4902572616448197e+001  7.8943829170639219e+000  1.8479012038598057e+000  4.1060209586396468e-001  2.2668223216101069e-002  2.2126739788291161e-002  2.2126733435584356e-002  2.2126733433879053e-002  2.2126733433651680e-002  2.2126733433651680e-002  2.2126733433651680e-002  2.2126733433083245e-002  2.2126733433083245e-002
  1.8718814787043777e+002  4.9943804098402211e+001  1.1261571838620739e+001  1.9910132974119961e+000  4.0942404714587610e-001  7.5314950194069752e-003  7.3960551230811689e-003  7.3960403352657522e-003  7.3960403344699444e-003  7.3960403342425707e-003  7.3960403342425707e-003  7.3960403342425707e-003  7.3960403342425707e-003  7.3960403342425707e-003
  1.9553933894884153e+002  6.4881722415815943e+001  1.6473394960432870e+001  2.0357161575429927e+000  2.8927921743309071e-001  1.9349413832969731e-004  7.9295202795037767e-006  0.0000000000000000e+000  0.0000000000000000e+000  0.0000000000000000e+000  0.0000000000000000e+000  0.0000000000000000e+000  0.0000000000000000e+000  0.0000000000000000e+000
  1.1167748312356400e+002  2.2099829515060378e+001  8.5180623826630608e+000  1.6589992495253227e+000  2.8874950059821458e-001  1.7276034221822556e-002  1.7241047382981378e-002  1.7241020927940554e-002  1.7241020915889749e-002  1.7241020915662375e-002  1.7241020915435001e-002  1.7241020915435001e-002  1.7241020915435001e-002  1.7241020915435001e-002
  1.1295015290150343e+002  3.0722284745916454e+001  8.0852597914199578e+000  1.6815786930975491e+000  3.9286432313349451e-001  6.1231405902844926e-002  6.1034893520968581e-002  6.1034818948655811e-002  6.1034818944904146e-002  6.1034818944904146e-002  6.1034818944904146e-002  6.1034818944904146e-002  6.1034818944449398e-002  6.1034818944449398e-002
  1.1920470237429765e+002  2.3557407741994211e+001  4.5179236556901969e+000  1.5583370182072258e+000  5.9800444116694962e-001  1.9708812605017556e-002  1.9690011503712412e-002  1.9689998011017451e-002  1.9689998005105736e-002  1.9689998005105736e-002  1.9689998005105736e-002  1.9689998005105736e-002  1.9689998005105736e-002  1.9689998005105736e-002
  1.4369282713753785e+002  2.9235795182161951e+001  1.2990278646780212e+001  2.9238191076573230e+000  3.5202622139172490e-001  3.9570577478798441e-002  3.9375171562937794e-002  3.9375140088623084e-002  3.9375140080096571e-002  3.9375140080096571e-002  3.9375140080096571e-002  3.9375140079982884e-002  3.9375140079982884e-002  3.9375140079982884e-002
  1.6335174145313727e+002  4.8085296195109436e+001  1.1686205797968000e+001  3.5689341881784458e+000  9.1683633114814711e-001  2.2247191431347346e-002  2.2141446572618406e-002  2.2141438650010059e-002  2.2141438644780465e-002  2.2141438644780465e-002  2.2141438644780465e-002  2.2141438644780465e-002  2.2141438644780465e-002  2.2141438644780465e-002
  1.5946785366410677e+002  3.5519987932982758e+001  1.2467231364127315e+001  1.5454233650524429e+000  3.6010789275940169e-001  1.7526910947253782e-002  1.7226337629836053e-002  1.7226293861995146e-002  1.7226293859948782e-002  1.7226293859948782e-002  1.7226293859948782e-002  1.7226293859948782e-002  1.7226293859948782e-002  1.7226293859948782e-002
  6.8475582181844857e+001  1.3631644930657330e+001  4.2696803879948675e+000  1.2365521665561801e+000  2.0090361972802384e-001  7.4435611982153205e-003  7.3960476482852755e-003  7.3960408685707080e-003  7.3960403345836312e-003  7.3960403345836312e-003  7.3960403345836312e-003  7.3960403345836312e-003  7.3960403345836312e-003  7.3960403345836312e-003
  1.8194311930824244e+002  3.6254583725664702e+001  9.8077765188938884e+000  2.0335911984774384e+000  2.6378709499795150e-001  5.4187372717819926e-002  5.4172067537137991e-002  5.4172054448258677e-002  5.4172054443370143e-002  5.4172054443370143e-002  5.4172054443370143e-002  5.4172054443370143e-002  5.4172054443370143e-002  5.4172054443370143e-002
  1.5639042679363388e+002  5.0978189828537097e+001  1.5231363582180393e+001  2.3321164163904768e+000  8.2831966494848075e-001  3.2188968161676712e-002  3.1900805152531575e-002  3.1898382900408251e-002  3.1898382547979054e-002  3.1898382547865367e-002  3.1898382547865367e-002  3.1898382547524307e-002  3.1898382547524307e-002  3.1898382547524307e-002
  1.0910596586227621e+002  4.3820077267242141e+001  1.5954739293820126e+001  5.7191420764456780e+000  9.7902361046180886e-001  1.5512885431689938e-004  5.7030695188586833e-007  0.0000000000000000e+000  0.0000000000000000e+000  0.0000000000000000e+000  0.0000000000000000e+000  0.0000000000000000e+000  0.0000000000000000e+000  0.0000000000000000e+000
  3.6264590802770385e+002  1.0119826176849824e+002  3.1866768789969342e+001  4.5355450345764439e+000  1.0303132005642510e+000  1.4446908983245521e-004  1.2217356015753467e-008  0.0000000000000000e+000  0.0000000000000000e+000  0.0000000000000000e+000  0.0000000000000000e+000  0.0000000000000000e+000  0.0000000000000000e+000  0.0000000000000000e+000
  2.5573737182153923e+002  6.7849599183636428e+001  2.4178056772539094e+001  9.1845167564805479e+000  7.3170784777437348e-001  2.9583640871351236e-002  2.9510487446714251e-002  2.9510468503531229e-002  2.9510468501143805e-002  2.9510468501143805e-002  2.9510468501143805e-002  2.9510468501143805e-002  2.9510468501143805e-002  2.9510468501143805e-002
