  3.4198083690871499e+000  9.1555647676773333e-001  8.8199052094637409e-001  6.7654433307825457e-001  6.7654433307825457e-001  6.3153886303894069e-001  6.0024171184568331e-001  6.0024171184568331e-001  6.0024171184568331e-001  6.0024171184568331e-001  6.0024171184568331e-001  6.0024171184568331e-001  6.0024171184568331e-001  6.0024171184568331e-001
  3.1650654211885012e+000  9.9442291409241079e-001  6.7811582870535858e-001  6.4649880870069865e-001  6.2977496451003390e-001  6.2335142397751042e-001  6.2335142397751042e-001  6.2335142397751042e-001  6.2335142397751042e-001  6.2335142397751042e-001  6.2335142397751042e-001  6.2335142397751042e-001  6.2335142397751042e-001  6.2335142397751042e-001
  2.4854784470276172e+000  7.8826317437642501e-001  5.9558601342246220e-001  5.9558601342246220e-001  5.7984686203167257e-001  5.7984686203167257e-001  5.7910050796613177e-001  5.7910050796613177e-001  5.7910050796613177e-001  5.7910050796613177e-001  5.7910050796613177e-001  5.7910050796613177e-001  5.7910050796613177e-001  5.7910050796613177e-001
  3.0746556440071799e+000  7.4006774561553357e-001  6.2651163046916736e-001  4.6644214912066673e-001  3.7199500410724795e-001  3.7199500410724795e-001  3.7199500410724795e-001  3.7199500410724795e-001  3.7199500410724795e-001  3.7199500410724795e-001  3.7199500410724795e-001  3.7199500410724795e-001  3.7199500410724795e-001  3.7199500410724795e-001
  3.1312584707754922e+000  6.0927049331917260e-001  6.0927049331917260e-001  5.8072162164830843e-001  4.8769553754277695e-001  4.8769553754277695e-001  4.8769553754277695e-001  4.8769553754277695e-001  4.8769553754277695e-001  4.8769553754277695e-001  4.8769553754277695e-001  4.8769553754277695e-001  4.8769553754277695e-001  4.8769553754277695e-001
  3.1556591688556637e+000  8.1328726223614467e-001  6.5197701443480582e-001  6.5197701443480582e-001  5.8409040625588204e-001  5.8409040625588204e-001  5.6110982494624295e-001  5.6110982494624295e-001  5.6110982494624295e-001  5.6110982494624295e-001  5.6110982494624295e-001  5.6110982494624295e-001  5.6110982494624295e-001  5.6110982494624295e-001
  3.6498153591928713e+000  8.1921138190546117e-001  6.7213750923588123e-001  5.6979022807968249e-001  4.7102489631743083e-001  4.3613016378390057e-001  4.3613016378390057e-001  4.3613016378390057e-001  4.3613016378390057e-001  4.3613016378390057e-001  4.3613016378390057e-001  4.3613016378390057e-001  4.3613016378390057e-001  4.3613016378390057e-001
  2.8991897078603870e+000  7.8441755598828422e-001  7.5094637610527570e-001  6.2096848628993939e-001  5.9092147539217876e-001  5.7013845214942194e-001  5.7013845214942194e-001  5.7013845214942194e-001  5.7013845214942194e-001  5.7013845214942194e-001  5.7013845214942194e-001  5.7013845214942194e-001  5.7013845214942194e-001  5.7013845214942194e-001
  3.5283393261438505e+000  9.9925991781174162e-001  6.6421563604058065e-001  5.8415960151796753e-001  5.4164220801158081e-001  4.8431831262064406e-001  4.7352177888228653e-001  4.7352177888228653e-001  4.7352177888228653e-001  4.7352177888228653e-001  4.7352177888228653e-001  4.7352177888228653e-001  4.7352177888228653e-001  4.7352177888228653e-001
  3.2006691843935187e+000  7.8567192416289799e-001  7.1383928314321565e-001  5.6917193333424621e-001  5.5060633366861111e-001  4.3444634096272239e-001  4.3444634096272239e-001  4.3444634096272239e-001  4.3444634096272239e-001  4.3444634096272239e-001  4.3444634096272239e-001  4.3444634096272239e-001  4.3444634096272239e-001  4.3444634096272239e-001
  2.6249646900892003e+000  6.4455374883937111e-001  5.8754074973853676e-001  5.1151872811510657e-001  4.8041048319396396e-001  4.5100639611951010e-001  4.5100639611951010e-001  4.5100639611951010e-001  4.5100639611951010e-001  4.5100639611951010e-001  4.5100639611951010e-001  4.5100639611951010e-001  4.5100639611951010e-001  4.5100639611951010e-001
  2.9839067230072942e+000  9.8279765993970614e-001  8.4063619241101151e-001  7.6606809982899904e-001  7.4174165926569913e-001  7.1436706120812232e-001  7.1436706120812232e-001  7.1436706120812232e-001  7.1436706120812232e-001  7.1436706120812232e-001  7.1436706120812232e-001  7.1436706120812232e-001  7.1436706120812232e-001  7.1436706120812232e-001
  2.9676059707176137e+000  8.1470104079880912e-001  6.2049888386309249e-001  5.9606739810215004e-001  5.4071552424966285e-001  5.4071552424966285e-001  5.3045534535931438e-001  5.3045534535931438e-001  5.3045534535931438e-001  5.3045534535931438e-001  5.3045534535931438e-001  5.3045534535931438e-001  5.3045534535931438e-001  5.3045534535931438e-001
  3.1395114378253766e+000  1.0963855753520875e+000  9.5065582213078414e-001  9.5065582213078414e-001  8.8460923876073139e-001  8.7705060616781338e-001  8.7705060616781338e-001  8.7705060616781338e-001  8.7705060616781338e-001  8.7705060616781338e-001  8.7705060616781338e-001  8.7705060616781338e-001  8.7705060616781338e-001  8.7705060616781338e-001
  3.0299062564909036e+000  7.7165830999729224e-001  6.2577594415301974e-001  5.5918179411423807e-001  5.5918179411423807e-001  5.2643594089568069e-001  5.0715181530017617e-001  5.0715181530017617e-001  5.0715181530017617e-001  5.0715181530017617e-001  5.0715181530017617e-001  5.0715181530017617e-001  5.0715181530017617e-001  5.0715181530017617e-001
  3.6529229420559659e+000  1.0924618474482486e+000  7.1693814067793937e-001  7.0564955639997606e-001  6.8245282410339314e-001  6.5952605487382243e-001  6.5952605487382243e-001  6.5952605487382243e-001  6.5952605487382243e-001  6.5952605487382243e-001  6.5952605487382243e-001  6.5952605487382243e-001  6.5952605487382243e-001  6.5952605487382243e-001
  3.0784402209512791e+000  7.1833948064590913e-001  5.5706989099849125e-001  5.2833031378759188e-001  4.8648702360219431e-001  4.8648702360219431e-001  4.8648702360219431e-001  4.8287359116534390e-001  4.8287359116534390e-001  4.8287359116534390e-001  4.8287359116534390e-001  4.8287359116534390e-001  4.8287359116534390e-001  4.8287359116534390e-001
  4.0289392579384185e+000  9.0194508809690888e-001  7.1503013059032128e-001  5.6104730927268065e-001  4.6440745598260946e-001  4.3524174497179047e-001  4.2702708532988254e-001  4.2702708532988254e-001  4.2702708532988254e-001  4.2702708532988254e-001  4.2702708532988254e-001  4.2702708532988254e-001  4.2702708532988254e-001  4.2702708532988254e-001
  2.5797317824976744e+000  6.7422756949054019e-001  6.7422756949054019e-001  6.7422756949054019e-001  6.1978327780025211e-001  6.1978327780025211e-001  6.1978327780025211e-001  6.1978327780025211e-001  6.1978327780025211e-001  6.1978327780025211e-001  6.1978327780025211e-001  6.1978327780025211e-001  6.1978327780025211e-001  6.1978327780025211e-001
  3.0923850833301003e+000  8.1291106843582384e-001  8.1291106843582384e-001  6.5787575432227641e-001  6.3901486851409572e-001  6.2550585919166224e-001  6.0360553191526378e-001  6.0360553191526378e-001  6.0360553191526378e-001  6.0360553191526378e-001  6.0360553191526378e-001  6.0360553191526378e-001  6.0360553191526378e-001  6.0360553191526378e-001
  3.1622969396946701e+000  8.3702641347576900e-001  8.2566705512454064e-001  7.5726253850939429e-001  7.1577464583310757e-001  6.7417216466992613e-001  6.7417216466992613e-001  6.7417216466992613e-001  6.7417216466992613e-001  6.7417216466992613e-001  6.7417216466992613e-001  6.7417216466992613e-001  6.7417216466992613e-001  6.7417216466992613e-001
  3.3204452754871454e+000  8.2982322803559327e-001  7.4940722207156796e-001  6.5767497236902273e-001  6.3922342488422146e-001  6.0357656696282902e-001  5.9290288498073096e-001  5.9288889963931979e-001  5.9288889963931979e-001  5.9288889963931979e-001  5.9288889963931979e-001  5.9288889963931979e-001  5.9288889963931979e-001  5.9288889963931979e-001
  3.3358424394170925e+000  1.0886403987660742e+000  9.9562322723090801e-001  8.7124833692678294e-001  8.1614692322182236e-001  8.1614692322182236e-001  8.0190813503577374e-001  8.0190813503577374e-001  8.0190813503577374e-001  8.0190813503577374e-001  8.0190813503577374e-001  8.0190813503577374e-001  8.0190813503577374e-001  8.0190813503577374e-001
  3.2788928712579946e+000  8.0646070000148029e-001  7.6960049922422513e-001  6.6237775014542422e-001  6.1209678357636221e-001  6.1209678357636221e-001  6.1209678357636221e-001  6.1209678357636221e-001  6.1209678357636221e-001  6.1209678357636221e-001  6.1209678357636221e-001  6.1209678357636221e-001  6.1209678357636221e-001  6.1209678357636221e-001
  2.5218390354712028e+000  9.4229295097352406e-001  8.6950730199419013e-001  8.6377213023547483e-001  6.9081007807471906e-001  6.8471343306941890e-001  6.8471343306941890e-001  6.8471343306941890e-001  6.8471343306941890e-001  6.8471343306941890e-001  6.8471343306941890e-001  6.8471343306941890e-001  6.8471343306941890e-001  6.8471343306941890e-001
  3.3432555293552468e+000  9.1133277323979200e-001  7.2163499950079313e-001  6.7202701406517917e-001  5.9560916435339095e-001  5.6092316752028637e-001  5.3389914907234015e-001  5.3389914907234015e-001  5.3389914907234015e-001  5.3389914907234015e-001  5.3389914907234015e-001  5.3389914907234015e-001  5.3389914907234015e-001  5.3389914907234015e-001
  3.9159174982041804e+000  7.5340415730397581e-001  5.4544457050451456e-001  5.1501787466622773e-001  4.8055667281141723e-001  4.2723202149340977e-001  4.2723202149340977e-001  4.2723202149340977e-001  4.2723202149340977e-001  4.2723202149340977e-001  4.2723202149340977e-001  4.2723202149340977e-001  4.2723202149340977e-001  4.2723202149340977e-001
  3.0009659277316132e+000  9.5095420334632763e-001  8.2260279491379151e-001  8.2260279491379151e-001  7.5611022327939281e-001  7.5235625513755622e-001  7.5235625513755622e-001  7.5235625513755622e-001  7.5235625513755622e-001  7.5235625513755622e-001  7.5235625513755622e-001  7.5235625513755622e-001  7.5235625513755622e-001  7.5235625513755622e-001
  2.9329766274295253e+000  8.2423166746571042e-001  7.0477767515990308e-001  6.4976389246066901e-001  6.3883514320514223e-001  6.2138055333730335e-001  6.1420163669458816e-001  6.1420163669458816e-001  6.1420163669458816e-001  6.1420163669458816e-001  6.1420163669458816e-001  6.1420163669458816e-001  6.1420163669458816e-001  6.1420163669458816e-001
  2.9668056191164851e+000  7.3498996641706071e-001  6.8792504922475928e-001  6.8100628567572130e-001  6.2684343109845031e-001  6.1020782865784895e-001  5.9336739973218755e-001  5.9336739973218755e-001  5.9336739973218755e-001  5.9336739973218755e-001  5.9336739973218755e-001  5.9336739973218755e-001  5.9336739973218755e-001  5.9336739973218755e-001
  3.0748830199622716e+000  8.1125564584772292e-001  6.9898098852854673e-001  6.4735163030240983e-001  6.4472755403767223e-001  6.1038243855750807e-001  6.1038243855750807e-001  6.1038243855750807e-001  6.1038243855750807e-001  6.1038243855750807e-001  6.1038243855750807e-001  6.1038243855750807e-001  6.1038243855750807e-001  6.1038243855750807e-001
  3.3730658467479770e+000  5.5361098605203551e-001  5.4989500026044880e-001  5.4989500026044880e-001  4.7404776402390780e-001  4.7404776402390780e-001  4.7404776402390780e-001  4.7404776402390780e-001  4.7404776402390780e-001  4.7404776402390780e-001  4.7404776402390780e-001  4.7404776402390780e-001  4.7404776402390780e-001  4.7404776402390780e-001
  3.2284440129171799e+000  1.0912995557332579e+000  9.1331861729031516e-001  8.5244001449200368e-001  8.0622511923161255e-001  7.8994362498747250e-001  7.7784627205664947e-001  7.7784627205664947e-001  7.7784627205664947e-001  7.7784627205664947e-001  7.7784627205664947e-001  7.7784627205664947e-001  7.7784627205664947e-001  7.7784627205664947e-001
  3.0951838265118568e+000  7.2351396496151210e-001  6.7251126355108681e-001  6.5424100099562565e-001  4.2145600069216016e-001  4.2145600069216016e-001  4.2145600069216016e-001  4.2145600069216016e-001  4.2145600069216016e-001  4.2145600069216016e-001  4.2145600069216016e-001  4.2145600069216016e-001  4.2145600069216016e-001  4.2145600069216016e-001
  2.8673487704759282e+000  9.3010902936021012e-001  7.6700621355939802e-001  7.1879391515176394e-001  6.4110504820541792e-001  6.4110504820541792e-001  6.2875568619460864e-001  6.2875568619460864e-001  6.2875568619460864e-001  6.2875568619460864e-001  6.2875568619460864e-001  6.2875568619460864e-001  6.2875568619460864e-001  6.2875568619460864e-001
  3.5877035356741089e+000  7.1332439631942179e-001  6.1560311171479043e-001  6.1560311171479043e-001  5.3506435166173105e-001  5.1508227160456954e-001  5.1508227160456954e-001  5.1508227160456954e-001  5.1508227160456954e-001  5.1508227160456954e-001  5.1508227160456954e-001  5.1508227160456954e-001  5.1508227160456954e-001  5.1508227160456954e-001
  3.6139545279968388e+000  9.2344795993676598e-001  6.6163364344583897e-001  6.3861495545666003e-001  6.1121832449543945e-001  6.0944026891002068e-001  6.0944026891002068e-001  6.0944026891002068e-001  6.0944026891002068e-001  6.0944026891002068e-001  6.0944026891002068e-001  6.0944026891002068e-001  6.0944026891002068e-001  6.0944026891002068e-001
  3.5983218238657173e+000  7.0180961823780308e-001  5.8312845792147527e-001  5.8312845792147527e-001  5.8312845792147527e-001  5.2812923698502345e-001  5.2812923698502345e-001  5.2812923698502345e-001  5.2812923698502345e-001  5.2812923698502345e-001  5.2812923698502345e-001  5.2812923698502345e-001  5.2812923698502345e-001  5.2812923698502345e-001
  3.3305496132315966e+000  1.1071636299934653e+000  7.7093141235741314e-001  7.7093141235741314e-001  7.7093141235741314e-001  6.8315919512656365e-001  6.5587124192006740e-001  6.4097210222189460e-001  6.4097210222189460e-001  6.4097210222189460e-001  6.4097210222189460e-001  6.4097210222189460e-001  6.4097210222189460e-001  6.4097210222189460e-001
  3.3017990729556459e+000  7.6975975264986118e-001  5.9264879807506077e-001  5.4373815982103224e-001  5.0505651841581312e-001  5.0505651841581312e-001  4.8905252224199103e-001  4.8905252224199103e-001  4.8905252224199103e-001  4.8905252224199103e-001  4.8905252224199103e-001  4.8905252224199103e-001  4.8905252224199103e-001  4.8905252224199103e-001
  3.2388758326005700e+000  7.2102934430131427e-001  5.4097525147562919e-001  4.1005851509839886e-001  3.8490073431216842e-001  3.4891098841831081e-001  3.4891098841831081e-001  3.4891098841831081e-001  3.4891098841831081e-001  3.4891098841831081e-001  3.4891098841831081e-001  3.4891098841831081e-001  3.4891098841831081e-001  3.4891098841831081e-001
  3.1313899629612933e+000  7.7337075105629083e-001  6.8679459242162011e-001  6.8679459242162011e-001  5.9639843980653495e-001  5.1173538888315306e-001  5.1173538888315306e-001  5.1173538888315306e-001  5.1173538888315306e-001  5.1173538888315306e-001  5.1173538888315306e-001  5.1173538888315306e-001  5.1173538888315306e-001  5.1173538888315306e-001
  1.0414159473007203e+000  8.5112108256430474e-001  6.8928187683241049e-001  6.7268751423853246e-001  6.4246774448884025e-001  5.9216464366068067e-001  5.9216464366068067e-001  5.9216464366068067e-001  5.9216464366068067e-001  5.9216464366068067e-001  5.9216464366068067e-001  5.9216464366068067e-001  5.9216464366068067e-001  5.9216464366068067e-001
  3.1457082754745898e+000  5.4724768158962434e-001  5.4724768158962434e-001  5.2196320384678074e-001  5.1023334614978921e-001  4.9113153927805797e-001  4.9113153927805797e-001  4.9113153927805797e-001  4.9113153927805797e-001  4.9113153927805797e-001  4.9113153927805797e-001  4.9113153927805797e-001  4.9113153927805797e-001  4.9113153927805797e-001
  3.1592621985107598e+000  1.1318847892814574e+000  1.0619828329029133e+000  9.7673954540277919e-001  8.6407068386643004e-001  8.0606733688296117e-001  8.0606733688296117e-001  8.0606733688296117e-001  8.0606733688296117e-001  8.0606733688296117e-001  8.0606733688296117e-001  8.0606733688296117e-001  8.0606733688296117e-001  8.0606733688296117e-001
  4.1993831759120894e+000  1.9583842332497170e+000  6.2268138011859264e-001  5.8791401093981221e-001  5.5889276368179708e-001  5.2500566761864320e-001  5.2500566761864320e-001  5.2500566761864320e-001  5.2500566761864320e-001  5.2500566761864320e-001  5.2500566761864320e-001  5.2500566761864320e-001  5.2500566761864320e-001  5.2500566761864320e-001
  4.1658538403551120e+000  1.1629234291021930e+000  6.1358349675265345e-001  4.9870158704288770e-001  4.8148701599257038e-001  4.5411194604548655e-001  4.3763105998982610e-001  4.3763105998982610e-001  4.3763105998982610e-001  4.3763105998982610e-001  4.3763105998982610e-001  4.3763105998982610e-001  4.3763105998982610e-001  4.3763105998982610e-001
  3.0951840737297971e+000  9.8716276495952116e-001  6.7548621673063280e-001  6.0580809772363864e-001  5.0369474150966198e-001  4.8989547183782634e-001  4.8220401443950323e-001  4.8220401443950323e-001  4.8220401443950323e-001  4.8220401443950323e-001  4.8220401443950323e-001  4.8220401443950323e-001  4.8220401443950323e-001  4.8220401443950323e-001
  3.6711954413328840e+000  8.5298037545362604e-001  6.8439358098794401e-001  6.2998698973069622e-001  6.0970799257597719e-001  5.6044063848344194e-001  5.6044063848344194e-001  5.6044063848344194e-001  5.6044063848344194e-001  5.6044063848344194e-001  5.6044063848344194e-001  5.6044063848344194e-001  5.6044063848344194e-001  5.6044063848344194e-001
  2.9864791205718575e+000  9.9816347331716315e-001  8.2459180595287762e-001  7.7867589737729759e-001  7.5782041074489825e-001  7.1050638932342736e-001  7.1050638932342736e-001  7.1050638932342736e-001  7.1050638932342736e-001  7.1050638932342736e-001  7.1050638932342736e-001  7.1050638932342736e-001  7.1050638932342736e-001  7.1050638932342736e-001
  3.2919417280525067e+000  7.0953634807347044e-001  6.6441987856887863e-001  6.2295071540620484e-001  5.4840934795970497e-001  5.0491310192660421e-001  5.0491310192660421e-001  5.0491310192660421e-001  5.0491310192660421e-001  5.0491310192660421e-001  5.0491310192660421e-001  5.0491310192660421e-001  5.0491310192660421e-001  5.0491310192660421e-001
