  7.3199607569786895e+003  6.4401459899211923e+003  5.5177750142292534e+003  3.5732855608880454e+003  2.5340904912896058e+003  2.5330830229225303e+003  2.5330830083731544e+003  2.5330830083716028e+003  2.5330830083716010e+003  2.5330830083715991e+003  2.5330830083715991e+003  2.5330830083715991e+003  2.5330830083715991e+003  2.5330830083715991e+003
  7.7201218928051603e+003  6.0828931127296619e+003  5.5055737789992481e+003  3.5511089500628404e+003  1.5120985414921051e+003  1.4807748009502957e+003  1.4807746548606992e+003  1.4807746548602609e+003  1.4807746548602590e+003  1.4807746548602572e+003  1.4807746548602572e+003  1.4807746548602572e+003  1.4807746548602572e+003  1.4807746548602572e+003
  7.1597184176450255e+003  6.6496977737354891e+003  6.1843976817606617e+003  4.7230962302273292e+003  3.2228628791507599e+003  3.0438724649365977e+003  3.0438551000291336e+003  3.0438550997770599e+003  3.0438550997770526e+003  3.0438550997770526e+003  3.0438550997770490e+003  3.0438550997770490e+003  3.0438550997770490e+003  3.0438550997770490e+003
  7.7647752167664548e+003  6.7462868779417677e+003  6.1096847487382165e+003  4.9659176967058029e+003  2.7508482287403112e+003  2.6917117763551614e+003  2.6917112107924331e+003  2.6917112104564403e+003  2.6917112104552216e+003  2.6917112104552125e+003  2.6917112104552125e+003  2.6917112104552125e+003  2.6917112104552125e+003  2.6917112104552125e+003
  7.5793638221425026e+003  6.5436171342885691e+003  4.9614674714909725e+003  4.2746975903656676e+003  2.5064107965840867e+003  2.4471679456469428e+003  2.4471674443126940e+003  2.4471674442881522e+003  2.4471674442881504e+003  2.4471674442881504e+003  2.4471674442881485e+003  2.4471674442881485e+003  2.4471674442881485e+003  2.4471674442881485e+003
  6.3410300711557420e+003  5.1931003735832646e+003  4.5299964851954637e+003  2.7084825748536987e+003  2.0726368430585353e+003  2.0684169922673427e+003  2.0684168936131136e+003  2.0684168936114074e+003  2.0684168936114038e+003  2.0684168936114020e+003  2.0684168936114002e+003  2.0684168936114002e+003  2.0684168936114002e+003  2.0684168936114002e+003
  7.0285729101934812e+003  5.5989368559229988e+003  5.5935439961020693e+003  4.5901442452622841e+003  2.5850865736470114e+003  2.5157332586287393e+003  2.5157330806135469e+003  2.5157330806102182e+003  2.5157330806102182e+003  2.5157330806102182e+003  2.5157330806102182e+003  2.5157330806102182e+003  2.5157330806102182e+003  2.5157330806102182e+003
  7.1477201893433330e+003  6.0481919441110713e+003  5.4844562281451254e+003  3.8849545981479314e+003  2.1034764258961095e+003  2.0958086715824757e+003  2.0958085010927371e+003  2.0958085010611430e+003  2.0958085010611376e+003  2.0958085010611376e+003  2.0958085010611376e+003  2.0958085010611376e+003  2.0958085010611376e+003  2.0958085010611376e+003
  6.9155571431733215e+003  6.1370080216201231e+003  5.9190832929306080e+003  4.7913203237763655e+003  2.2831273857783290e+003  2.1021532041566334e+003  2.1021446325784254e+003  2.1021446324214921e+003  2.1021446324214576e+003  2.1021446324214576e+003  2.1021446324214576e+003  2.1021446324214576e+003  2.1021446324214558e+003  2.1021446324214558e+003
  8.2392008019843124e+003  7.1679683319070737e+003  6.2130693133127979e+003  5.4634854628216253e+003  2.9547491056686013e+003  2.9141441087917356e+003  2.9141415278348686e+003  2.9141415278079476e+003  2.9141415278079457e+003  2.9141415278079457e+003  2.9141415278079457e+003  2.9141415278079457e+003  2.9141415278079457e+003  2.9141415278079457e+003
  7.0241121136815082e+003  5.7707490447636583e+003  5.3762115147333798e+003  3.0072516878576462e+003  2.0563625230432062e+003  2.0508679834250652e+003  2.0508679579531126e+003  2.0508679579530090e+003  2.0508679579530071e+003  2.0508679579530071e+003  2.0508679579530071e+003  2.0508679579530071e+003  2.0508679579530071e+003  2.0508679579530071e+003
  7.0197780729764117e+003  6.5788871210429370e+003  6.3936050361381731e+003  5.2707722093099828e+003  3.2157172925203067e+003  3.1165769654254163e+003  3.1165736100818031e+003  3.1165736099612168e+003  3.1165736099612113e+003  3.1165736099612095e+003  3.1165736099612077e+003  3.1165736099612077e+003  3.1165736099612059e+003  3.1165736099612059e+003
  7.8301696832984853e+003  6.3446153200011786e+003  5.6769205191464725e+003  3.9386197829366611e+003  2.2327014503160244e+003  2.2223976628372639e+003  2.2223974625187038e+003  2.2223974625172996e+003  2.2223974625172978e+003  2.2223974625172978e+003  2.2223974625172978e+003  2.2223974625172978e+003  2.2223974625172978e+003  2.2223974625172978e+003
  7.4098517081386854e+003  6.4703287577970195e+003  6.0254045282781553e+003  4.3263035997543157e+003  2.2822205232984888e+003  2.2397616488632266e+003  2.2397610985612919e+003  2.2397610985158826e+003  2.2397610985158735e+003  2.2397610985158717e+003  2.2397610985158717e+003  2.2397610985158717e+003  2.2397610985158717e+003  2.2397610985158717e+003
  6.5357507399377037e+003  5.4325290622106422e+003  4.8843083549659359e+003  3.2934314598992241e+003  3.0234330317892000e+003  3.0227355166527268e+003  3.0227355086792431e+003  3.0227355086790903e+003  3.0227355086790867e+003  3.0227355086790867e+003  3.0227355086790867e+003  3.0227355086790867e+003  3.0227355086790867e+003  3.0227355086790867e+003
  6.9214088079257654e+003  5.9056916642085853e+003  5.3198698999749467e+003  2.9587798844532899e+003  2.3071537108942321e+003  2.3061491361862027e+003  2.3061490839235958e+003  2.3061490839202688e+003  2.3061490839202652e+003  2.3061490839202652e+003  2.3061490839202652e+003  2.3061490839202652e+003  2.3061490839202652e+003  2.3061490839202652e+003
  7.1962619076094998e+003  6.0696158390811715e+003  4.7601919336399587e+003  2.3485178838997545e+003  1.0367959802989117e+003  1.0173749129162388e+003  1.0173742453848918e+003  1.0173742453771974e+003  1.0173742453771938e+003  1.0173742453771938e+003  1.0173742453771938e+003  1.0173742453771938e+003  1.0173742453771938e+003  1.0173742453771938e+003
  6.2980857068340538e+003  4.8556262303659660e+003  4.0749262295621793e+003  2.6884405902381677e+003  2.3479921824116682e+003  2.3476814466358919e+003  2.3476814372710305e+003  2.3476814372709669e+003  2.3476814372709650e+003  2.3476814372709650e+003  2.3476814372709650e+003  2.3476814372709650e+003  2.3476814372709650e+003  2.3476814372709650e+003
  7.1910367589004245e+003  6.9465762960786678e+003  6.2368160822793325e+003  5.1369922813049734e+003  2.5517298529316031e+003  2.5440527129092225e+003  2.5440523793689590e+003  2.5440523793650809e+003  2.5440523793650773e+003  2.5440523793650773e+003  2.5440523793650773e+003  2.5440523793650773e+003  2.5440523793650773e+003  2.5440523793650773e+003
  6.5957868841558620e+003  6.4590697893410279e+003  5.2870880511366486e+003  3.1583961911011265e+003  1.7391448859262855e+003  1.7297210504105515e+003  1.7297210183374373e+003  1.7297210183325442e+003  1.7297210183325315e+003  1.7297210183325296e+003  1.7297210183325278e+003  1.7297210183325278e+003  1.7297210183325278e+003  1.7297210183325278e+003
  7.6629409515280640e+003  6.5440659016361769e+003  5.9306267832455997e+003  4.1601671781934456e+003  1.6482255841025835e+003  1.6044929213400592e+003  1.6044924492526116e+003  1.6044924492439877e+003  1.6044924492439859e+003  1.6044924492439841e+003  1.6044924492439841e+003  1.6044924492439841e+003  1.6044924492439841e+003  1.6044924492439841e+003
  6.8746563437103468e+003  6.6438854099940290e+003  5.9797133574114850e+003  4.1229017976946379e+003  2.2576077578827717e+003  2.2560279096981703e+003  2.2560267965927633e+003  2.2560267965913154e+003  2.2560267965913154e+003  2.2560267965913154e+003  2.2560267965913154e+003  2.2560267965913154e+003  2.2560267965913154e+003  2.2560267965913154e+003
  7.0490718048678837e+003  6.5936428988663447e+003  6.0748103287086460e+003  4.1810694422877696e+003  2.0335015245873310e+003  2.0219742753027131e+003  2.0219729720017749e+003  2.0219729698803076e+003  2.0219729698802566e+003  2.0219729698802494e+003  2.0219729698802494e+003  2.0219729698802494e+003  2.0219729698802494e+003  2.0219729698802494e+003
  7.7529547500218978e+003  6.5710874635435921e+003  5.6556854062096336e+003  3.8512002869859698e+003  1.8437219701704944e+003  1.8384744471203430e+003  1.8384743851187868e+003  1.8384743851161293e+003  1.8384743851161184e+003  1.8384743851161184e+003  1.8384743851161165e+003  1.8384743851161165e+003  1.8384743851161165e+003  1.8384743851161165e+003
  7.0438892874969060e+003  6.3487486947463613e+003  5.3799491240819152e+003  3.9840688459970643e+003  1.9969329355902664e+003  1.9211073993394475e+003  1.9211072623204036e+003  1.9211072623189975e+003  1.9211072623189975e+003  1.9211072623189957e+003  1.9211072623189957e+003  1.9211072623189957e+003  1.9211072623189957e+003  1.9211072623189957e+003
  7.6795406919836223e+003  6.5965546535178792e+003  6.2356703408201183e+003  4.2594846230925450e+003  2.7404056096451495e+003  2.7192838299634022e+003  2.7192836456328587e+003  2.7192836456247096e+003  2.7192836456247060e+003  2.7192836456247060e+003  2.7192836456247060e+003  2.7192836456247060e+003  2.7192836456247060e+003  2.7192836456247060e+003
  7.0659455987343363e+003  6.7849736910628280e+003  5.9690660077236280e+003  4.3213226391476255e+003  3.1008479473173302e+003  3.0996470994593092e+003  3.0996470919695512e+003  3.0985295814559558e+003  3.0985295308493969e+003  3.0985295308491568e+003  3.0985295308491441e+003  3.0985295308491422e+003  3.0985295308491422e+003  3.0985295308491422e+003
  6.2044774543887916e+003  6.2044774543887916e+003  5.0073843451881039e+003  2.6429395759390281e+003  2.2082773815923701e+003  2.2056907917730132e+003  2.2056906939607525e+003  2.2056906939568998e+003  2.2056906939568980e+003  2.2056906939568980e+003  2.2056906939568980e+003  2.2056906939568980e+003  2.2056906939568980e+003  2.2056906939568980e+003
  7.1524828565638772e+003  5.9813995479865725e+003  5.6036576234863123e+003  4.1610596213775789e+003  3.2523143751461484e+003  3.2434198508793343e+003  3.2434156746967947e+003  3.2434156736459317e+003  3.2434156736271307e+003  3.2434156736271234e+003  3.2434156736271234e+003  3.2434156736271234e+003  3.2434156736271234e+003  3.2434156736271234e+003
  7.3013632177371655e+003  6.5942624454569168e+003  5.2354340011161330e+003  4.5890627221969407e+003  2.0556537840194469e+003  1.8989920453727900e+003  1.8989813160171961e+003  1.8989813157947392e+003  1.8989813157947247e+003  1.8989813157947210e+003  1.8989813157947210e+003  1.8989813157947210e+003  1.8989813157947210e+003  1.8989813157947210e+003
  7.5136718642929500e+003  6.6291993412843531e+003  6.3292006479070533e+003  4.4572256837766263e+003  2.5637841253118004e+003  2.5299991833954336e+003  2.5299863021099209e+003  2.5299863019179556e+003  2.5299863019179429e+003  2.5299863019179429e+003  2.5299863019179429e+003  2.5299863019179429e+003  2.5299863019179429e+003  2.5299863019179429e+003
  7.1091566984633528e+003  6.1254403050181745e+003  5.5941561876110500e+003  3.3235102085025956e+003  2.3009503952167997e+003  2.2575071182424635e+003  2.2575048897000706e+003  2.2575048896973458e+003  2.2575048896973422e+003  2.2575048896973403e+003  2.2575048896973403e+003  2.2575048896973403e+003  2.2575048896973403e+003  2.2575048896973403e+003
  6.5084101873425770e+003  5.6560204662636997e+003  4.8536806164696754e+003  3.4297238865889321e+003  2.1865170252088756e+003  2.1780700054564240e+003  2.1780691594625387e+003  2.1780691590948718e+003  2.1780691590944189e+003  2.1780691590944189e+003  2.1780691590944189e+003  2.1780691590944189e+003  2.1780691590944189e+003  2.1780691590944189e+003
  6.8107459150839213e+003  5.8070609968231038e+003  4.5285886698547629e+003  2.0844382499221883e+003  1.3981172606663695e+003  1.3889982453992161e+003  1.3889486539047921e+003  1.3889486522672833e+003  1.3889486522593688e+003  1.3889486522593670e+003  1.3889486522593670e+003  1.3889486522593652e+003  1.3889486522593652e+003  1.3889486522593652e+003
  6.7904010845685680e+003  6.2472508981466826e+003  5.8400597099470097e+003  3.4895414412057071e+003  1.5641278604661675e+003  1.5408648249632879e+003  1.5408633207546864e+003  1.5408633207311141e+003  1.5408633207311104e+003  1.5408633207311104e+003  1.5408633207311104e+003  1.5408633207311104e+003  1.5408633207311104e+003  1.5408633207311104e+003
  6.7224708274233017e+003  5.8003221400622861e+003  5.4184242082271103e+003  3.7861316277816404e+003  2.3718195752682295e+003  2.3460223451022484e+003  2.3460208180547197e+003  2.3460208180244063e+003  2.3460208180243990e+003  2.3460208180243972e+003  2.3460208180243972e+003  2.3460208180243972e+003  2.3460208180243972e+003  2.3460208180243972e+003
  7.0682820596953015e+003  5.7744006923331635e+003  5.1809795964263249e+003  3.4679294748189041e+003  2.5111492658730385e+003  2.5062394541928588e+003  2.5062390259372514e+003  2.5062390258191881e+003  2.5062390258191735e+003  2.5062390258191717e+003  2.5062390258191699e+003  2.5062390258191699e+003  2.5062390258191699e+003  2.5062390258191699e+003
  7.2918236694896132e+003  6.1947708339832006e+003  6.0113437249068029e+003  5.1715775260522278e+003  3.2255093881355260e+003  3.1793447415200644e+003  3.1793437620251061e+003  3.1793437619983688e+003  3.1793437619983652e+003  3.1793437619983652e+003  3.1793437619983652e+003  3.1793437619983652e+003  3.1793437619983652e+003  3.1793437619983652e+003
  7.1269093505979172e+003  6.8609411517271128e+003  6.2773485246855989e+003  4.1483875005554146e+003  2.4499995218635686e+003  2.4479514129010513e+003  2.4479513725520774e+003  2.4479513725518391e+003  2.4479513725518354e+003  2.4479513725518354e+003  2.4479513725518336e+003  2.4479513725518336e+003  2.4479513725518336e+003  2.4479513725518336e+003
  7.4050060916767216e+003  6.3042812353366598e+003  5.7881618114301773e+003  3.1955653386490030e+003  2.4050330823014538e+003  2.4040534436349735e+003  2.4040534374719300e+003  2.4040534374718063e+003  2.4040534374718045e+003  2.4040534374718045e+003  2.4040534374718045e+003  2.4040534374718045e+003  2.4040534374718045e+003  2.4040534374718045e+003
  7.7082797086631217e+003  6.9479218783298275e+003  6.7417139287305181e+003  5.2921684493059001e+003  2.5713877333191613e+003  2.4412439482823302e+003  2.4412269597359227e+003  2.4412269597131617e+003  2.4412269597131599e+003  2.4412269597131599e+003  2.4412269597131599e+003  2.4412269597131599e+003  2.4412269597131581e+003  2.4412269597131581e+003
  7.6317576213965076e+003  6.9228120571331356e+003  6.0202988054221560e+003  5.2189553508798754e+003  3.4760694116661962e+003  3.4342768190456882e+003  3.4342758728305653e+003  3.4342758728295430e+003  3.4342758728295375e+003  3.4342758728295375e+003  3.4342758728295375e+003  3.4342758728295375e+003  3.4342758728295375e+003  3.4342758728295375e+003
  6.9542198402143940e+003  6.5358185818944721e+003  6.0718295312354585e+003  4.2113837098910171e+003  2.1915259257033576e+003  2.1867401235938523e+003  2.1867400032015958e+003  2.1867400031957077e+003  2.1867400031957040e+003  2.1867400031957040e+003  2.1867400031957022e+003  2.1867400031957022e+003  2.1867400031957004e+003  2.1867400031957004e+003
  7.0477825271096053e+003  6.3041921068069159e+003  5.5004154948953292e+003  3.3790628571009929e+003  2.1774735931161304e+003  2.1703943608363206e+003  2.1703941445642376e+003  2.1703941445637647e+003  2.1703941445637647e+003  2.1703941445637647e+003  2.1703941445637647e+003  2.1703941445637647e+003  2.1703941445637647e+003  2.1703941445637647e+003
  7.2965316470981270e+003  6.3506185105092236e+003  5.4637586609949158e+003  4.5427372842138420e+003  1.5279207364225913e+003  1.5161612330132903e+003  1.5161611063042328e+003  1.5161611063025539e+003  1.5161611063024775e+003  1.5161611063024757e+003  1.5161611063024757e+003  1.5161611063024757e+003  1.5161611063024757e+003  1.5161611063024757e+003
  7.0244427166294654e+003  6.2257242190976594e+003  5.5586085828469759e+003  3.5938842010684602e+003  1.5779929007131705e+003  1.5419818956616800e+003  1.5419811127710054e+003  1.5419811127658068e+003  1.5419811127658049e+003  1.5419811127658031e+003  1.5419811127658031e+003  1.5419811127658031e+003  1.5419811127658031e+003  1.5419811127658031e+003
  7.5239170785443457e+003  5.5391014708208340e+003  4.3978869124781195e+003  2.0196660696448744e+003  1.2311493150353745e+003  1.2189981776455079e+003  1.2189976990470132e+003  1.2189976990425348e+003  1.2189976990425330e+003  1.2189976990425330e+003  1.2189976990425312e+003  1.2189976990425312e+003  1.2189976990425312e+003  1.2189976990425312e+003
  7.4677257122913688e+003  6.1374874708511006e+003  5.3040681599969566e+003  3.4558132902680263e+003  1.8769263666691040e+003  1.8711579081436485e+003  1.8711577542487303e+003  1.8711577542482137e+003  1.8711577542482100e+003  1.8711577542482100e+003  1.8711577542482100e+003  1.8711577542482100e+003  1.8711577542482100e+003  1.8711577542482100e+003
  6.7151927934586456e+003  5.9163976010178612e+003  5.2346819682736023e+003  3.2506209228762254e+003  2.5608229861384352e+003  2.5568953452909500e+003  2.5568951070756739e+003  2.5568951070701096e+003  2.5568951070701023e+003  2.5568951070700987e+003  2.5568951070700987e+003  2.5568951070700969e+003  2.5568951070700969e+003  2.5568951070700969e+003
  7.8291367593254290e+003  6.4909028643150596e+003  6.1769667131711094e+003  3.3582407643980387e+003  2.2511513226709922e+003  2.2486578555757969e+003  2.2486578440663307e+003  2.2486578440659250e+003  2.2486578440659232e+003  2.2486578440659232e+003  2.2486578440659214e+003  2.2486578440659214e+003  2.2486578440659214e+003  2.2486578440659214e+003
  7.7277900507857521e+003  7.2790021291058947e+003  6.2592285389772524e+003  5.6643724875950229e+003  2.3120055635975186e+003  2.2709984672416740e+003  2.2709976644080944e+003  2.2709976644010221e+003  2.2709976644010185e+003  2.2709976644010185e+003  2.2709976644010167e+003  2.2709976644010167e+003  2.2709976644010167e+003  2.2709976644010167e+003
