  1.8909506064960806e+003  1.3494440269994375e+003  1.1773686239576400e+003  1.0757372690985489e+003  1.0670549376653839e+003  1.0579423473576344e+003  1.0579238991134785e+003  1.0579222063986790e+003  1.0579207127409891e+003  1.0579204468574935e+003  1.0579204112007237e+003  1.0579203919414676e+003  1.0579203909630860e+003  1.0579203909630860e+003
  2.4638305173778699e+003  1.6672130388492969e+003  1.5408047317233031e+003  1.4635780828878496e+003  1.4397766712197526e+003  1.4392150977511646e+003  1.4392082215192577e+003  1.4392081580416025e+003  1.4392080965586028e+003  1.4392080891605128e+003  1.4392078562438437e+003  1.4392078367123950e+003  1.4392078362969123e+003  1.4392078362969123e+003
  4.2426261109892321e+003  3.1942413945314729e+003  2.7302929724111818e+003  2.6484526749652250e+003  2.6005234149015469e+003  2.5943080821786316e+003  2.5930519497142814e+003  2.5929362896584607e+003  2.5929329319175922e+003  2.5929326269935518e+003  2.5929326243986543e+003  2.5929324410851077e+003  2.5929324122374419e+003  2.5929324122374419e+003
  2.6083317025600591e+003  2.2188600489182900e+003  1.9260389677743806e+003  1.7664187290098507e+003  1.7111191348670482e+003  1.7107069949082843e+003  1.7107069932476179e+003  1.7107069932475533e+003  1.7107069932475533e+003  1.7107069932475533e+003  1.7107069932475533e+003  1.7107069932475533e+003  1.7107069932475533e+003  1.7107069932475533e+003
  3.4727857321544125e+003  2.2985429502396519e+003  2.0203453946772297e+003  1.7973644376639486e+003  1.6984830806463651e+003  1.6593599321752827e+003  1.6593527717802735e+003  1.6551799108801097e+003  1.6551788379306181e+003  1.6551788374173966e+003  1.6551788374169428e+003  1.6551788374169428e+003  1.6551788374169428e+003  1.6551788374169428e+003
  1.5636856645943835e+003  1.3495145966589816e+003  1.2679917200515465e+003  1.2154337294061970e+003  1.2077607680238743e+003  1.2077051947870777e+003  1.2077051295432884e+003  1.2077051213912287e+003  1.2077051213872473e+003  1.2077051213872433e+003  1.2077051213872419e+003  1.2077051213872419e+003  1.2077051213872419e+003  1.2077051213872419e+003
  3.5582382522452253e+003  3.0318484615260295e+003  2.5236252457227611e+003  2.2715880215111729e+003  2.2141519546998225e+003  2.2074832984647810e+003  2.2072789500716653e+003  2.2072688851348212e+003  2.2072237385921617e+003  2.2072236716824282e+003  2.2072236706082458e+003  2.2072236706052199e+003  2.2072236706052199e+003  2.2072236706052199e+003
  2.3035648895197010e+003  1.1744561468059828e+003  1.0218828994965284e+003  9.5891251393501307e+002  9.4326808165853663e+002  9.4249248381300367e+002  9.4247803275701972e+002  9.4247580622467740e+002  9.4247248534391019e+002  9.4247145947869012e+002  9.4246910357587149e+002  9.4246825331998207e+002  9.4246812073357796e+002  9.4246812073357796e+002
  4.0668566724352968e+003  1.9868583374830232e+003  1.5646261578186804e+003  1.2580327081675514e+003  1.1784052522424467e+003  1.1674697101725328e+003  1.1659427735845870e+003  1.1657770007020326e+003  1.1656582115181109e+003  1.1656467152027749e+003  1.1654788068961020e+003  1.1653786114906297e+003  1.1653612170790475e+003  1.1653612170790475e+003
  3.5974914186910091e+003  3.0510650608696706e+003  2.9261147332656337e+003  2.8465111455329679e+003  2.8288827350638394e+003  2.8275641958773940e+003  2.8273698363103213e+003  2.8273246537704154e+003  2.8273002537187795e+003  2.8272735911540249e+003  2.8272597461816340e+003  2.8272533464059834e+003  2.8272415106536127e+003  2.8272415106536127e+003
  3.7584861676370156e+003  3.0872098232692115e+003  2.8218812466844101e+003  2.7019861936794532e+003  2.6763347030156619e+003  2.6709156891936655e+003  2.6709015663772707e+003  2.6708860962527069e+003  2.6708787895554642e+003  2.6708766403972495e+003  2.6708762189362460e+003  2.6708759792654237e+003  2.6708758900636185e+003  2.6708758900636185e+003
  4.5484510456289481e+003  4.2038095864950174e+003  3.5689499541232344e+003  3.1542425009733233e+003  3.0913396474682077e+003  3.0896267908829877e+003  3.0894103997817474e+003  3.0892994840031006e+003  3.0892901012627080e+003  3.0892885076201310e+003  3.0892880545412718e+003  3.0892879806271012e+003  3.0892879441664136e+003  3.0892879441664136e+003
  3.2094662953585575e+003  2.4291948516006732e+003  2.2426246589602624e+003  2.1808731308031402e+003  2.1736939157789820e+003  2.1736499922334133e+003  2.1736499845953749e+003  2.1736499845953122e+003  2.1736499845953094e+003  2.1736499845953094e+003  2.1736499845953094e+003  2.1736499845953094e+003  2.1736499845953094e+003  2.1736499845953094e+003
  2.0399258747847907e+003  1.5904987106758153e+003  1.5162756658710150e+003  1.4422832884905774e+003  1.4320894937321236e+003  1.4319452082660273e+003  1.4318359557535850e+003  1.4318350209707551e+003  1.4318350190797037e+003  1.4318348608580100e+003  1.4318348582656372e+003  1.4318348130548893e+003  1.4318348104013767e+003  1.4318348104013767e+003
  1.4594279485776196e+003  1.1577037250558014e+003  1.0562802040956990e+003  9.7281087573837749e+002  9.4129615760048637e+002  9.4115389769722105e+002  9.4115389072240987e+002  9.4115389072233847e+002  9.4115389072233666e+002  9.4115389072233666e+002  9.4115389072233575e+002  9.4115389072233575e+002  9.4115389072233575e+002  9.4115389072233575e+002
  1.7284433740320783e+003  1.4096845548235906e+003  1.3390763612619894e+003  1.2975491630437627e+003  1.2734087600606645e+003  1.2729844367354031e+003  1.2729785252026950e+003  1.2729774273690109e+003  1.2729773236038636e+003  1.2729773136075842e+003  1.2729773009268088e+003  1.2729772179749211e+003  1.2729772115152437e+003  1.2729772115152437e+003
  1.8728614614218950e+003  1.5344458097563629e+003  1.2671433961181701e+003  1.0282428507887639e+003  1.0097740863845675e+003  1.0086936092289598e+003  1.0086786905753684e+003  1.0086739375895004e+003  1.0086722987772969e+003  1.0086655096442564e+003  1.0086644356780944e+003  1.0086641043836016e+003  1.0086636008010159e+003  1.0086636008010159e+003
  1.9665293573760864e+003  1.3382120734866276e+003  1.1824057095695516e+003  1.1110387623709485e+003  1.0977533511506240e+003  1.0977172871247453e+003  1.0977172851920004e+003  1.0977172851911291e+003  1.0977172851911282e+003  1.0977172851911282e+003  1.0977172851911282e+003  1.0977172851911282e+003  1.0977172851911282e+003  1.0977172851911282e+003
  3.0421618445847653e+003  2.4019473777440862e+003  2.1532223048900541e+003  2.0955469149891806e+003  2.0901237849128420e+003  2.0900315669594902e+003  2.0900315652793906e+003  2.0900315652792478e+003  2.0900315652792469e+003  2.0900315652792460e+003  2.0900315652792460e+003  2.0900315652792460e+003  2.0900315652792460e+003  2.0900315652792460e+003
  2.2523613649873096e+003  1.6581072605599393e+003  1.5197583118184821e+003  1.4633451293521121e+003  1.4559839154387191e+003  1.4557632754764099e+003  1.4557632480878328e+003  1.4557632480870134e+003  1.4557632480870125e+003  1.4557632480870107e+003  1.4557632480870107e+003  1.4557632480870107e+003  1.4557632480870107e+003  1.4557632480870107e+003
  1.8318458808262367e+003  1.2875331563979930e+003  1.1245986229357950e+003  1.0458836115447402e+003  1.0363762908573744e+003  1.0362950149179519e+003  1.0362950061977244e+003  1.0362950061973188e+003  1.0362950061973188e+003  1.0362950061973183e+003  1.0362950061973183e+003  1.0362950061973179e+003  1.0362950061973179e+003  1.0362950061973179e+003
  2.8207195651091170e+003  2.1566623803083339e+003  1.8677251550122583e+003  1.7563006452541595e+003  1.6959835749951599e+003  1.6940654906504897e+003  1.6940481522951486e+003  1.6940398831576949e+003  1.6940279308196823e+003  1.6940110347945429e+003  1.6940100677360870e+003  1.6940100651591802e+003  1.6940100650368422e+003  1.6940100650368422e+003
  2.1214294712501987e+003  1.7956907107363077e+003  1.7087943939712413e+003  1.6200339900575827e+003  1.4569293990731767e+003  1.4410011110519536e+003  1.4407921466568350e+003  1.4407912625765512e+003  1.4407912578535879e+003  1.4407912577504776e+003  1.4407912577504458e+003  1.4407912576984145e+003  1.4407912576973622e+003  1.4407912576973622e+003
  1.9173419682209878e+003  1.3369402311043632e+003  1.2125224898700371e+003  1.1588081046340967e+003  1.1446375238468781e+003  1.1445418486981062e+003  1.1445418439370842e+003  1.1445418439370169e+003  1.1445418439370164e+003  1.1445418439370164e+003  1.1445418439370164e+003  1.1445418439370160e+003  1.1445418439370160e+003  1.1445418439370160e+003
  2.8679465965681684e+003  1.6101426271979544e+003  1.3911490491362892e+003  1.2650326455851491e+003  1.2312654319095973e+003  1.2309698744016864e+003  1.2309636538707600e+003  1.2309635001157826e+003  1.2309624439314894e+003  1.2309623244519307e+003  1.2309619382301580e+003  1.2309617841947256e+003  1.2309617826037779e+003  1.2309617826037779e+003
  2.9492726403758061e+003  1.9098361716671861e+003  1.6820416591777539e+003  1.6246720122646748e+003  1.6134311210044898e+003  1.6130594338653364e+003  1.6127302252610516e+003  1.6121770506895255e+003  1.6121340441231696e+003  1.6120355112102479e+003  1.6120177603600860e+003  1.6120177295096955e+003  1.6120177290509673e+003  1.6120177290509673e+003
  2.8370505189848718e+003  1.9683244265418325e+003  1.6911647916853181e+003  1.5467440898747873e+003  1.5215274434711009e+003  1.5203311278586070e+003  1.5203193491369075e+003  1.5203191539487088e+003  1.5203189297930594e+003  1.5203189295140164e+003  1.5203189212712941e+003  1.5203188949161322e+003  1.5203188946813843e+003  1.5203188946813843e+003
  3.1286508870506213e+003  2.3021616743523791e+003  1.9515487704355373e+003  1.8510787560795579e+003  1.8359353138975839e+003  1.8314569451174639e+003  1.8313964484721982e+003  1.8313163504572694e+003  1.8312770302008030e+003  1.8312666840617921e+003  1.8312619010550934e+003  1.8312559697126717e+003  1.8312478607184566e+003  1.8312478607184566e+003
  3.2543272932566733e+003  2.5279025700073125e+003  2.3098079435841464e+003  2.2391683532936686e+003  2.2102426677318772e+003  2.2099976080361967e+003  2.2099975276111745e+003  2.2099975275827865e+003  2.2099975275827755e+003  2.2099975275827755e+003  2.2099975275827755e+003  2.2099975275827755e+003  2.2099975275827755e+003  2.2099975275827755e+003
  2.3842770981188032e+003  1.8054576343742847e+003  1.6889465878126948e+003  1.5410704244811286e+003  1.5037498025079121e+003  1.5016412617276737e+003  1.5014801481541508e+003  1.5014747134649970e+003  1.5014727333090486e+003  1.5014726503497186e+003  1.5014725613735154e+003  1.5014710812348549e+003  1.5014704944274090e+003  1.5014704944274090e+003
  1.6409037798858271e+003  1.3661117229882047e+003  1.2775748963468091e+003  1.2432719606207420e+003  1.2165142345189415e+003  1.2156753205524956e+003  1.2156631572993388e+003  1.2156398509121850e+003  1.2156244140299696e+003  1.2156228186341873e+003  1.2156224759499428e+003  1.2156217386526810e+003  1.2156217102264718e+003  1.2156217102264718e+003
  4.2447755265194373e+003  3.5698230094315904e+003  3.2974267777098339e+003  3.1914274234198601e+003  3.1562082907599961e+003  3.1557282801180518e+003  3.1557274910203050e+003  3.1557269829504376e+003  3.1557269818405284e+003  3.1557269818346131e+003  3.1557269818346113e+003  3.1557269818346094e+003  3.1557269818346094e+003  3.1557269818346094e+003
  1.5173234199670478e+003  1.1079469335013428e+003  9.5277536600515441e+002  8.9588303162508055e+002  8.8437052071994367e+002  8.8425888999191102e+002  8.8425383007535902e+002  8.8425073086671091e+002  8.8425051320063267e+002  8.8425051181710751e+002  8.8425051181370873e+002  8.8425051181370463e+002  8.8425051181370418e+002  8.8425051181370418e+002
  1.9967074829816638e+003  1.4820846158290260e+003  1.3133017356884757e+003  1.2826708091699229e+003  1.2653196723500969e+003  1.2639124898746709e+003  1.2639039814415642e+003  1.2639039214371819e+003  1.2639008254849464e+003  1.2639007510629740e+003  1.2638924998789566e+003  1.2638824390320033e+003  1.2638814401963573e+003  1.2638814401963573e+003
  1.7299800044574567e+003  1.4394000921975303e+003  1.3248300787421485e+003  1.2717091095050905e+003  1.2589683637723024e+003  1.2576439485661936e+003  1.2576194671651056e+003  1.2576112874597939e+003  1.2576106092175223e+003  1.2576104975165958e+003  1.2576103478637501e+003  1.2576103347942785e+003  1.2576102643293011e+003  1.2576102643293011e+003
  2.9189060496827542e+003  1.6324122891906409e+003  1.4120738223400667e+003  1.2821203847492725e+003  1.2352004286222427e+003  1.2327181416674030e+003  1.2326348534596550e+003  1.2326283636233879e+003  1.2326276233106382e+003  1.2326266623007305e+003  1.2326260327213813e+003  1.2326259955377009e+003  1.2326257143986136e+003  1.2326257143986136e+003
  2.2852125360258933e+003  1.4292835104674914e+003  1.2866773943456610e+003  1.2215382349484998e+003  1.1999773224300243e+003  1.1983941355352063e+003  1.1983865512853749e+003  1.1983865438227331e+003  1.1983865436933456e+003  1.1983865436916740e+003  1.1983865436916399e+003  1.1983865436911883e+003  1.1983865436911810e+003  1.1983865436911810e+003
  3.0096637468670142e+003  2.3872582519425414e+003  2.1382362690204500e+003  1.9992396206245057e+003  1.9621521015487015e+003  1.9616563934734268e+003  1.9616563571645547e+003  1.9616563571641691e+003  1.9616563571641473e+003  1.9616563571641454e+003  1.9616563571641445e+003  1.9616563571641445e+003  1.9616563571641445e+003  1.9616563571641445e+003
  1.8129361806121160e+003  1.2603963333673441e+003  1.1053244227013338e+003  1.0721810158586040e+003  1.0678187854290672e+003  1.0650226095324829e+003  1.0649897176228824e+003  1.0649886874275944e+003  1.0649884985500403e+003  1.0649869825317114e+003  1.0649864552683093e+003  1.0649861808418564e+003  1.0649859560536206e+003  1.0649859560536206e+003
  1.5398237734899549e+003  1.1862101627920142e+003  1.1275610475763392e+003  1.0482059416027660e+003  1.0382357185158294e+003  1.0374181214430232e+003  1.0373969218926281e+003  1.0373915478834147e+003  1.0373895325268832e+003  1.0373889828679594e+003  1.0373888945235090e+003  1.0373888939332774e+003  1.0373888812675036e+003  1.0373888812675036e+003
  1.7792313317936350e+003  1.3319950054055089e+003  1.2020052205134407e+003  1.1661464706140223e+003  1.1610679723468838e+003  1.1610422977608041e+003  1.1610422968036364e+003  1.1610422968034791e+003  1.1610422968034773e+003  1.1610422968034763e+003  1.1610422968034763e+003  1.1610422968034763e+003  1.1610422968034763e+003  1.1610422968034763e+003
  3.4942272404263349e+003  2.8966969535203998e+003  2.5965799395897384e+003  2.3857385268101934e+003  2.3716685675957588e+003  2.3710294924142836e+003  2.3708661204479995e+003  2.3707978113085810e+003  2.3707938982878022e+003  2.3707937445791213e+003  2.3707936025527833e+003  2.3707936025032204e+003  2.3707936023183338e+003  2.3707936023183338e+003
  2.1275400058566320e+003  1.6202132533105396e+003  1.3885078187327754e+003  1.3014214894741463e+003  1.2882684064344876e+003  1.2878878727491447e+003  1.2878042990110725e+003  1.2877705571665697e+003  1.2877696042422676e+003  1.2877633267810916e+003  1.2877617823881369e+003  1.2877617774632236e+003  1.2877617772667463e+003  1.2877617772667463e+003
  2.9842197058966758e+003  2.3668727188199437e+003  2.1477759261530055e+003  2.0663032362983922e+003  2.0585735119997635e+003  2.0566160736453230e+003  2.0566159592923414e+003  2.0566159592919521e+003  2.0566159592919521e+003  2.0566159592919521e+003  2.0566159592919521e+003  2.0566159592919512e+003  2.0566159592919512e+003  2.0566159592919512e+003
  4.2039462597804222e+003  3.2240267429965361e+003  2.7996906900612730e+003  2.6386204666479352e+003  2.6117617435033371e+003  2.6111007850629458e+003  2.6111007809549828e+003  2.6111007809505318e+003  2.6111007809505309e+003  2.6111007809505309e+003  2.6111007809505309e+003  2.6111007809505300e+003  2.6111007809505290e+003  2.6111007809505290e+003
  3.1244378161756740e+003  2.3891986355852659e+003  1.8529538106123000e+003  1.6639172084233724e+003  1.6032043661005273e+003  1.6018584697119541e+003  1.6017826362708620e+003  1.6017801288156952e+003  1.6017760572239304e+003  1.6017706431176757e+003  1.6017695831775691e+003  1.6017672059526731e+003  1.6017667664416122e+003  1.6017667664416122e+003
  1.7798280942430592e+003  1.3947777473569167e+003  1.2670401812048535e+003  1.2177963808135469e+003  1.2147934343223333e+003  1.2147734499643061e+003  1.2147734494443130e+003  1.2147734494442957e+003  1.2147734494442957e+003  1.2147734494442957e+003  1.2147734494442957e+003  1.2147734494442957e+003  1.2147734494442957e+003  1.2147734494442957e+003
  3.3615178837788026e+003  2.2233423889376663e+003  2.0355732194248321e+003  1.9291598062708690e+003  1.9022631515094909e+003  1.9015966966164124e+003  1.9015780796187264e+003  1.9015400880338593e+003  1.9015374871700342e+003  1.9015371735179015e+003  1.9015368004017737e+003  1.9015368001097058e+003  1.9015367074231399e+003  1.9015367074231399e+003
  1.8358978039824615e+003  1.3854581948031719e+003  1.1853653725397494e+003  1.0956861014468386e+003  1.0696958420278174e+003  1.0695715334326082e+003  1.0695715325612500e+003  1.0695715325612423e+003  1.0695715325612400e+003  1.0695715325612337e+003  1.0695715325612332e+003  1.0695715325612332e+003  1.0695715325612327e+003  1.0695715325612327e+003
  2.1376895022771496e+003  1.8686130154661914e+003  1.7246292870478392e+003  1.6532729967724163e+003  1.6007270948694950e+003  1.5818368658370564e+003  1.5813103777379683e+003  1.5812895768532680e+003  1.5812887479518913e+003  1.5812870944647184e+003  1.5812852881278213e+003  1.5812845216716732e+003  1.5812843198388673e+003  1.5812843198388673e+003
  1.5542496130382151e+003  1.2555718521717977e+003  1.1834726961464567e+003  1.0991464738779696e+003  1.0461114251074055e+003  1.0384608730342061e+003  1.0384471015947465e+003  1.0384466122076660e+003  1.0384466119927474e+003  1.0384466119923018e+003  1.0384466119922990e+003  1.0384466119922981e+003  1.0384466119922981e+003  1.0384466119922981e+003
