  2.0273547673239009e+003  6.9304573583538649e+002  2.9853726098604511e+002  1.5575593881725581e+001  2.4914117868097492e+000  1.3592013883958316e+000  1.3147448716049439e+000  1.3146588676859210e+000  1.3146582511781162e+000  1.3146512918947337e+000  1.3146512753569368e+000  1.3146512753569368e+000  1.3146512753569368e+000  1.3146512753569368e+000
  4.0032577530603521e+003  5.7894564001608978e+002  2.3951282929350327e+002  1.7689920612265269e+001  1.8195489857480425e+000  1.2279312894143004e+000  1.2175475914709750e+000  1.2173711785112573e+000  1.2173564419663307e+000  1.2173564358113254e+000  1.2173564358113254e+000  1.2173564358113254e+000  1.2173564358113254e+000  1.2173564358113254e+000
  3.6708074914408089e+003  5.7765644896149297e+002  4.5424781943424478e+002  1.3250466227073002e+002  1.2128337928021028e+002  1.1898598377139115e+002  1.1871886147935902e+002  1.1871247753308035e+002  1.1871246694498905e+002  1.1871246570900303e+002  1.1871246570388621e+002  1.1871246570388621e+002  1.1871246570388621e+002  1.1871246570388621e+002
  1.7331925495767391e+003  6.2372247097452555e+002  6.3558653677308484e+001  2.9750399666822887e+000  1.5611793709826998e+000  1.0108710538274863e+000  1.0104874854173431e+000  1.0104741878103596e+000  1.0104741710870258e+000  1.0104741710870258e+000  1.0104741710870258e+000  1.0104741710870258e+000  1.0104741710870258e+000  1.0104741710870258e+000
  1.2818874297329176e+003  7.0432558858395305e+002  4.1728595370857329e+002  3.6117159681397334e+002  3.6042578741875514e+002  3.6041923125998619e+002  3.6041847074083125e+002  3.6041847058185340e+002  3.6041847057064297e+002  3.6041847057064297e+002  3.6041847057064297e+002  3.6041847057064297e+002  3.6041847057064297e+002  3.6041847057064297e+002
  1.4188752995720974e+003  6.6293803148571669e+002  1.9877325267517290e+002  1.7807112136021033e+002  1.7769798685371643e+002  1.7756019695264968e+002  1.7755817951951258e+002  1.7755817939323606e+002  1.6835950792397398e+002  1.6835950792397398e+002  1.6835950792397398e+002  1.6835950792397398e+002  1.6835950792397398e+002  1.6835950792397398e+002
  1.2626317252140366e+003  3.4009582049698656e+002  1.4352915509609693e+002  1.7914117562234424e+001  1.7159735439665383e+001  1.7077245063827831e+001  1.7077063486248335e+001  1.7077062157420187e+001  1.7077062151871814e+001  1.7077062151871814e+001  1.7077062151871814e+001  1.7077062151871814e+001  1.7077062151871814e+001  1.7077062151871814e+001
  3.4236052709845702e+004  8.2249907245097347e+002  2.1794863124634776e+002  9.6436045293243751e+001  5.8701036021323034e+001  5.8518610304702634e+001  5.8517737619103173e+001  5.8517730478560225e+001  5.8517730392952217e+001  5.8517730392683916e+001  5.8517730392683916e+001  5.8517730392683916e+001  5.8517730392683916e+001  5.8517730392683916e+001
  3.1115473933078189e+004  2.7755402127514895e+004  8.4071358232625698e+002  6.4159805663070529e+001  1.8019256495176705e+001  1.7221605337723304e+001  1.6761121375217044e+001  1.6759557436142131e+001  1.6759550273617151e+001  1.6759549570455420e+001  1.6759549569150295e+001  1.6759549569150295e+001  1.6759549569150295e+001  1.6759549569150295e+001
  4.0077052704433700e+003  7.2815559830472512e+002  2.3469125374386567e+002  3.0823628674284919e+001  2.1588218902015797e+001  1.7012104470718441e+001  1.6810511392527133e+001  1.6809312807986771e+001  1.6809306621617907e+001  1.6809306593769179e+001  1.6809306593769179e+001  1.6809306593769179e+001  1.6809306593769179e+001  1.6809306593769179e+001
  2.0634259510621869e+003  4.8411480679490614e+002  3.9694366945241700e+002  3.7459629992364898e+002  3.7396569373688772e+002  3.7393470548644837e+002  3.7393006044772210e+002  3.7393005374897120e+002  3.7393005374544282e+002  3.7393005374544282e+002  3.7393005374544282e+002  3.7393005374544282e+002  3.7393005374544282e+002  3.7393005374544282e+002
  3.2990378101784831e+004  6.6259868010250966e+002  2.4480332245692534e+002  1.8449656015868368e+002  1.8393572643516882e+002  1.8326353541199296e+002  1.8324706448445977e+002  1.8324692789849178e+002  1.8324692782003785e+002  1.8324692780993382e+002  1.8324692780993382e+002  1.8324692780993382e+002  1.8324692780993382e+002  1.8324692780993382e+002
  3.8289192838654999e+003  7.5297522729069124e+002  4.7800496809229844e+002  5.1078092625595673e+001  2.0535732499643927e+001  1.6813478589534498e+001  1.6786972770081775e+001  1.6785317127500548e+001  1.6785316371550834e+001  1.6785316360755587e+001  1.6785316360755587e+001  1.6785316360755587e+001  1.6785316360755587e+001  1.6785316360755587e+001
  1.1029009585886361e+003  5.2805698124836090e+002  2.0492042576136691e+002  1.3821340562189744e+002  1.3750519232875286e+002  1.3743496700416063e+002  1.3743393696821113e+002  1.3743389901006276e+002  1.3743389894037318e+002  1.3743389893419817e+002  1.3743389893419817e+002  1.3743389893419817e+002  1.3743389893419817e+002  1.3743389893419817e+002
  6.0353560051450704e+003  7.0970234435040720e+002  1.7821626896265252e+002  1.2651762662191959e+002  1.2551185567938364e+002  1.2545436664064073e+002  1.2545435670147799e+002  1.2545435082721860e+002  1.2545435082674885e+002  1.2545435082671293e+002  1.2545435082671293e+002  1.2545435082671293e+002  1.2545435082671293e+002  1.2545435082671293e+002
  6.7586778900952831e+003  6.9058109972982948e+002  2.4198561510356649e+002  1.2660258654485187e+002  1.2531574581784525e+002  1.2506435021900734e+002  1.2506396850714918e+002  1.2506373189200440e+002  1.2506373188854104e+002  1.2506373188854104e+002  1.2506373188854104e+002  1.2506373188854104e+002  1.2506373188854104e+002  1.2506373188854104e+002
  1.5936365362369324e+003  2.5984252532241044e+002  2.0428844579451425e+002  1.8793510952572433e+001  1.7716029960678043e+001  1.7499574020128875e+001  1.7498889260619762e+001  1.7498888156528210e+001  1.7498888040017846e+001  1.7498888031429487e+001  1.7498888031429487e+001  1.7498888031429487e+001  1.7498888031429487e+001  1.7498888031429487e+001
  2.9474762593414562e+003  5.8705541874764413e+002  2.0391811661834709e+002  1.4437847404368767e+002  1.4405856314899074e+002  1.4346127066129702e+002  1.4342014702348115e+002  1.4341974886104299e+002  1.4341974789414462e+002  1.4341974788042626e+002  1.4341974788042626e+002  1.4341974788042626e+002  1.4341974788042626e+002  1.4341974788042626e+002
  5.6557596394140819e+003  6.0975706315448815e+002  2.0774008914656770e+002  1.2009231473031559e+002  1.1916105527974332e+002  1.1894777137134315e+002  1.1894605016352671e+002  1.1894604609143835e+002  1.1894604605363611e+002  1.1894604605363611e+002  1.1894604605363611e+002  1.1894604605363611e+002  1.1894604605363611e+002  1.1894604605363611e+002
  2.1353862873317366e+003  4.9564407327560457e+002  4.3638708465155833e+002  2.9759880695929223e+002  2.8026059033390629e+002  2.7975300727996364e+002  2.7972640100397302e+002  2.7972597683553431e+002  2.7972597654965011e+002  2.7972597653909270e+002  2.7972597653909270e+002  2.7972597653909270e+002  2.7972597653909270e+002  2.7972597653909270e+002
  2.9318040871655867e+003  3.6252421089603467e+002  2.7654642076921118e+002  2.6628688637084360e+002  2.6614633433244217e+002  2.6603708651087618e+002  2.6603705694889322e+002  2.6603705693346865e+002  2.6603705693192978e+002  2.6603705693192978e+002  2.6603705693192978e+002  2.6603705693192978e+002  2.6603705693192978e+002  2.6603705693192978e+002
  1.0948917965578721e+004  1.7857525281944845e+002  1.0281642086493639e+002  5.0198675973124409e+000  5.2369027104850829e-001  2.1881664439661108e-002  2.5695634622024954e-003  2.5216101812475245e-003  2.5216088320121344e-003  2.5216088320121344e-003  2.5216088320121344e-003  2.5216088320121344e-003  2.5216088320121344e-003  2.5216088320121344e-003
  2.0128498959500746e+004  4.6457419733424786e+002  1.1482334613728972e+002  6.4417073987316599e+001  5.9409592263615195e+001  5.9179203849624628e+001  5.9176817021821080e+001  5.9176743243423971e+001  5.9176743199775501e+001  5.9176743199775501e+001  5.9176743199775501e+001  5.9176743199775501e+001  5.9176743199775501e+001  5.9176743199775501e+001
  9.4623821861261786e+003  6.6658370062613221e+002  4.9417842700609208e+002  3.8210026127212404e+002  3.7934445166720798e+002  3.7888124260106497e+002  3.7886568008107406e+002  3.7886565524728803e+002  3.7886563726658414e+002  3.7886563715633656e+002  3.7886563715518923e+002  3.7886563715518923e+002  3.3086483419670185e+002  3.3086483419670185e+002
  5.5250767220416519e+003  4.4589103083279224e+002  1.0040558386088287e+002  1.9728040743323618e+001  1.8192643334392415e+001  1.7792650369031435e+001  1.7785913230821734e+001  1.7785866212062501e+001  1.7785827723018883e+001  1.7785827626363698e+001  1.7785827616563438e+001  1.7785827616563438e+001  1.7785827616563438e+001  1.7785827616563438e+001
  4.0714346386738507e+003  7.4202768302527875e+002  4.2745475112088388e+002  1.1907509245334813e+002  6.0093329842142339e+001  5.8924985873326477e+001  5.8920174193617186e+001  5.8852296786780244e+001  5.8852291439864075e+001  5.8852291208934275e+001  5.8852291198075818e+001  5.8852291193290512e+001  5.8852291193290512e+001  5.8852291193290512e+001
  4.8640201989476273e+003  1.3050495071688292e+003  1.7150096810868718e+002  7.9836174381793626e+001  7.8056425531719469e+001  7.5118256321868557e+001  7.5088758122406034e+001  7.5088745888189351e+001  7.5088745803123857e+001  7.5088745803123857e+001  7.5088745803123857e+001  7.5088745803123857e+001  7.5088745803123857e+001  7.5088745803123857e+001
  1.2458261426827779e+004  4.0986078589617318e+002  3.8175704608245724e+002  3.6097872790879956e+002  3.6087552870668878e+002  3.6087130972938394e+002  3.6087130235552922e+002  3.6087130233237986e+002  3.6087130233148309e+002  3.6087130233148309e+002  3.6087130233148309e+002  3.6087130233148309e+002  3.6087130233148309e+002  3.6087130233148309e+002
  2.5469783343341114e+004  5.6145942338974510e+002  3.1056887353565162e+002  1.0098353492370734e+001  2.9912131449523258e+000  7.6380690034375220e-001  7.6279861834473195e-001  7.5936302916898057e-001  7.5936184178499389e-001  7.5936179273958260e-001  7.5936179056316178e-001  7.5936179056316178e-001  7.5936179056316178e-001  7.5936179056316178e-001
  2.0511426336781231e+004  1.6173087614689193e+003  7.0531072003348436e+002  3.6153062153328256e+002  3.6066500339846061e+002  3.6035097481409866e+002  3.6035082843791679e+002  3.6035076628245497e+002  3.6035076627556964e+002  3.6035076627556964e+002  3.6035076627556964e+002  3.6035076627556964e+002  3.6035076627556964e+002  3.6035076627556964e+002
  2.3514033915721757e+003  1.1297593704305664e+003  3.6165455846503573e+002  2.5656807852208522e+002  2.5042766969296918e+002  2.4964393743833807e+002  2.4963622335166383e+002  2.4963618418090664e+002  2.4963618354697610e+002  2.4963618351665809e+002  2.4963618351378273e+002  2.4963618351378273e+002  2.4963618351378273e+002  2.4963618351378273e+002
  1.2238158588018978e+003  5.9404279148772775e+002  4.4621852889292268e+002  3.9756428632822735e+002  3.9578070651345843e+002  3.9555207560330200e+002  3.9554997895933411e+002  3.9554983823391740e+002  3.9554983766423129e+002  3.9554983763013752e+002  3.9554983762846496e+002  3.9554983762846496e+002  3.9554983762846496e+002  3.9554983762846496e+002
  1.4855121209490557e+004  9.1877440907526898e+002  3.8035442862629770e+002  1.9505293723411478e+002  1.9099769793965334e+002  1.9041606487945501e+002  1.9041527753294986e+002  1.9041526909553249e+002  1.9041526904713419e+002  1.9041526904713419e+002  1.9041526904713419e+002  1.9041526904713419e+002  1.9041526904713419e+002  1.9041526904713419e+002
  1.0049437237894804e+003  7.2140890608568952e+002  5.9587992946466511e+002  4.9160987647634147e+002  2.6913363204157395e+002  2.6857828983396575e+002  2.6853489187672994e+002  2.6852095069048164e+002  2.6852087654242860e+002  2.6852087633306292e+002  2.6852087633306292e+002  2.6852087633306292e+002  2.6852087633306292e+002  2.6852087633306292e+002
  1.1978778847080395e+004  8.9044109140044475e+002  3.0174150473137979e+002  1.5147873582006468e+002  1.4873340139994752e+002  1.4297767394345965e+002  1.4278642914548573e+002  1.4278608902220503e+002  1.4278608329965527e+002  1.4278607386814110e+002  1.4278607385799432e+002  1.4278607385799432e+002  1.4278607385799432e+002  1.4278607385799432e+002
  5.6971356039266575e+003  5.1601891909365349e+002  2.6370531700533184e+002  1.2851969283019844e+002  1.2570151589910074e+002  1.2549021187634344e+002  1.2548043152012178e+002  1.2548035001507560e+002  1.2548034924890999e+002  1.2548034879001489e+002  1.2548034828939262e+002  1.2548034824763772e+002  1.2548034824300521e+002  1.2548034824300521e+002
  4.5434673749491594e+003  7.6426349114507320e+002  2.3203437857762628e+002  1.3318916113680370e+002  1.2408973155572949e+002  1.1901790859808989e+002  1.1884257629066997e+002  1.1884156444880773e+002  1.1884156319190242e+002  1.1884156312889172e+002  1.1884156312861614e+002  1.1884156312861614e+002  1.1884156312861614e+002  1.1884156312861614e+002
  5.7138545984339653e+003  6.3734331495837250e+002  5.7488413443923218e+002  4.2371315665747716e+002  4.2118382898493519e+002  4.2109950264465351e+002  4.2109867191303829e+002  4.2109855722079101e+002  4.2109855710757392e+002  4.2109855709911380e+002  4.2109855709911380e+002  4.2109855709911380e+002  4.2109855709911380e+002  4.2109855709911380e+002
  1.4277156855615038e+004  4.4904709030395134e+002  2.4693059418872099e+002  1.8482167302992229e+002  1.8383615163272771e+002  1.8375048123552597e+002  1.8374078723520188e+002  1.8374077387980924e+002  1.8374077349217168e+002  1.8374077347895081e+002  1.8374077347895081e+002  1.8374077347895081e+002  1.8374077347895081e+002  1.8374077347895081e+002
  9.1491931889938915e+003  6.2855203118474583e+002  2.5481606044672617e+002  1.4530259817397109e+002  1.3761262542206623e+002  1.3759037904484421e+002  1.3759022006039777e+002  1.3759021993427496e+002  1.3759021993231363e+002  1.3759021993231363e+002  1.3759021993231363e+002  1.3759021993231363e+002  1.3759021993231363e+002  1.3759021993231363e+002
  1.1183307189759693e+004  3.7241325899761750e+002  8.2971629778167880e+001  7.7553443224310286e+000  6.6900761885517568e+000  7.4363010460274381e-002  3.9473526810070325e-002  3.8831207958992309e-002  3.8829611627534177e-002  3.8829151038044074e-002  3.8829143317343551e-002  3.8829143317343551e-002  3.8829143317343551e-002  3.8829143317343551e-002
  1.6233677751367140e+003  2.6577143551336030e+002  1.3664424573002952e+002  1.3077512227384386e+002  1.2600015356165068e+002  1.2536874662809214e+002  1.2531793602389553e+002  1.2531625801225300e+002  1.2531625675544683e+002  1.2531625671702659e+002  1.2531625671408028e+002  1.2531625671408028e+002  1.2531625671408028e+002  1.2531625671408028e+002
  4.3452512939351138e+004  1.4538296096417660e+004  3.0076342455627946e+002  1.8472322688828717e+002  1.8377213074118117e+002  1.7713410934658305e+002  1.7704901351239823e+002  1.7704864656002837e+002  1.7704864502503506e+002  1.7704864481438653e+002  1.7704864473168664e+002  1.7704864473148473e+002  1.7704864473148473e+002  1.7704864473148473e+002
  1.7202521856766025e+003  2.1081917413619158e+002  2.3071619109394760e+001  3.8217243088938631e+000  1.0241326230384402e+000  1.0302818392256086e-001  9.3375369545356079e-002  9.2976768898097362e-002  9.2976509599338897e-002  9.2976496117444185e-002  9.2976496117444185e-002  9.2976496117444185e-002  9.2976496117444185e-002  9.2976496117444185e-002
  1.1067629314622351e+004  9.2376086514294184e+002  3.4935931591805547e+002  2.4680069256918432e+002  1.2221160524211609e+002  1.2062091623204424e+002  1.2059760695288151e+002  1.2059678426939718e+002  1.2059677807552180e+002  1.2059677763394438e+002  1.2059677751332583e+002  1.2059677750956644e+002  1.2059677750956644e+002  1.2059677750956644e+002
  5.7932073781634790e+003  4.9618898143913702e+002  1.6662959423974462e+002  7.8182464709218493e+001  7.5730540109220328e+001  7.5026001437812283e+001  7.4995135326396849e+001  7.4982702392967894e+001  7.4982686621617177e+001  7.4982686492034645e+001  7.4982686490818651e+001  7.4982686490818651e+001  7.4982686490818651e+001  7.4982686490818651e+001
  2.2799330848635555e+003  8.0476551456347352e+002  5.5351087975746032e+002  4.4004061103041067e+002  4.3985711852780241e+002  4.3976828576914659e+002  4.3976720100706461e+002  4.3976719612661782e+002  4.3976719609460542e+002  4.3976719609460542e+002  4.3976719609460542e+002  4.3976719609460542e+002  4.3976719609460542e+002  4.3976719609460542e+002
  1.3781950489949311e+004  6.3111295967835758e+002  3.5777338379048979e+002  2.1468366863183473e+002  2.0650135736332049e+002  2.0424577117946001e+002  2.0414772446059624e+002  2.0414200460395205e+002  2.0413946149722642e+002  2.0413946034354103e+002  2.0413945973836235e+002  2.0413945964743380e+002  2.0413945964203003e+002  2.0413945964203003e+002
  2.1684520363464901e+004  9.0527644461702266e+002  6.7870326771464988e+001  1.3881025043278896e+000  4.7793062378013929e-001  2.9495742946937753e-001  2.9399242647605206e-001  2.9398931700552566e-001  2.9398931370087666e-001  2.9398931370087666e-001  2.9398931370087666e-001  2.9398931370087666e-001  2.9398931370087666e-001  2.9398931370087666e-001
  4.7004888808419255e+003  5.3197007027325935e+002  2.0852067127133660e+002  1.9608325140207035e+002  1.9078365647344390e+002  1.9013690888023530e+002  1.9011813138214575e+002  1.9011812812459266e+002  1.9011812809474759e+002  1.9011812809436515e+002  1.9011812809436515e+002  1.9011812809436515e+002  1.9011812809436515e+002  1.9011812809436515e+002
  1.9455539852913102e+004  9.9508966708281514e+002  7.4819220401763960e+002  3.3993341813316783e+002  1.7780066337912103e+002  1.7676872008173359e+002  1.7669138579081391e+002  1.7667976840998836e+002  1.7667976712535437e+002  1.7667976712200380e+002  1.7667976712200380e+002  1.7667976712200380e+002  1.7667976712200380e+002  1.7667976712200380e+002
