  1.8306277413054295e+002  1.5411702249777181e+002  1.4220254693697734e+002  1.3122613296908230e+002  1.3119429444728667e+002  1.3119429444260231e+002  1.3119429444260231e+002  1.3119429444260231e+002  1.3119429444260231e+002  1.3119429444260231e+002  1.3119429444260231e+002  1.3119429444260231e+002  1.3119429444260231e+002  1.3119429444260231e+002
  1.6306750527483746e+002  1.3874643155020340e+002  1.3348972560782204e+002  1.3322894369174992e+002  1.3322872190758471e+002  1.3322872190755788e+002  1.3322872190755788e+002  1.3322872190755788e+002  1.3322872190755788e+002  1.3322872190755788e+002  1.3322872190755788e+002  1.3322872190755788e+002  1.3322872190755788e+002  1.3322872190755788e+002
  1.5765052332020468e+002  1.4680010437797546e+002  1.2591463197161647e+002  1.2543656436800029e+002  1.2543593041065833e+002  1.2543593041056238e+002  1.2543593041056238e+002  1.2543593041056238e+002  1.2543593041056238e+002  1.2543593041056238e+002  1.2543593041056238e+002  1.2543593041056238e+002  1.2543593041056238e+002  1.2543593041056238e+002
  1.9088593247149583e+002  1.7568366655224327e+002  1.6428731181990315e+002  1.6360970013056203e+002  1.6360927532691130e+002  1.6360927532689675e+002  1.6360927532689630e+002  1.6360927532689630e+002  1.6360927532689630e+002  1.6360927532689630e+002  1.6360927532689630e+002  1.6360927532689630e+002  1.6360927532689630e+002  1.6360927532689630e+002
  1.9589885254599039e+002  1.7462645641866038e+002  1.7229495617634620e+002  1.3536452891967792e+002  1.3496767660791738e+002  1.3496767658273620e+002  1.3496767658273620e+002  1.3496767658273620e+002  1.3496767658273620e+002  1.3496767658273620e+002  1.3496767658273620e+002  1.3496767658273620e+002  1.3496767658273620e+002  1.3496767658273620e+002
  1.7712968335628784e+002  1.7124938922170668e+002  1.6078482053771450e+002  1.3610711787510081e+002  1.3480845953277367e+002  1.3480845930455143e+002  1.3480845930455143e+002  1.3480845930455143e+002  1.3480845930455143e+002  1.3480845930455143e+002  1.3480845930455143e+002  1.3480845930455143e+002  1.3480845930455143e+002  1.3480845930455143e+002
  1.8047036411516274e+002  1.5740983331995949e+002  1.5518601228171337e+002  1.4488659730967765e+002  1.4296249608187509e+002  1.4296249313955377e+002  1.4296249313955377e+002  1.4296249313955377e+002  1.4296249313955377e+002  1.4296249313955377e+002  1.4296249313955377e+002  1.4296249313955377e+002  1.4296249313955377e+002  1.4296249313955377e+002
  1.8326169594996145e+002  1.7072370043159708e+002  1.5322719740730372e+002  1.4055671794117507e+002  1.4054213990940934e+002  1.4054213990497874e+002  1.4054213990497828e+002  1.4054213990497828e+002  1.4054213990497828e+002  1.4054213990497828e+002  1.4054213990497828e+002  1.4054213990497828e+002  1.4054213990497828e+002  1.4054213990497828e+002
  1.6706524547640765e+002  1.4981573554978604e+002  1.4090115010046975e+002  1.3718349553659436e+002  1.3717099083627863e+002  1.3717099083574021e+002  1.3717099083574021e+002  1.3717099083574021e+002  1.3717099083574021e+002  1.3717099083574021e+002  1.3717099083574021e+002  1.3717099083574021e+002  1.3717099083574021e+002  1.3717099083574021e+002
  1.8383051736535663e+002  1.5145063805405016e+002  1.3542966991623598e+002  1.2275580928362842e+002  1.2266857005910424e+002  1.2266857005826478e+002  1.2266857005826478e+002  1.2266857005826478e+002  1.2266857005826478e+002  1.2266857005826478e+002  1.2266857005826478e+002  1.2266857005826478e+002  1.2266857005826478e+002  1.2266857005826478e+002
  1.8620394177763910e+002  1.5666468314096164e+002  1.3966984710631095e+002  1.3601620392695304e+002  1.3599876408845284e+002  1.3599876408626233e+002  1.3599876408626187e+002  1.3599876408626187e+002  1.3599876408626187e+002  1.3599876408626187e+002  1.3599876408626187e+002  1.3599876408626187e+002  1.3599876408626187e+002  1.3599876408626187e+002
  1.7869884676741640e+002  1.7175060672549216e+002  1.6044031470954815e+002  1.5030166597087873e+002  1.5028207791925570e+002  1.5028207791577552e+002  1.5028207791577552e+002  1.5028207791577552e+002  1.5028207791577552e+002  1.5028207791577552e+002  1.5028207791577552e+002  1.5028207791577552e+002  1.5028207791577552e+002  1.5028207791577552e+002
  1.6739018717298586e+002  1.3443145407096563e+002  1.2805220865275669e+002  1.2786600352205051e+002  1.2786571441551132e+002  1.2786571441550723e+002  1.2786571441550723e+002  1.2786571441550723e+002  1.2786571441550723e+002  1.2786571441550723e+002  1.2786571441550677e+002  1.2786571441550677e+002  1.2786571441550677e+002  1.2786571441550677e+002
  1.7869880160155299e+002  1.6490655455925480e+002  1.4874432310546263e+002  1.4650808689041151e+002  1.4650208930432109e+002  1.4650208930416284e+002  1.4650208930416284e+002  1.4650208930416284e+002  1.4650208930416284e+002  1.4650208930416284e+002  1.4650208930416284e+002  1.4650208930416284e+002  1.4650208930416284e+002  1.4650208930416284e+002
  1.9229008016243915e+002  1.5899912192676811e+002  1.4973985567259206e+002  1.3355488290679159e+002  1.3351063889861371e+002  1.3351063889850775e+002  1.3351063889850775e+002  1.3351063889850775e+002  1.3351063889850775e+002  1.3351063889850775e+002  1.3351063889850775e+002  1.3351063889850775e+002  1.3351063889850775e+002  1.3351063889850775e+002
  1.8893475081522865e+002  1.4108756938633678e+002  1.3391998788932324e+002  1.3180203746555844e+002  1.3179781761582080e+002  1.3179781761330423e+002  1.3179781761330423e+002  1.3179781761330423e+002  1.3179781761330423e+002  1.3179781761330423e+002  1.3179781761330423e+002  1.3179781761330423e+002  1.3179781761330423e+002  1.3179781761330423e+002
  1.6496685321789028e+002  1.4111537509395885e+002  1.3184438312518205e+002  1.3086822702577183e+002  1.3086678434128999e+002  1.3086678434126134e+002  1.3086678434126134e+002  1.3086678434126134e+002  1.3086678434126134e+002  1.3086678434126134e+002  1.3086678434126134e+002  1.3086678434126134e+002  1.3086678434126134e+002  1.3086678434126134e+002
  1.7089946079984156e+002  1.5996804888937640e+002  1.4662670735090524e+002  1.4161602448982694e+002  1.4142772055032856e+002  1.4142768973684952e+002  1.4142768973684952e+002  1.4142768973684952e+002  1.4142768973684952e+002  1.4142768973684952e+002  1.4142768973684952e+002  1.4142768973684952e+002  1.4142768973684952e+002  1.4142768973684952e+002
  1.6716333962921453e+002  1.6198673858086704e+002  1.4245040980611566e+002  1.3591162057427800e+002  1.3587970349070201e+002  1.3587970349059151e+002  1.3587970349059151e+002  1.3587970349059151e+002  1.3587970349059151e+002  1.3587970349059151e+002  1.3587970349059151e+002  1.3587970349059151e+002  1.3587970349059151e+002  1.3587970349059151e+002
  1.6855368752122104e+002  1.4007651922270497e+002  1.2807240179834207e+002  1.2466868632465821e+002  1.2466164479381177e+002  1.2466164479362487e+002  1.2466164479362487e+002  1.2466164479362487e+002  1.2466164479362487e+002  1.2466164479362487e+002  1.2466164479362487e+002  1.2466164479362487e+002  1.2466164479362487e+002  1.2466164479362487e+002
  1.6329900419035857e+002  1.3171011837888227e+002  1.1978164469474541e+002  1.1727312716757933e+002  1.1726546235915794e+002  1.1726546235761316e+002  1.1726546235761316e+002  1.1726546235761316e+002  1.1726546235761316e+002  1.1726546235761271e+002  1.1726546235761271e+002  1.1726546235761271e+002  1.1726546235761271e+002  1.1726546235761271e+002
  1.8856404038118626e+002  1.7878486663844160e+002  1.6168147483644771e+002  1.5718442229068341e+002  1.5696526154285766e+002  1.5696525920635531e+002  1.5696525920635531e+002  1.5696525920635531e+002  1.5696525920635531e+002  1.5696525920635531e+002  1.5696525920635531e+002  1.5696525920635531e+002  1.5696525920635531e+002  1.5696525920635531e+002
  1.8139502987806645e+002  1.5282401316129699e+002  1.5112959821425102e+002  1.5079941608754461e+002  1.5079790233029235e+002  1.5079790233027279e+002  1.5079790233027279e+002  1.5079790233027279e+002  1.5079790233027279e+002  1.5079790233027279e+002  1.5079790233027279e+002  1.5079790233027279e+002  1.5079790233027279e+002  1.5079790233027279e+002
  1.7795595878970289e+002  1.5739187728064599e+002  1.4881208343390881e+002  1.4752488471003244e+002  1.4751684912960127e+002  1.4751684912845758e+002  1.4751684912845758e+002  1.4751684912845758e+002  1.4751684912845758e+002  1.4751684912845758e+002  1.4751684912845758e+002  1.4751684912845758e+002  1.4751684912845758e+002  1.4751684912845758e+002
  1.7240532093271122e+002  1.4542919654595880e+002  1.3904347316985195e+002  1.3848734106248594e+002  1.3848633822307602e+002  1.3848633822258125e+002  1.3848633822258125e+002  1.3848633822258125e+002  1.3848633822258125e+002  1.3848633822258125e+002  1.3848633822258125e+002  1.3848633822258125e+002  1.3848633822258125e+002  1.3848633822258125e+002
  1.8150427685828981e+002  1.7315133183423495e+002  1.6345824366124134e+002  1.4865845750434391e+002  1.4798659169703797e+002  1.4798659168574886e+002  1.4798659168574886e+002  1.4798659168574886e+002  1.4798659168574886e+002  1.4798659168574886e+002  1.4798659168574841e+002  1.4798659168574841e+002  1.4798659168574841e+002  1.4798659168574841e+002
  1.7837791854133411e+002  1.6337553493298037e+002  1.4827104316019131e+002  1.4485623651950709e+002  1.4484246869126719e+002  1.4484246869102617e+002  1.4484246869102617e+002  1.4484246869102617e+002  1.4484246869102617e+002  1.4484246869102617e+002  1.4484246869102617e+002  1.4484246869102617e+002  1.4484246869102617e+002  1.4484246869102617e+002
  1.7514076496391499e+002  1.5700760589020274e+002  1.4268185678692180e+002  1.3719129854888206e+002  1.3718009875069129e+002  1.3718009875053804e+002  1.3718009875053804e+002  1.3718009875053804e+002  1.3718009875053804e+002  1.3718009875053804e+002  1.3718009875053804e+002  1.3718009875053804e+002  1.3718009875053804e+002  1.3718009875053804e+002
  1.9744933614115371e+002  1.7476911965289173e+002  1.5325653318696322e+002  1.2787719818134383e+002  1.2368089040273753e+002  1.2368088985143413e+002  1.2368088985143413e+002  1.2368088985143413e+002  1.2368088985143413e+002  1.2368088985143413e+002  1.2368088985143413e+002  1.2368088985143413e+002  1.2368088985143413e+002  1.2368088985143413e+002
  1.6444037533845949e+002  1.4159063082896319e+002  1.3181395065634524e+002  1.3158162667754186e+002  1.3157931025963535e+002  1.3157931025885273e+002  1.3157931025885273e+002  1.3157931025885273e+002  1.3157931025885273e+002  1.3157931025885273e+002  1.3157931025885273e+002  1.3157931025885273e+002  1.3157931025885273e+002  1.3157931025885273e+002
  1.6788840895358453e+002  1.4823579441354377e+002  1.4023995994962934e+002  1.3382981990152530e+002  1.3375425729027711e+002  1.3375425727653510e+002  1.3375425727653510e+002  1.3375425727653510e+002  1.3375425727653510e+002  1.3375425727653510e+002  1.3375425727653510e+002  1.3375425727653510e+002  1.3375425727653510e+002  1.3375425727653510e+002
  1.6267197611640177e+002  1.4765523727907976e+002  1.3983575255592086e+002  1.3942194112748939e+002  1.3942135182002767e+002  1.3942135182000720e+002  1.3942135182000720e+002  1.3942135182000720e+002  1.3942135182000720e+002  1.3942135182000720e+002  1.3942135182000720e+002  1.3942135182000720e+002  1.3942135182000720e+002  1.3942135182000720e+002
  1.5950392281888571e+002  1.4743922760722580e+002  1.2854761079291347e+002  1.2411439569424329e+002  1.2410893249893479e+002  1.2410893249884475e+002  1.2410893249884475e+002  1.2410893249884475e+002  1.2410893249884475e+002  1.2410893249884475e+002  1.2410893249884475e+002  1.2410893249884475e+002  1.2410893249884475e+002  1.2410893249884475e+002
  2.1619149133238670e+002  2.1014898076072086e+002  2.0988793282484039e+002  2.0985154895077494e+002  2.0985141458160160e+002  2.0985141458144426e+002  2.0985141458144426e+002  2.0985141458144426e+002  2.0985141458144426e+002  1.7337033288271641e+002  1.5052769603832076e+002  1.3982515979761683e+002  1.3879460500974665e+002  1.3879460500974665e+002
  1.5468534646904163e+002  1.3868424848940776e+002  1.2676288771247209e+002  1.2337896349704124e+002  1.2337358424250306e+002  1.2337358424182958e+002  1.2337358424182958e+002  1.2337358424182958e+002  1.2337358424182958e+002  1.2337358424182958e+002  1.2337358424182958e+002  1.2337358424182958e+002  1.2337358424182958e+002  1.2337358424182958e+002
  1.7101388189884983e+002  1.4683460798299211e+002  1.3042843016749066e+002  1.2596497855144298e+002  1.2596132879945753e+002  1.2596132879910465e+002  1.2596132879910465e+002  1.2596132879910465e+002  1.2596132879910465e+002  1.2596132879910465e+002  1.2596132879910465e+002  1.2596132879910465e+002  1.2596132879910465e+002  1.2596132879910465e+002
  1.6353543388578737e+002  1.3607224756262531e+002  1.2937508716951697e+002  1.2843617216882603e+002  1.2843380846895889e+002  1.2843380846883156e+002  1.2843380846883156e+002  1.2843380846883156e+002  1.2843380846883156e+002  1.2843380846883156e+002  1.2843380846883156e+002  1.2843380846883156e+002  1.2843380846883156e+002  1.2843380846883156e+002
  1.7432781066452389e+002  1.6124797462910328e+002  1.4584188378154204e+002  1.3869451492618782e+002  1.3868645229856065e+002  1.3868645229331332e+002  1.3868645229331332e+002  1.3868645229331332e+002  1.3868645229331332e+002  1.3868645229331332e+002  1.3868645229331332e+002  1.3868645229331332e+002  1.3868645229331332e+002  1.3868645229331332e+002
  1.8567229410268374e+002  1.8063919389965076e+002  1.7365158037181300e+002  1.5730755963995443e+002  1.5548153425989040e+002  1.5548153386376634e+002  1.5548153386376634e+002  1.5548153386376634e+002  1.5548153386376634e+002  1.5548153386376634e+002  1.5548153386376634e+002  1.5548153386376634e+002  1.5548153386376634e+002  1.5548153386376634e+002
  1.7594084796723382e+002  1.6040652352521693e+002  1.4805863430996624e+002  1.4648374648367962e+002  1.4647996663409640e+002  1.4647996663397407e+002  1.4647996663397407e+002  1.4647996663397407e+002  1.4647996663397407e+002  1.4647996663397407e+002  1.4647996663397407e+002  1.4647996663397407e+002  1.4647996663397407e+002  1.4647996663397407e+002
  1.5762556697456785e+002  1.3740558894428796e+002  1.3083920663019308e+002  1.2403318530345996e+002  1.2400925378501233e+002  1.2400925378318243e+002  1.2400925378318243e+002  1.2400925378318243e+002  1.2400925378318243e+002  1.2400925378318243e+002  1.2400925378318243e+002  1.2400925378318243e+002  1.2400925378318243e+002  1.2400925378318243e+002
  1.6648693634904976e+002  1.6102853512433558e+002  1.5183828561042128e+002  1.4055201326839051e+002  1.4047011375064540e+002  1.4047011374564863e+002  1.4047011374564863e+002  1.4047011374564863e+002  1.4047011374564863e+002  1.4047011374564863e+002  1.4047011374564863e+002  1.4047011374564863e+002  1.4047011374564863e+002  1.4047011374564863e+002
  1.8448142070209587e+002  1.7059768827896596e+002  1.4910251143675760e+002  1.3867758929368574e+002  1.3863774437062693e+002  1.3863774436601580e+002  1.3863774436601580e+002  1.3863774436601580e+002  1.3863774436601580e+002  1.3863774436601580e+002  1.3863774436601580e+002  1.3863774436601580e+002  1.3863774436601580e+002  1.3863774436601580e+002
  1.8240032482640709e+002  1.4683233025339268e+002  1.4195422014064798e+002  1.4134702984713522e+002  1.4134596501953365e+002  1.4134596501952683e+002  1.4134596501952683e+002  1.4134596501952683e+002  1.4134596501952683e+002  1.4134596501952683e+002  1.4134596501952683e+002  1.4134596501952683e+002  1.4134596501952683e+002  1.4134596501952683e+002
  2.1583180771379784e+002  2.1189542669141520e+002  2.1145491924226008e+002  2.1139277188722281e+002  2.1139271280401954e+002  2.1139271280400999e+002  2.1139271280400999e+002  2.1139271280400999e+002  2.1139271280400999e+002  2.1139271280400953e+002  1.5283762706316338e+002  1.4698899377745738e+002  1.4698871513788936e+002  1.4698871513788936e+002
  1.8524166088937955e+002  1.7926800950600864e+002  1.6981069066519376e+002  1.4608300225311905e+002  1.2278545121791421e+002  1.2278541059733652e+002  1.2278541059733652e+002  1.2278541059733652e+002  1.2278541059733652e+002  1.2278541059733652e+002  1.2278541059733652e+002  1.2278541059733652e+002  1.2278541059733652e+002  1.2278541059733652e+002
  1.7506639189186944e+002  1.5584823138280626e+002  1.4755791917896522e+002  1.4520991923715383e+002  1.4519909638721992e+002  1.4519909638665786e+002  1.4519909638665740e+002  1.4519909638665740e+002  1.4519909638665740e+002  1.4519909638665740e+002  1.4519909638665740e+002  1.4519909638665740e+002  1.4519909638665740e+002  1.4519909638665740e+002
  1.6853593917476701e+002  1.4343801694071681e+002  1.3575719814595095e+002  1.2839728171771094e+002  1.2838244249413538e+002  1.2838244249389209e+002  1.2838244249389163e+002  1.2838244249389163e+002  1.2838244249389163e+002  1.2838244249389163e+002  1.2838244249389163e+002  1.2838244249389163e+002  1.2838244249389163e+002  1.2838244249389163e+002
  1.9854572235195110e+002  1.7732078829843203e+002  1.5791297825342326e+002  1.4343655728315480e+002  1.4342086320645330e+002  1.4342086320599037e+002  1.4342086320599037e+002  1.4342086320598992e+002  1.4342086320598992e+002  1.4342086320598992e+002  1.4342086320598992e+002  1.4342086320598992e+002  1.4342086320598992e+002  1.4342086320598992e+002
  1.6550845122269766e+002  1.4638608009259997e+002  1.3446149856658303e+002  1.3432336008366474e+002  1.3432282786323685e+002  1.3432282786303085e+002  1.3432282786303085e+002  1.3432282786303085e+002  1.3432282786303085e+002  1.3432282786303085e+002  1.3432282786303085e+002  1.3432282786303085e+002  1.3432282786303085e+002  1.3432282786303085e+002
  1.6833472726344598e+002  1.5270474814869249e+002  1.4872859341915228e+002  1.4277221955262803e+002  1.4245762180349948e+002  1.4245762180047632e+002  1.4245762180047632e+002  1.4245762180047632e+002  1.4245762180047632e+002  1.4245762180047632e+002  1.4245762180047632e+002  1.4245762180047632e+002  1.4245762180047632e+002  1.4245762180047632e+002
