  5.5338268651712860e+002  5.0241930836791380e+002  4.9709077970065255e+002  4.9639702763934383e+002  4.9638005806456931e+002  4.9638005289353896e+002  4.9638005289353896e+002  4.9638005289353896e+002  4.9638005289353896e+002  4.9638005289353896e+002  4.9638005289353896e+002  4.9638005289353896e+002  4.9638005289353896e+002  4.9638005289353896e+002
  5.7804917832457568e+002  5.2603641317323809e+002  5.1938925509358705e+002  5.1315376468647537e+002  5.1310683919301164e+002  5.1310683919096846e+002  5.1310683919096846e+002  5.1310683919096846e+002  5.1310683919096846e+002  5.1310683919096846e+002  5.1310683919096846e+002  5.1310683919096846e+002  5.1310683919096846e+002  5.1310683919096846e+002
  5.5309319020190787e+002  4.9695362823606865e+002  4.8653861412457172e+002  4.8606087792018798e+002  4.8606033392669860e+002  4.8606033392664267e+002  4.8606033392664267e+002  4.8606033392664267e+002  4.8606033392664267e+002  4.8606033392664267e+002  4.8606033392664267e+002  4.8606033392664267e+002  4.8606033392664267e+002  4.8606033392664267e+002
  6.6944244364710630e+002  5.5174540189528034e+002  5.3934731771427414e+002  5.3772066109103253e+002  5.3726907737829470e+002  5.3725243448718129e+002  5.3725159374296800e+002  5.3725116653115856e+002  5.3725089175694029e+002  5.3725089137671512e+002  5.3725089137671512e+002  5.3725089137671512e+002  5.3725089137671512e+002  5.3725089137671512e+002
  6.4581002066446945e+002  5.4831541887878529e+002  5.3255173390800564e+002  5.3217063910035813e+002  5.3217023543820142e+002  5.3217023543816777e+002  5.3217023543816777e+002  5.3217023543816777e+002  5.3217023543816777e+002  5.3217023543816777e+002  5.3217023543816731e+002  5.3217023543816686e+002  5.3217023543816686e+002  5.3217023543816686e+002
  3.9470706108614422e+002  3.7370120506660260e+002  3.7229820347282657e+002  3.7212781970856668e+002  3.7211438935404885e+002  3.7211383540285942e+002  3.7211383540149200e+002  3.7211383540149200e+002  3.7211383540149200e+002  3.7211383540149200e+002  3.7211383540149200e+002  3.7211383540149200e+002  3.7211383540149200e+002  3.7211383540149200e+002
  5.5633274061429574e+002  4.9397883353905036e+002  4.9037499645636990e+002  4.8993374871616379e+002  4.8993315330937185e+002  4.8993315330932228e+002  4.8993315330932228e+002  4.8993315330932228e+002  4.8993315330932228e+002  4.8993315330932228e+002  4.8993315330932228e+002  4.8993315330932228e+002  4.8993315330932228e+002  4.8993315330932228e+002
  5.4206542754535485e+002  3.7805950300947461e+002  3.7307850218312569e+002  3.7221879027121213e+002  3.7212891071757849e+002  3.7211384488607519e+002  3.7211383541258147e+002  3.7211383540163115e+002  3.7211383540149563e+002  3.7211383540149563e+002  3.7211383540149563e+002  3.7211383540149563e+002  3.7211383540149563e+002  3.7211383540149563e+002
  8.3309422991417296e+002  7.4965981499804138e+002  7.2833568477867811e+002  7.2754778394997265e+002  7.2754709410949499e+002  7.2754709410943906e+002  7.2754709410943906e+002  7.2754709410943906e+002  7.2754709410943906e+002  7.2754709410943906e+002  7.2754709410943906e+002  7.2754709410943906e+002  7.2754709410943906e+002  7.2754709410943906e+002
  5.1880212887738526e+002  4.8506564203849985e+002  4.8385226430049443e+002  4.8382061959715338e+002  4.8382051867882683e+002  4.8382051867881319e+002  4.8382051867881319e+002  4.8382051867881319e+002  4.8382051867881319e+002  4.8382051867881319e+002  4.8382051867881319e+002  4.8382051867881319e+002  4.8382051867881319e+002  4.8382051867881319e+002
  4.4908812427919793e+002  4.0843443673330921e+002  4.0193638800110966e+002  4.0170498488431076e+002  4.0170485241688812e+002  4.0170485241685037e+002  4.0170485241685037e+002  4.0170485241685037e+002  4.0170485241685037e+002  4.0170485241685037e+002  4.0170485241685037e+002  4.0170485241685037e+002  4.0170485241685037e+002  4.0170485241685037e+002
  4.1668347261392000e+002  3.8599386086206277e+002  3.7829646521534823e+002  3.7793470612023202e+002  3.7791419485018559e+002  3.7791307619137069e+002  3.7791076156649706e+002  3.7791076155636301e+002  3.7791076155634983e+002  3.7791076155634892e+002  3.7791076155634892e+002  3.7791076155634892e+002  3.7791076155634892e+002  3.7791076155634892e+002
  4.7067582853949170e+002  4.3691109059089649e+002  4.3374662840416295e+002  4.1984210595509967e+002  4.1932724000147709e+002  4.1929143559747217e+002  4.1928977374477745e+002  4.1928977374477745e+002  4.1928977374477745e+002  4.1928977374477745e+002  4.1928977374477745e+002  4.1928977374477745e+002  4.1928977374477745e+002  4.1928977374477745e+002
  8.2049088445295729e+002  5.4996243055678906e+002  4.9448887247554876e+002  4.8607013202676353e+002  4.8606033392949985e+002  4.8606033392664267e+002  4.8606033392664267e+002  4.8606033392664267e+002  4.8606033392664267e+002  4.8606033392664267e+002  4.8606033392664267e+002  4.8606033392664267e+002  4.8606033392664267e+002  4.8606033392664267e+002
  5.2537644632333331e+002  4.2769403984742621e+002  4.1014602328440742e+002  4.0906307071360970e+002  4.0906260414666895e+002  4.0906260414665121e+002  4.0906260414665121e+002  4.0906260414665121e+002  4.0906260414665121e+002  4.0906260414665121e+002  4.0906260414665121e+002  4.0906260414665121e+002  4.0906260414665121e+002  4.0906260414665121e+002
  5.4196749516447380e+002  5.1967045590164798e+002  5.1753971692090454e+002  5.1658895214342783e+002  5.1610862530331724e+002  5.1609849715870678e+002  5.1609808747776515e+002  5.1609662329425282e+002  5.1609236588153090e+002  5.1608292702811968e+002  5.1608229709075977e+002  5.1608200080508095e+002  5.1608199804210381e+002  5.1608199804210381e+002
  3.9149182680790636e+002  3.6955424192808869e+002  3.6893463160378678e+002  3.6887154205443539e+002  3.6885041973261605e+002  3.6885025092348224e+002  3.6885025091298075e+002  3.6885025091298075e+002  3.6885025091298075e+002  3.6885025091298075e+002  3.6885025091298075e+002  3.6885025091298075e+002  3.6885025091298075e+002  3.6885025091298075e+002
  5.0252319049669359e+002  4.5984262332689877e+002  4.5794875863321977e+002  4.5772011568822518e+002  4.5765832179481549e+002  4.5765678429604623e+002  4.5765678267989779e+002  4.5765678267989779e+002  4.5765678267989779e+002  4.5765678267989779e+002  4.5765678267989779e+002  4.5765678267989779e+002  4.5765678267989779e+002  4.5765678267989779e+002
  4.1507338036430474e+002  3.9898636599109068e+002  3.9655187927723000e+002  3.9594315235231443e+002  3.9592046703486221e+002  3.9591956506180986e+002  3.9591956484509092e+002  3.9591956484509092e+002  3.9591956484509092e+002  3.9591956484509092e+002  3.9591956484509092e+002  3.9591956484509092e+002  3.9591956484509092e+002  3.9591956484509092e+002
  5.0932484378542313e+002  4.2990562531176147e+002  4.2205525539888276e+002  4.1995101895748212e+002  4.1934567329304264e+002  4.1931964777099620e+002  4.1931964777099620e+002  4.1931964777099620e+002  4.1931964777099620e+002  4.1931964777099620e+002  4.1931964777099620e+002  4.1931964777099620e+002  4.1931964777099620e+002  4.1931964777099620e+002
  5.6043985791941805e+002  4.3845059976214134e+002  4.1451152940654401e+002  4.1292295581981534e+002  4.1238077717432043e+002  4.1237529261770032e+002  4.1237529261770032e+002  4.1237529261770032e+002  4.1237529261770032e+002  4.1237529261770032e+002  4.1237529261770032e+002  4.1237529261770032e+002  4.1237529261770032e+002  4.1237529261770032e+002
  6.0301417049517204e+002  4.9772978676165485e+002  4.8677944316215780e+002  4.8619573508003987e+002  4.8619479379174527e+002  4.8619479379164113e+002  4.8619479379164113e+002  4.8619479379164113e+002  4.8619479379164113e+002  4.8619479379164113e+002  4.8619479379164113e+002  4.8619479379164113e+002  4.8619479379164113e+002  4.8619479379164113e+002
  3.7915849360404764e+002  3.7277940831564410e+002  3.7230020275276911e+002  3.7215157841572773e+002  3.7211445703350319e+002  3.7211383552933785e+002  3.7211383540419456e+002  3.7211383540149245e+002  3.7211383540149200e+002  3.7211383540149200e+002  3.7211383540149154e+002  3.7211383540149154e+002  3.7211383540149154e+002  3.7211383540149154e+002
  4.8176614550930481e+002  4.4302180417163027e+002  4.4003781720964525e+002  4.3971516531963607e+002  4.3963274811880729e+002  4.3963267288667203e+002  4.3963267283409004e+002  4.3963267283409004e+002  4.3963267283409004e+002  4.3963267283409004e+002  4.3963267283409004e+002  4.3963267283409004e+002  4.3963267283409004e+002  4.3963267283409004e+002
  5.6705159453294164e+002  4.9242840672087732e+002  4.9031663128511309e+002  4.9018840802985687e+002  4.9018810914968435e+002  4.9018810914965343e+002  4.9018810914965343e+002  4.9018810914965343e+002  4.9018810914965343e+002  4.9018810914965343e+002  4.9018810914965343e+002  4.9018810914965343e+002  4.9018810914965343e+002  4.9018810914965343e+002
  4.7008831189151215e+002  3.9154774265089782e+002  3.8405878173678093e+002  3.8361370758004705e+002  3.8361290198199868e+002  3.8361290198185134e+002  3.8361290198185134e+002  3.8361290198185134e+002  3.8361290198185134e+002  3.8361290198185088e+002  3.8361290198185088e+002  3.8361290198185088e+002  3.8361290198185088e+002  3.8361290198185088e+002
  6.1858847174641096e+002  5.5586193183583055e+002  5.4864979029331244e+002  5.4806019045463700e+002  5.4805935294544361e+002  5.4805935294541723e+002  5.4805935294541723e+002  5.4805935294541723e+002  5.4805935294541723e+002  5.4805935294541723e+002  5.4805935294541723e+002  5.4805935294541723e+002  5.4805935294541723e+002  5.4805935294541723e+002
  4.4099575409900353e+002  4.2029078266006763e+002  4.1676012063187954e+002  4.1648669266722573e+002  4.1648559522561436e+002  4.1648559522557935e+002  4.1648559522557889e+002  4.1648559522557889e+002  4.1648559522557889e+002  4.1648559522557889e+002  4.1648559522557889e+002  4.1648559522557889e+002  4.1648559522557889e+002  4.1648559522557889e+002
  6.2479651055935210e+002  5.4093962188029946e+002  5.3869556797890618e+002  5.3864829066512766e+002  5.3864820089983368e+002  5.3864820089982368e+002  5.3864820089982322e+002  5.3864820089982322e+002  5.3864820089982322e+002  5.3864820089982322e+002  5.3864820089982322e+002  5.3864820089982322e+002  5.3864820089982322e+002  5.3864820089982322e+002
  4.8856547939152870e+002  3.8100897736020170e+002  3.7092969399424646e+002  3.6949937905385377e+002  3.6937209169727430e+002  3.6937143834560857e+002  3.6937143828757053e+002  3.6937143828757053e+002  3.6937143828757053e+002  3.6937143828757053e+002  3.6937143828757053e+002  3.6937143828757053e+002  3.6937143828757053e+002  3.6937143828757053e+002
  6.8655544574948635e+002  5.8124989354627087e+002  5.6132655834987327e+002  5.6099967682840997e+002  5.6099942187763554e+002  5.6099942187760735e+002  5.6099942187760735e+002  5.6099942187760735e+002  5.6099942187760735e+002  5.6099942187760735e+002  5.6099942187760735e+002  5.6099942187760735e+002  5.6099942187760735e+002  5.6099942187760735e+002
  4.0531842746476877e+002  3.8373312989743499e+002  3.8282090086719927e+002  3.8278225991325053e+002  3.8278207376266391e+002  3.8278207376232331e+002  3.8278207376232331e+002  3.8278207376232331e+002  3.8278207376232331e+002  3.8278207376232331e+002  3.8278207376232331e+002  3.8278207376232331e+002  3.8278207376232331e+002  3.8278207376232331e+002
  4.3958114638452071e+002  3.9567262299483173e+002  3.6549286353195748e+002  3.5710374704770402e+002  3.5682711372932999e+002  3.5682687930113025e+002  3.5682687929708709e+002  3.5682687929708709e+002  3.5682687929708709e+002  3.5682687929708709e+002  3.5682687929708709e+002  3.5682687929708709e+002  3.5682687929708709e+002  3.5682687929708709e+002
  4.9128509170953839e+002  4.2797553663323697e+002  4.1374489130157008e+002  4.1265737946467016e+002  4.1251980590861376e+002  4.1251928204080150e+002  4.1251928203825355e+002  4.1251928203799935e+002  4.1251928203799935e+002  4.1251928203799935e+002  4.1251928203799935e+002  4.1251928203799935e+002  4.1251928203799935e+002  4.1251928203799935e+002
  4.2779467093720359e+002  3.9552574329931394e+002  3.9221611098601261e+002  3.9135336264078114e+002  3.9125571025915542e+002  3.9125520661971541e+002  3.9125518402518264e+002  3.9125518297787767e+002  3.9125518297787767e+002  3.9125518297787767e+002  3.9125518297787767e+002  3.9125518297787767e+002  3.9125518297787767e+002  3.9125518297787767e+002
  7.7244407345002855e+002  5.8171638995046669e+002  5.4503560079129875e+002  5.4183621497634431e+002  5.4174505430712770e+002  5.4174443290510317e+002  5.4174439164682644e+002  5.4174439164604337e+002  5.4174439164604337e+002  5.4174439164604337e+002  5.4174439164604337e+002  5.4174439164604337e+002  5.4174439164604337e+002  5.4174439164604337e+002
  5.1384287184354071e+002  4.8803206300364582e+002  4.8693809366873620e+002  4.8677856912199195e+002  4.8674627018669980e+002  4.8674623011853873e+002  4.8674623011848007e+002  4.8674623011848007e+002  4.8674623011848007e+002  4.8674623011848007e+002  4.8674623011848007e+002  4.8674623011848007e+002  4.8674623011848007e+002  4.8674623011848007e+002
  5.5784129905368127e+002  5.0228649515669349e+002  4.9628445347396973e+002  4.9476226348013597e+002  4.9472438044964065e+002  4.9472353775979309e+002  4.9472353773879422e+002  4.9472353773879422e+002  4.9472353773879422e+002  4.9472353773879422e+002  4.9472353773879422e+002  4.9472353773879422e+002  4.9472353773879422e+002  4.9472353773879422e+002
  4.7659184494328065e+002  3.8378901896707475e+002  3.7407216973655750e+002  3.7267318395688289e+002  3.7211453191558530e+002  3.7211383540452425e+002  3.7211383540149200e+002  3.7211383540149200e+002  3.7211383540149200e+002  3.7211383540149200e+002  3.7211383540149200e+002  3.7211383540149200e+002  3.7211383540149200e+002  3.7211383540149200e+002
  4.1652527207373078e+002  3.9592480946857995e+002  3.9419296476980708e+002  3.9415542771912169e+002  3.9415527873247493e+002  3.9415527873241035e+002  3.9415527873241035e+002  3.9415527873241035e+002  3.9415527873241035e+002  3.9415527873241035e+002  3.9415527873241035e+002  3.9415527873241035e+002  3.9415527873241035e+002  3.9415527873241035e+002
  9.9156464647482517e+002  7.7704666373187774e+002  6.0717899512129634e+002  5.9933102814388485e+002  5.9929827501716045e+002  5.9929827501127056e+002  5.9929827501127056e+002  5.9929827501127056e+002  5.9929827501127056e+002  5.9929827501127056e+002  5.9929827501127056e+002  5.9929827501127056e+002  5.9929827501127056e+002  5.9929827501127056e+002
  7.7218113799023922e+002  6.5514339436291721e+002  6.2659416870865834e+002  6.2167261022522780e+002  6.2034035117518215e+002  6.2026187046255518e+002  6.2026186583239996e+002  6.2026186579322939e+002  6.2026186579322939e+002  6.2026186579322939e+002  6.2026186579322939e+002  6.2026186579322939e+002  6.2026186579322939e+002  6.2026186579322939e+002
  4.1835139740597151e+002  3.8618809509162475e+002  3.8124047228203472e+002  3.8094569702930039e+002  3.8062909715614660e+002  3.8062736628248058e+002  3.8062736625815296e+002  3.8062736625813750e+002  3.8062736625813750e+002  3.8062736625813750e+002  3.8062736625813750e+002  3.8062736625813750e+002  3.8062736625813750e+002  3.8062736625813750e+002
  5.2052547327288994e+002  4.9017495490312740e+002  4.8691999926154858e+002  4.8675400090230096e+002  4.8674632052525976e+002  4.8674623012358506e+002  4.8674623011848462e+002  4.8674623011848053e+002  4.8674623011848053e+002  4.8674623011848053e+002  4.8674623011848053e+002  4.8674623011848053e+002  4.8674623011848053e+002  4.8674623011848053e+002
  4.2391945112535723e+002  3.7229311981240699e+002  3.6928887450638831e+002  3.6887630874454135e+002  3.6885217659524551e+002  3.6885029298675045e+002  3.6885028045707622e+002  3.6885028045707622e+002  3.6885028045707622e+002  3.6885028045707622e+002  3.6885028045707622e+002  3.6885028045707622e+002  3.6885028045707622e+002  3.6885028045707622e+002
  6.3693021010941766e+002  5.4945386257029440e+002  5.4602640093009268e+002  5.4588362609097749e+002  5.4588338647414685e+002  5.4588338647408091e+002  5.4588338647408091e+002  5.4588338647408091e+002  5.4588338647408091e+002  5.4588338647408091e+002  5.4588338647408091e+002  5.4588338647408091e+002  5.4588338647408091e+002  5.4588338647408091e+002
  4.0472975102684541e+002  3.7661321218415424e+002  3.7107765482431932e+002  3.7088369933678678e+002  3.7088352773496263e+002  3.7088352773494580e+002  3.7088352773494580e+002  3.7088352773494580e+002  3.7088352773494580e+002  3.7088352773494580e+002  3.7088352773494580e+002  3.7088352773494580e+002  3.7088352773494580e+002  3.7088352773494580e+002
  7.4776419998514302e+002  5.1441232540551664e+002  4.9864534875541813e+002  4.9816722497039518e+002  4.9816710057191494e+002  4.9816710057187129e+002  4.9816710057187129e+002  4.9816710057187129e+002  4.9816710057187129e+002  4.9816710057187129e+002  4.9816710057187129e+002  4.9816710057187129e+002  4.9816710057187129e+002  4.9816710057187129e+002
  6.0101125224896123e+002  5.0270101220055176e+002  4.9442002547016182e+002  4.9307826324389816e+002  4.9307108396582589e+002  4.9307103823057560e+002  4.9307103823049874e+002  4.9307103823049874e+002  4.9307103823049874e+002  4.9307103823049874e+002  4.9307103823049874e+002  4.9307103823049874e+002  4.9307103823049874e+002  4.9307103823049874e+002
  4.3204262231781013e+002  3.7975428435177491e+002  3.7330368429008058e+002  3.7313659437027172e+002  3.7313598746847356e+002  3.7313598746847174e+002  3.7313598746847128e+002  3.7313598746847128e+002  3.7313598746847128e+002  3.7313598746847128e+002  3.7313598746847128e+002  3.7313598746847128e+002  3.7313598746847128e+002  3.7313598746847128e+002
  8.9178559401118400e+002  7.2582798115340665e+002  5.3340892556725157e+002  4.5109195645276350e+002  4.5105230271974915e+002  4.5105230271609616e+002  4.5105230271609616e+002  4.5105230271609616e+002  4.5105230271609616e+002  4.5105230271609616e+002  4.5105230271609616e+002  4.5105230271609616e+002  4.5105230271609616e+002  4.5105230271609616e+002
