  6.9897461567557230e+002  4.2012177456100517e+002  1.7985158900814167e+002  1.3144123518933861e+002  1.2846952115122713e+002  1.2844805113921711e+002  1.2842804843786530e+002  1.2842804767229109e+002  2.6422858374444104e+001  6.7602645670829133e+000  6.4264904965596088e+000  6.4264868380780626e+000  6.0680970057439936e+000  6.0680970057439936e+000
  5.3902019318285566e+004  3.2746079030258288e+003  9.6968940792114154e+001  7.8198379489100034e+001  7.8100713140872813e+001  7.8099080206976168e+001  7.8099072577103243e+001  7.8099072576952040e+001  6.9155410143134532e+001  2.6481934258003548e+001  2.5281242697622474e+001  1.9583343291960546e+001  1.8335532283426119e+001  1.8335532283426119e+001
  2.5366161576624945e+004  2.6792570826150086e+002  1.1638318406174812e+002  2.3602920286608423e+001  1.2262259377155715e+001  1.2146325363793267e+001  1.2146302012974274e+001  1.2146200281858228e+001  1.2146199832810453e+001  1.2146199812370241e+001  1.2146199812370241e+001  1.2146199812370241e+001  1.2146199812370241e+001  1.2146199812370241e+001
  2.5822963431965727e+004  1.2055272063735447e+003  1.0617852838150861e+002  8.7380576905233056e+001  8.2762782640971864e+001  8.2724719816386369e+001  8.2723681002291187e+001  8.2723680589096602e+001  8.2723680577830237e+001  8.1174030793685461e+001  8.1174030793685461e+001  5.3351119682275112e+001  4.9226922317723393e+001  4.9226922317723393e+001
  3.4231266585032907e+004  3.8437521659865843e+002  1.8091771387132258e+002  1.3340008352755467e+002  1.3248383657176078e+002  1.3244383043899961e+002  1.3244382934827763e+002  7.0002650115339975e+001  3.0690552668311966e+001  6.2159835451845993e+000  6.0695732484650762e+000  6.0694981123260732e+000  6.0694977881469185e+000  6.0694977881469185e+000
  1.1252217063789224e+005  2.9170634859954473e+004  1.5830693539021763e+002  2.4682379386851380e+001  9.4466783004229455e+000  9.3884811888112836e+000  9.3780332896410528e+000  9.3780321722213102e+000  9.3780320990169912e+000  9.3780183067121925e+000  9.3780151824589666e+000  9.3780151811397445e+000  9.3780151811397445e+000  9.3780151811397445e+000
  3.4691665778557217e+004  3.2237949957877849e+004  9.1413558427603903e+001  5.5070591794177972e+001  5.3890543456938985e+001  5.3832236754235282e+001  5.3832230797286456e+001  5.3832230764286805e+001  3.3965610045715493e+001  3.3965610045715493e+001  3.3965610045715493e+001  3.3965610045715493e+001  3.3965610045715493e+001  3.3965610045715493e+001
  1.3523253463663186e+004  3.2067208596068667e+002  1.1936443773954011e+002  6.4269013410612160e+001  5.0652261514918109e+001  5.0142355782052391e+001  5.0064406813248297e+001  5.0064383153423250e+001  5.0064379882099047e+001  5.0064379864884813e+001  5.0064379864884813e+001  5.0064379864884813e+001  5.0064379864884813e+001  5.0064379864884813e+001
  9.2845091896153372e+003  1.5489987438891922e+002  2.4360371703062810e+001  1.4694820954359784e+001  1.4254790227471631e+001  1.4245865290215988e+001  1.4245842113797153e+001  1.4245841302772305e+001  1.4245841296920617e+001  1.4245841296920617e+001  1.4245841296920617e+001  1.4245841296920617e+001  1.4245841296920617e+001  1.4245841296920617e+001
  3.3279766014953148e+003  8.5662829201069144e+002  1.3700682530116910e+002  5.4954992326659067e+001  5.4031239547296764e+001  5.4029774071601196e+001  5.4028526058597890e+001  5.4028429820595420e+001  5.4028429793595478e+001  5.4028429793353553e+001  5.4028429793353553e+001  2.4478999476434183e+001  2.4478999476434183e+001  2.4478999476434183e+001
  4.5640845782852637e+004  9.4505583735071286e+002  8.8931108224338232e+001  4.5452607219546053e+001  4.4878465298929996e+001  4.4786767487126554e+001  4.4784766627524732e+001  4.4784766222720009e+001  4.4784766216996559e+001  4.4784766216981552e+001  4.4784766216981552e+001  4.4784766216981552e+001  4.4784766216981552e+001  4.4784766216981552e+001
  3.3558546119851690e+003  4.0997462413770609e+002  1.7404392643748884e+002  8.5484972579276700e+001  7.0145547144227749e+001  7.0145174547752049e+001  7.0144601920232162e+001  7.0144601568994631e+001  7.0144601568406415e+001  7.0144601568406415e+001  7.0144601568406415e+001  5.7749190606220736e+001  5.7749190606220736e+001  5.7749190606220736e+001
  4.0845536393311966e+004  2.1784209797147290e+004  1.3520846751818181e+002  7.4451967116327978e+001  5.0221028571578699e+001  5.0192197522752622e+001  5.0191230237038781e+001  5.0191196632939636e+001  5.0191196631768662e+001  5.0191196631768662e+001  5.0191196631768662e+001  5.0191196631768662e+001  5.0191196631768662e+001  5.0191196631768662e+001
  3.3253346868596673e+004  7.3100554168699819e+002  6.6738532045827014e+001  3.3913608316476484e+001  3.3207062395107414e+001  3.3204265713879522e+001  3.3203434527228410e+001  3.3203434513500497e+001  3.3203434513500497e+001  3.3203434513500497e+001  3.3203434513500497e+001  3.3203434513500497e+001  3.3203434513500497e+001  3.3203434513500497e+001
  1.2200905895129450e+004  5.8864138959972070e+002  1.0272117743160379e+002  7.0301086884019696e+001  7.0142809471834425e+001  7.0142028540141382e+001  7.0142028536584803e+001  7.0142028536584803e+001  7.0142028536584803e+001  5.3383728010907134e+001  5.1209948504514387e+001  5.0642729256748453e+001  5.0642729256748453e+001  5.0642729256748453e+001
  2.1447327082908585e+004  8.2713706467692191e+002  1.7319079945071712e+002  5.3948485962448331e+001  1.0751830943669120e+001  1.0269754863593789e+001  1.0269534341001872e+001  1.0269534260012733e+001  1.0269534255963663e+001  1.0269534255963663e+001  1.0269534255963663e+001  1.0269534255963663e+001  1.0269534255963663e+001  1.0269534255963663e+001
  1.4680536556788418e+004  2.0869692898440894e+002  8.2153605610559907e+001  2.0807156000030545e+001  2.0407361138313036e+001  2.0265373370462612e+001  2.0239787525315251e+001  2.0239786895643192e+001  2.0239786350349505e+001  2.0239785480427372e+001  2.0239785477125224e+001  2.0239785477125224e+001  2.0239785477125224e+001  2.0239785477125224e+001
  1.2267705598625642e+004  3.4115817225044339e+002  1.9677300598914962e+002  9.3366096077645579e+001  5.0095094382123307e+001  5.0036955877161745e+001  5.0033884700646922e+001  5.0033884623147969e+001  5.0033884622549749e+001  5.0033884622549749e+001  5.0033884622549749e+001  5.0033884622549749e+001  5.0033884622549749e+001  5.0033884622549749e+001
  5.1592933178072708e+005  1.6985736084563132e+003  5.8082890798826384e+001  1.3369597282092400e+001  8.2784723076217688e+000  8.2720941299660353e+000  8.2718589141595658e+000  8.2718589009714378e+000  8.2718589009714378e+000  8.2718589009714378e+000  8.2718589009714378e+000  8.2718589009714378e+000  8.2718589009714378e+000  8.2718589009714378e+000
  2.9475388082113914e+003  5.0912834618584338e+002  3.7846038103670026e+001  2.1659871039455538e+001  2.1346501384727389e+001  2.1336870454718110e+001  2.1336858300413724e+001  2.1336858284171058e+001  2.1336858283902075e+001  2.1336858283902075e+001  2.1336858283902075e+001  2.1336858283902075e+001  2.1336858283902075e+001  2.1336858283902075e+001
  4.1739946823822160e+004  2.4555969006730948e+002  1.2219528253680710e+002  1.1702090802686484e+002  1.1684826531852059e+002  1.1684580060409007e+002  1.1684579916575694e+002  1.2380538948125377e+000  1.2379787787308487e+000  1.2379787739403127e+000  1.2379787739403127e+000  1.2379787739403127e+000  1.2379787739403127e+000  1.2379787739403127e+000
  1.9335079521440741e+004  4.1404697949964657e+002  7.4153590993456646e+001  4.4071955352082341e+001  3.5036657375795812e+001  3.4960110517731437e+001  3.4960048359221446e+001  3.4960044334244685e+001  3.4960043486209315e+001  3.4960043486186805e+001  3.4960043486186805e+001  3.4960043486186805e+001  3.4960043486186805e+001  3.4960043486186805e+001
  3.1646965878945521e+003  6.1257395436468960e+002  1.2460738317745336e+002  9.7446796603858729e+001  9.3029850334978619e+001  9.3027714704419850e+001  9.3027714583900206e+001  4.4747313889940870e+000  4.4747283941901514e+000  4.4747283941885598e+000  4.4747283941885598e+000  4.4747283941885598e+000  4.4747283941885598e+000  4.4747283941885598e+000
  7.2518738747283114e+003  1.2813140928328139e+003  7.4383198078885243e+001  2.1370983425877057e+001  9.7131423463458759e+000  9.6852900167396001e+000  9.4042442364252565e+000  9.4042419814957157e+000  9.4042408327381963e+000  9.4042407816077684e+000  9.4042407816077684e+000  9.4042407816077684e+000  9.4042407816077684e+000  9.4042407816077684e+000
  7.2538574749701911e+003  1.3280501290354387e+003  2.0090002818084349e+002  1.5918195409185000e+002  1.5843052538981988e+002  1.5841514420420981e+002  1.5841514368113576e+002  1.1277730772159885e+001  1.1270188345617271e+001  1.1270162395103398e+001  1.1270162370491562e+001  1.1270162365648957e+001  1.1270162350904684e+001  1.1270162350904684e+001
  3.7619951625340022e+004  1.1872179225129254e+004  1.3467168048385179e+002  3.9820977469758191e+001  2.4997047929566861e+001  2.4973561429629171e+001  2.4971181059573837e+001  2.4971014998604005e+001  2.4971014984708972e+001  2.4971014984708972e+001  2.4971014984708972e+001  2.4971014984708972e+001  2.4971014984708972e+001  2.4971014984708972e+001
  1.5717040928510090e+004  1.1791224637515954e+004  5.1581867718129843e+001  1.7283038023994550e+001  1.6938526954832014e+001  1.6937761577385572e+001  1.6932495968746252e+001  1.6932495951365809e+001  1.6932495951365809e+001  1.6932495951365809e+001  1.6932495951365809e+001  1.6932495951365809e+001  1.6932495951365809e+001  1.6932495951365809e+001
  5.7261016696321567e+004  3.9660877001052413e+003  1.7238396432724767e+002  7.8766714494276812e+001  7.5737886429520358e+001  7.5712375937822344e+001  7.5711707543252942e+001  7.5711704030635019e+001  7.5711692285896788e+001  7.5711688329772869e+001  1.7257852788739456e+001  7.8908878566339808e+000  7.8903106371533340e+000  7.8903106371533340e+000
  4.6895355578994131e+003  1.4136021273112806e+003  1.3764001708297405e+002  6.6379667993749990e+001  1.9344967508093305e+001  1.9319342368156867e+001  1.9318907984732732e+001  1.9318905720229850e+001  1.9318905631059124e+001  1.9318905631059124e+001  1.9318905631059124e+001  1.9318905631059124e+001  1.9318905631059124e+001  1.9318905631059124e+001
  3.8108673413745018e+003  1.9336881131178916e+002  1.0095552933401723e+002  8.2276889933601751e+001  7.9493379626928345e+001  7.9399365124487076e+001  7.9399288854577435e+001  7.9399288153802445e+001  2.2096953250776551e+001  1.0558552167924063e+001  6.9263857859530162e+000  6.7716328265046286e+000  6.4991135006553122e+000  6.4991135006553122e+000
  5.0461706175521955e+004  3.2708819743675551e+004  2.5016720359778492e+002  1.1433571533664372e+002  9.9506142530512989e+000  3.4378604807709507e+000  3.4258583005721448e+000  3.4258089713662230e+000  3.4258089606980775e+000  3.4258089604302313e+000  3.4258089604302313e+000  3.4258089604302313e+000  3.4258089604302313e+000  3.4258089604302313e+000
  4.4052938506363862e+004  1.9141655359707955e+004  1.2476007136258227e+002  9.3613598240306828e+001  7.0055931724729817e+001  7.0048746651591500e+001  7.0048169143234645e+001  7.0048138918922405e+001  7.0048138724796672e+001  7.0048138720608449e+001  1.9939313438561612e+001  1.9887035937055998e+001  1.9887035937055998e+001  1.9887035937055998e+001
  1.6796485306222370e+004  1.1569235881257082e+003  1.7663526605014090e+002  1.0779558260827821e+002  1.0397716812553290e+002  1.0396928033511335e+002  1.0396926567916171e+002  2.2481564377558243e+000  2.1646414550386908e+000  2.1646329120003429e+000  2.1646329109357794e+000  2.1646329109357794e+000  2.1646329109357794e+000  2.1646329109357794e+000
  1.6757339585349746e+003  2.6207082521303528e+002  1.1869146778800155e+002  7.0656282677435911e+001  7.0057814017326564e+001  7.0044767379001769e+001  7.0044738497716253e+001  1.4227661382461520e+001  7.1529803293371970e+000  7.1515331666566908e+000  7.1515317251378292e+000  7.1515317239266096e+000  7.1515317239266096e+000  7.1515317239266096e+000
  3.2327158503656559e+004  1.4286409265760813e+002  9.2132171134377813e+001  2.7735718394725382e+001  1.2195161667002822e+001  1.2156500070170296e+001  1.2152924172557277e+001  1.2152893356513459e+001  1.2152892415857195e+001  1.2152892415486576e+001  1.2152892415486576e+001  1.2152892415486576e+001  1.2152892415486576e+001  1.2152892415486576e+001
  7.2841994221310233e+004  8.3559160872211796e+003  1.0087519491642024e+002  2.5281149395158309e+001  1.1242689143704638e+001  1.1201735017420788e+001  1.1198485937130044e+001  1.1198483770672738e+001  1.1198427984413456e+001  1.1198427304695542e+001  1.1198426845948234e+001  1.1198426834102065e+001  1.1198426834102065e+001  1.1198426834102065e+001
  4.1305475850367722e+004  3.4961240796884158e+002  1.2566176221121827e+002  3.7402125872470833e+001  2.8265338510053198e+001  2.8172936796903514e+001  2.8168784948254142e+001  2.8168784747940890e+001  2.8168784747940890e+001  2.8168784747940890e+001  2.8168784747940890e+001  2.8168784747940890e+001  2.8168784747940890e+001  2.8168784747940890e+001
  9.3978869356596348e+004  1.8572878124129198e+004  1.2892063226905771e+002  7.3041331412051932e+001  6.4425895712574857e+000  6.4047009673636239e+000  6.4030890922001618e+000  6.4030761166948196e+000  6.4030744152560146e+000  6.4030743947821520e+000  6.4030743910900583e+000  6.4030743910900583e+000  6.4030743910900583e+000  6.4030743910900583e+000
  9.7872327122992065e+003  4.8044388542364049e+002  1.0830613276025088e+002  5.1826043163719305e+001  2.9588138451861596e+001  2.8993595961507708e+001  2.8946586610654094e+001  2.8946087233248363e+001  2.8946087183720920e+001  2.8946087179346250e+001  2.8946087179346250e+001  2.8946087179346250e+001  2.8946087179346250e+001  2.8946087179346250e+001
  1.9085205816652411e+004  9.0338842319917421e+002  1.1237445905287882e+002  7.5394560450309427e+001  7.4465141603776374e+001  7.4463087800396352e+001  7.4461055526694508e+001  7.4461050961622504e+001  7.4461050954506845e+001  7.4461050954506845e+001  7.4461050954506845e+001  5.5830279921138981e+001  5.5830279921138981e+001  5.5830279921138981e+001
  4.2320251619971932e+004  2.2427249549230100e+002  5.8952381598614011e+001  3.5632254603577167e+001  3.3996625713650474e+001  3.3879385804501680e+001  3.3879381964432241e+001  3.3879381954438031e+001  3.3879381954438031e+001  3.3879381954438031e+001  3.3879381954438031e+001  3.3879381954438031e+001  3.3879381954438031e+001  3.3879381954438031e+001
  2.0100951006248608e+004  3.2762869760527838e+002  7.0067532211759726e+001  2.3039999575099728e+001  2.2004280116929749e+001  2.1999825544398618e+001  2.1999824155301667e+001  2.1999389022815876e+001  2.1999388203585795e+001  2.1999388203466197e+001  2.1999388203449143e+001  2.1999388203449143e+001  2.1999388203449143e+001  2.1999388203449143e+001
  1.0735052220252473e+003  6.2606986369826063e+002  3.9458617985888168e+001  2.5830628919582523e+001  2.1897390783519086e+001  2.1892382097785230e+001  2.1890889313095613e+001  2.1890888902328925e+001  2.1890888899080437e+001  2.1890888899080437e+001  2.1890888899080437e+001  2.1890888899080437e+001  2.1890888899080437e+001  2.1890888899080437e+001
  3.4465249709422751e+004  1.9035970887947155e+002  4.4820453045835848e+001  2.0258344561951390e+001  1.9975881664595136e+001  1.9973081284074397e+001  1.9969336749613376e+001  1.9969215749318664e+001  1.9969180795678994e+001  1.9969180759212122e+001  1.9969180759212122e+001  1.9969180759212122e+001  1.9969180759212122e+001  1.9969180759212122e+001
  2.9586162637681988e+004  1.9237596783099882e+004  1.1426271872786447e+002  4.6009518572310753e+001  2.5133509196662089e+001  2.4969107360179805e+001  2.4917636938290343e+001  2.4917592769332259e+001  2.4917590841625724e+001  2.4917590833467330e+001  2.4917590833467330e+001  2.4917590833467330e+001  2.4917590833467330e+001  2.4917590833467330e+001
  5.1634649979181231e+003  1.8502990344391128e+002  1.2105685715320556e+002  1.1160608818596847e+002  1.0592350304401384e+002  1.0591423706146020e+002  1.0591395844140652e+002  1.0591395801838962e+002  1.0591395798179428e+002  7.4534540812876457e+000  7.4377654704283032e+000  7.3421173616504802e+000  7.3305093000260513e+000  7.3305093000260513e+000
  5.5348530270784438e+004  2.8944858915755995e+003  5.5897802879033179e+001  1.6386952693206013e+001  1.5249356080578082e+001  1.5243530155438748e+001  1.5243122192438705e+001  1.5243122185285756e+001  1.5243122185140010e+001  1.5243122185140010e+001  1.5243122185140010e+001  1.5243122185140010e+001  1.5243122185140010e+001  1.5243122185140010e+001
  1.4688880886192223e+004  5.2290606799839088e+002  5.5284643621809892e+001  1.5719271415239973e+001  1.1443319871291123e+001  1.1442019579916405e+001  1.1442011097101613e+001  1.1442010976322308e+001  1.1442010976322308e+001  1.1442010976322308e+001  1.1442010976322308e+001  1.1442010976322308e+001  1.1442010976322308e+001  1.1442010976322308e+001
  2.9233013397172508e+004  1.7782712234528594e+002  4.9827443802588959e+001  3.0480288818487679e+001  3.0031098662727118e+001  3.0014660495756971e+001  3.0014660328967693e+001  3.0014660326468857e+001  3.0014660326468857e+001  3.0014660326468857e+001  3.0014660326468857e+001  3.0014660326468857e+001  3.0014660326468857e+001  3.0014660326468857e+001
  3.1090972658617473e+004  3.3375748019166713e+002  9.7550951903174109e+001  4.3231998623085474e+001  3.9287429961434782e+001  3.9284423062865926e+001  3.9283158456917135e+001  3.9283155101772536e+001  3.9283155073196895e+001  3.9283155072172804e+001  3.9283155072172804e+001  3.9283155072172804e+001  3.9283155072172804e+001  3.9283155072172804e+001
  3.5472807478161212e+003  1.7030320573018935e+002  7.4930272772185617e+001  4.9273998336365139e+001  4.9035683398283481e+001  4.9029154459063648e+001  4.9029123307834880e+001  4.9029123283631179e+001  4.9029123283631179e+001  4.9029123283631179e+001  4.9029123283631179e+001  4.9029123283631179e+001  4.9029123283631179e+001  4.9029123283631179e+001
