  3.4724080979919745e+002  3.3504122905766235e+002  3.3051215707132087e+002  3.2946233166574348e+002  3.2945747473193524e+002  3.2945747471071354e+002  3.2945747471071354e+002  3.2945747471071354e+002  3.2945747471071354e+002  3.2945747471071354e+002  3.2945747471071354e+002  3.2945747471071309e+002  3.2945747471071309e+002  3.2945747471071309e+002
  3.3872879611216513e+002  3.2983471201326483e+002  3.2948381302513371e+002  3.2945750902525924e+002  3.2945747471073628e+002  3.2945747471071354e+002  3.2945747471071354e+002  3.2945747471071354e+002  3.2945747471071309e+002  3.2945747471071309e+002  3.2945747471071309e+002  3.2945747471071309e+002  3.2945747471071309e+002  3.2945747471071309e+002
  3.3749102195427167e+002  3.2979945596456400e+002  3.2949255088143309e+002  3.2945786682401331e+002  3.2945747471088316e+002  3.2945747471071354e+002  3.2945747471071354e+002  3.2945747471071354e+002  3.2945747471071309e+002  3.2945747471071309e+002  3.2945747471071309e+002  3.2945747471071309e+002  3.2945747471071309e+002  3.2945747471071309e+002
  3.4199583358670725e+002  3.3093916463824007e+002  3.2951794868956040e+002  3.2945788482670787e+002  3.2945747471133245e+002  3.2945747471071309e+002  3.2945747471071309e+002  3.2945747471071309e+002  3.2945747471071309e+002  3.2945747471071309e+002  3.2945747471071309e+002  3.2945747471071309e+002  3.2945747471071309e+002  3.2945747471071309e+002
  3.5941369990765179e+002  3.3375020791711950e+002  3.2967646541258591e+002  3.2945932139008983e+002  3.2945747471091818e+002  3.2945747471071309e+002  3.2945747471071309e+002  3.2945747471071309e+002  3.2945747471071309e+002  3.2945747471071309e+002  3.2945747471071309e+002  3.2945747471071309e+002  3.2945747471071309e+002  3.2945747471071309e+002
  3.4466241953962799e+002  3.3348537252474034e+002  3.2951312538540151e+002  3.2945763093487722e+002  3.2945747471077630e+002  3.2945747471071309e+002  3.2945747471071309e+002  3.2945747471071309e+002  3.2945747471071309e+002  3.2945747471071309e+002  3.2945747471071309e+002  3.2945747471071309e+002  3.2945747471071309e+002  3.2945747471071309e+002
  3.4769034752078869e+002  3.3127129014396087e+002  3.2951393073683266e+002  3.2945770835402800e+002  3.2945747471075356e+002  3.2945747471071309e+002  3.2945747471071309e+002  3.2945747471071309e+002  3.2945747471071309e+002  3.2945747471071309e+002  3.2945747471071309e+002  3.2945747471071309e+002  3.2945747471071309e+002  3.2945747471071309e+002
  3.3710474412966596e+002  3.3017657568920549e+002  3.2948232077554030e+002  3.2945753766445296e+002  3.2945747471085269e+002  3.2945747471071354e+002  3.2945747471071354e+002  3.2945747471071354e+002  3.2945747471071354e+002  3.2945747471071354e+002  3.2945747471071354e+002  3.2945747471071354e+002  3.2945747471071354e+002  3.2945747471071354e+002
  3.3477266436788705e+002  3.2973872610606031e+002  3.2946509387436345e+002  3.2945749054470434e+002  3.2945747471071445e+002  3.2945747471071309e+002  3.2945747471071309e+002  3.2945747471071309e+002  3.2945747471071309e+002  3.2945747471071309e+002  3.2945747471071309e+002  3.2945747471071309e+002  3.2945747471071309e+002  3.2945747471071309e+002
  3.5183621918462859e+002  3.3240066087016703e+002  3.3011739343997669e+002  3.2946065044319130e+002  3.2945747472405583e+002  3.2945747471071354e+002  3.2945747471071354e+002  3.2945747471071354e+002  3.2945747471071354e+002  3.2945747471071354e+002  3.2945747471071354e+002  3.2945747471071354e+002  3.2945747471071354e+002  3.2945747471071354e+002
  3.3616947302480366e+002  3.3007357747771948e+002  3.2948717946706756e+002  3.2945749198761632e+002  3.2945747471071627e+002  3.2945747471071354e+002  3.2945747471071354e+002  3.2945747471071354e+002  3.2945747471071354e+002  3.2945747471071354e+002  3.2945747471071354e+002  3.2945747471071354e+002  3.2945747471071354e+002  3.2945747471071354e+002
  3.3476034547523886e+002  3.3097899961716075e+002  3.2951535493454094e+002  3.2945774745705603e+002  3.2945747471082723e+002  3.2945747471071309e+002  3.2945747471071309e+002  3.2945747471071309e+002  3.2945747471071309e+002  3.2945747471071309e+002  3.2945747471071309e+002  3.2945747471071309e+002  3.2945747471071309e+002  3.2945747471071309e+002
  3.5972427842540947e+002  3.3147491105082281e+002  3.2965350250905976e+002  3.2945850862920679e+002  3.2945747471112099e+002  3.2945747471071354e+002  3.2945747471071309e+002  3.2945747471071309e+002  3.2945747471071309e+002  3.2945747471071309e+002  3.2945747471071309e+002  3.2945747471071309e+002  3.2945747471071309e+002  3.2945747471071309e+002
  3.4671195465770006e+002  3.3162107043145943e+002  3.2975264468098203e+002  3.2945771692393055e+002  3.2945747471287541e+002  3.2945747471071354e+002  3.2945747471071354e+002  3.2945747471071354e+002  3.2945747471071354e+002  3.2945747471071354e+002  3.2945747471071354e+002  3.2945747471071354e+002  3.2945747471071354e+002  3.2945747471071354e+002
  3.5001986154796032e+002  3.3025583758074890e+002  3.2948551506450394e+002  3.2945754749934304e+002  3.2945747471125696e+002  3.2945747471071354e+002  3.2945747471071354e+002  3.2945747471071354e+002  3.2945747471071354e+002  3.2945747471071354e+002  3.2945747471071354e+002  3.2945747471071354e+002  3.2945747471071309e+002  3.2945747471071309e+002
  3.4660545733905383e+002  3.2981981857277060e+002  3.2946920728013174e+002  3.2945748511036118e+002  3.2945747471073810e+002  3.2945747471071354e+002  3.2945747471071354e+002  3.2945747471071354e+002  3.2945747471071354e+002  3.2945747471071354e+002  3.2945747471071354e+002  3.2945747471071354e+002  3.2945747471071354e+002  3.2945747471071354e+002
  3.4694949798268681e+002  3.3056939367563018e+002  3.2954518187784788e+002  3.2945759097264408e+002  3.2945747471072309e+002  3.2945747471071354e+002  3.2945747471071354e+002  3.2945747471071309e+002  3.2945747471071309e+002  3.2945747471071309e+002  3.2945747471071309e+002  3.2945747471071309e+002  3.2945747471071309e+002  3.2945747471071309e+002
  3.6137254565530930e+002  3.3237438465452442e+002  3.2969515755798375e+002  3.2945814914810899e+002  3.2945747471109007e+002  3.2945747471071354e+002  3.2945747471071354e+002  3.2945747471071354e+002  3.2945747471071354e+002  3.2945747471071354e+002  3.2945747471071354e+002  3.2945747471071354e+002  3.2945747471071354e+002  3.2945747471071354e+002
  3.4880310454108212e+002  3.3026971732262473e+002  3.2955844497169483e+002  3.2945752719570191e+002  3.2945747471074492e+002  3.2945747471071354e+002  3.2945747471071354e+002  3.2945747471071354e+002  3.2945747471071354e+002  3.2945747471071354e+002  3.2945747471071354e+002  3.2945747471071354e+002  3.2945747471071354e+002  3.2945747471071354e+002
  3.6350729179415566e+002  3.5239682312904142e+002  3.4244332675871647e+002  3.3283724998932712e+002  3.2945748399502281e+002  3.2945747471071309e+002  3.2945747471071309e+002  3.2945747471071309e+002  3.2945747471071309e+002  3.2945747471071309e+002  3.2945747471071309e+002  3.2945747471071309e+002  3.2945747471071309e+002  3.2945747471071309e+002
  3.3659109885301723e+002  3.3031319249035278e+002  3.2946925871776921e+002  3.2945748569405851e+002  3.2945747471081313e+002  3.2945747471071309e+002  3.2945747471071309e+002  3.2945747471071309e+002  3.2945747471071309e+002  3.2945747471071309e+002  3.2945747471071309e+002  3.2945747471071309e+002  3.2945747471071309e+002  3.2945747471071309e+002
  3.3745530371760833e+002  3.3104086287899645e+002  3.2956898747734567e+002  3.2945898057988052e+002  3.2945747471374580e+002  3.2945747471071354e+002  3.2945747471071354e+002  3.2945747471071354e+002  3.2945747471071354e+002  3.2945747471071354e+002  3.2945747471071354e+002  3.2945747471071354e+002  3.2945747471071354e+002  3.2945747471071354e+002
  3.3517414144293525e+002  3.3056895863141426e+002  3.2955028578223528e+002  3.2945763453371001e+002  3.2945747471080404e+002  3.2945747471071354e+002  3.2945747471071354e+002  3.2945747471071354e+002  3.2945747471071354e+002  3.2945747471071354e+002  3.2945747471071354e+002  3.2945747471071354e+002  3.2945747471071309e+002  3.2945747471071309e+002
  3.6176006905651320e+002  3.4621527689421782e+002  3.2986367578380850e+002  3.2945901399922604e+002  3.2945747471108007e+002  3.2945747471071309e+002  3.2945747471071309e+002  3.2945747471071309e+002  3.2945747471071309e+002  3.2945747471071309e+002  3.2945747471071309e+002  3.2945747471071309e+002  3.2945747471071309e+002  3.2945747471071309e+002
  3.3804650024475359e+002  3.3122535874192863e+002  3.2952163167156050e+002  3.2945797670752654e+002  3.2945747471140066e+002  3.2945747471071354e+002  3.2945747471071354e+002  3.2945747471071354e+002  3.2945747471071354e+002  3.2945747471071354e+002  3.2945747471071354e+002  3.2945747471071354e+002  3.2945747471071354e+002  3.2945747471071354e+002
  3.4128503531393926e+002  3.3073280008012671e+002  3.2960900577421035e+002  3.2945863859781048e+002  3.2945747473689607e+002  3.2945747471071309e+002  3.2945747471071309e+002  3.2945747471071309e+002  3.2945747471071309e+002  3.2945747471071309e+002  3.2945747471071309e+002  3.2945747471071309e+002  3.2945747471071309e+002  3.2945747471071309e+002
  3.5813195431811346e+002  3.3231852915605396e+002  3.2965872494420728e+002  3.2945906823814767e+002  3.2945747471313143e+002  3.2945747471071354e+002  3.2945747471071354e+002  3.2945747471071309e+002  3.2945747471071309e+002  3.2945747471071309e+002  3.2945747471071309e+002  3.2945747471071309e+002  3.2945747471071309e+002  3.2945747471071309e+002
  3.3734726978017306e+002  3.3018975614371311e+002  3.2949782367436637e+002  3.2945772435824074e+002  3.2945747471072536e+002  3.2945747471071354e+002  3.2945747471071354e+002  3.2945747471071354e+002  3.2945747471071354e+002  3.2945747471071354e+002  3.2945747471071354e+002  3.2945747471071354e+002  3.2945747471071354e+002  3.2945747471071354e+002
  3.4489921458435128e+002  3.3168848201753281e+002  3.2950665536415136e+002  3.2945760613982384e+002  3.2945747471074310e+002  3.2945747471071354e+002  3.2945747471071354e+002  3.2945747471071309e+002  3.2945747471071309e+002  3.2945747471071309e+002  3.2945747471071309e+002  3.2945747471071309e+002  3.2945747471071309e+002  3.2945747471071309e+002
  3.3987492356817984e+002  3.3005792758780035e+002  3.2949720794667246e+002  3.2945756910652472e+002  3.2945747471073491e+002  3.2945747471071354e+002  3.2945747471071354e+002  3.2945747471071354e+002  3.2945747471071354e+002  3.2945747471071354e+002  3.2945747471071354e+002  3.2945747471071354e+002  3.2945747471071354e+002  3.2945747471071354e+002
  3.5718212241473657e+002  3.3766419732071427e+002  3.3478480126892146e+002  3.2946579145108399e+002  3.2945747471279992e+002  3.2945747471071354e+002  3.2945747471071354e+002  3.2945747471071354e+002  3.2945747471071309e+002  3.2945747471071309e+002  3.2945747471071309e+002  3.2945747471071309e+002  3.2945747471071309e+002  3.2945747471071309e+002
  3.4681817374719049e+002  3.3180928099949915e+002  3.2955908640283451e+002  3.2945795834611863e+002  3.2945747471130517e+002  3.2945747471071309e+002  3.2945747471071309e+002  3.2945747471071309e+002  3.2945747471071309e+002  3.2945747471071309e+002  3.2945747471071309e+002  3.2945747471071309e+002  3.2945747471071309e+002  3.2945747471071309e+002
  3.4911613716057855e+002  3.3162954907541189e+002  3.2968483474266077e+002  3.2945874316671643e+002  3.2945747471520463e+002  3.2945747471071354e+002  3.2945747471071354e+002  3.2945747471071309e+002  3.2945747471071309e+002  3.2945747471071309e+002  3.2945747471071309e+002  3.2945747471071309e+002  3.2945747471071309e+002  3.2945747471071309e+002
  3.5544841984488403e+002  3.3078855534969762e+002  3.2953787611121106e+002  3.2945806548668315e+002  3.2945747471072491e+002  3.2945747471071354e+002  3.2945747471071354e+002  3.2945747471071354e+002  3.2945747471071354e+002  3.2945747471071354e+002  3.2945747471071354e+002  3.2945747471071354e+002  3.2945747471071354e+002  3.2945747471071354e+002
  3.5778169161721326e+002  3.4513265950789628e+002  3.3346459962932113e+002  3.2946173711555093e+002  3.2945747472619041e+002  3.2945747471071354e+002  3.2945747471071354e+002  3.2945747471071309e+002  3.2945747471071309e+002  3.2945747471071309e+002  3.2945747471071309e+002  3.2945747471071309e+002  3.2945747471071309e+002  3.2945747471071309e+002
  3.6944964400724393e+002  3.3498699584992346e+002  3.2958915717900345e+002  3.2945889785164991e+002  3.2945747471788627e+002  3.2945747471071354e+002  3.2945747471071354e+002  3.2945747471071354e+002  3.2945747471071354e+002  3.2945747471071354e+002  3.2945747471071354e+002  3.2945747471071354e+002  3.2945747471071354e+002  3.2945747471071354e+002
  3.4397563654014994e+002  3.3002534481714656e+002  3.2948862918964642e+002  3.2945757618875905e+002  3.2945747471074719e+002  3.2945747471071354e+002  3.2945747471071354e+002  3.2945747471071354e+002  3.2945747471071354e+002  3.2945747471071354e+002  3.2945747471071354e+002  3.2945747471071354e+002  3.2945747471071354e+002  3.2945747471071354e+002
  3.5298454563619362e+002  3.5031051527399268e+002  3.4353820664818068e+002  3.2995567552499597e+002  3.2945747506659382e+002  3.2945747471071309e+002  3.2945747471071309e+002  3.2945747471071309e+002  3.2945747471071309e+002  3.2945747471071309e+002  3.2945747471071309e+002  3.2945747471071309e+002  3.2945747471071309e+002  3.2945747471071309e+002
  3.3423166293594113e+002  3.2957919912009720e+002  3.2946962897352660e+002  3.2945748553238855e+002  3.2945747471072082e+002  3.2945747471071309e+002  3.2945747471071309e+002  3.2945747471071309e+002  3.2945747471071309e+002  3.2945747471071309e+002  3.2945747471071309e+002  3.2945747471071309e+002  3.2945747471071309e+002  3.2945747471071309e+002
  3.4621170441637605e+002  3.3049121274992012e+002  3.2952122835889213e+002  3.2945764235828847e+002  3.2945747471103368e+002  3.2945747471071354e+002  3.2945747471071354e+002  3.2945747471071354e+002  3.2945747471071354e+002  3.2945747471071354e+002  3.2945747471071354e+002  3.2945747471071354e+002  3.2945747471071354e+002  3.2945747471071354e+002
  3.3957068185009075e+002  3.3085539022819057e+002  3.2951818449674920e+002  3.2945769730207712e+002  3.2945747471078766e+002  3.2945747471071309e+002  3.2945747471071309e+002  3.2945747471071309e+002  3.2945747471071309e+002  3.2945747471071309e+002  3.2945747471071309e+002  3.2945747471071309e+002  3.2945747471071309e+002  3.2945747471071309e+002
  3.4542449481770518e+002  3.3079055596977378e+002  3.2977081772931297e+002  3.2945852346083529e+002  3.2945747471114419e+002  3.2945747471071354e+002  3.2945747471071354e+002  3.2945747471071354e+002  3.2945747471071354e+002  3.2945747471071354e+002  3.2945747471071354e+002  3.2945747471071309e+002  3.2945747471071309e+002  3.2945747471071309e+002
  3.4145108300738912e+002  3.3013245011147183e+002  3.2948298439775590e+002  3.2945748615974890e+002  3.2945747471076083e+002  3.2945747471071354e+002  3.2945747471071354e+002  3.2945747471071309e+002  3.2945747471071309e+002  3.2945747471071309e+002  3.2945747471071309e+002  3.2945747471071309e+002  3.2945747471071309e+002  3.2945747471071309e+002
  3.5577659535658222e+002  3.4255670975309840e+002  3.3616306038045013e+002  3.2950360908183893e+002  3.2945747472078301e+002  3.2945747471071354e+002  3.2945747471071309e+002  3.2945747471071309e+002  3.2945747471071309e+002  3.2945747471071309e+002  3.2945747471071309e+002  3.2945747471071309e+002  3.2945747471071309e+002  3.2945747471071309e+002
  3.6036694996573897e+002  3.3177256853432300e+002  3.2978203762724161e+002  3.2945895024582205e+002  3.2945747471120103e+002  3.2945747471071309e+002  3.2945747471071309e+002  3.2945747471071309e+002  3.2945747471071309e+002  3.2945747471071309e+002  3.2945747471071309e+002  3.2945747471071309e+002  3.2945747471071309e+002  3.2945747471071309e+002
  3.5745284497860303e+002  3.3066489074091942e+002  3.2958610162563809e+002  3.2945767934174501e+002  3.2945747471075492e+002  3.2945747471071309e+002  3.2945747471071309e+002  3.2945747471071309e+002  3.2945747471071309e+002  3.2945747471071309e+002  3.2945747471071309e+002  3.2945747471071309e+002  3.2945747471071309e+002  3.2945747471071309e+002
  3.4879417094591008e+002  3.3025758814206847e+002  3.2949357825466132e+002  3.2945757559477488e+002  3.2945747471072400e+002  3.2945747471071309e+002  3.2945747471071309e+002  3.2945747471071309e+002  3.2945747471071309e+002  3.2945747471071309e+002  3.2945747471071309e+002  3.2945747471071309e+002  3.2945747471071309e+002  3.2945747471071309e+002
  3.3511804001506471e+002  3.3009661378865667e+002  3.2947172348434469e+002  3.2945751405238934e+002  3.2945747471073446e+002  3.2945747471071354e+002  3.2945747471071309e+002  3.2945747471071309e+002  3.2945747471071309e+002  3.2945747471071309e+002  3.2945747471071309e+002  3.2945747471071309e+002  3.2945747471071309e+002  3.2945747471071309e+002
  3.4134408992594444e+002  3.2993248350805607e+002  3.2952232067863270e+002  3.2945784395079954e+002  3.2945747471266714e+002  3.2945747471071354e+002  3.2945747471071354e+002  3.2945747471071354e+002  3.2945747471071354e+002  3.2945747471071354e+002  3.2945747471071354e+002  3.2945747471071354e+002  3.2945747471071354e+002  3.2945747471071354e+002
  3.6200039118143377e+002  3.3501991331117142e+002  3.2949418899179454e+002  3.2945752240896400e+002  3.2945747471083132e+002  3.2945747471071309e+002  3.2945747471071309e+002  3.2945747471071309e+002  3.2945747471071309e+002  3.2945747471071309e+002  3.2945747471071309e+002  3.2945747471071309e+002  3.2945747471071309e+002  3.2945747471071309e+002
  3.3603769711792711e+002  3.2973239520931293e+002  3.2947704889641727e+002  3.2945757604081837e+002  3.2945747471078039e+002  3.2945747471071354e+002  3.2945747471071354e+002  3.2945747471071309e+002  3.2945747471071309e+002  3.2945747471071309e+002  3.2945747471071309e+002  3.2945747471071309e+002  3.2945747471071309e+002  3.2945747471071309e+002
