  8.2161170557954774e+003  8.2161170557954774e+003  8.1272440027976445e+003  7.6167562622591522e+003  6.8027503446731180e+003  4.5659979203905150e+003  3.2426100277920123e+003  3.2121127805285978e+003  3.2105070778741519e+003  3.2093373110752291e+003  3.2080216014620109e+003  3.2079856734151344e+003  3.2079834922313603e+003  3.2079834922313603e+003
  8.1121265526272546e+003  7.6123433367120888e+003  7.4945504665299995e+003  6.9101691851315200e+003  5.0755450572308646e+003  2.8363780872357893e+003  2.8360467529338111e+003  2.8360467227256504e+003  2.8360467227236841e+003  2.8360467227236804e+003  2.8360467227236768e+003  2.8360467227236768e+003  2.8360467227236768e+003  2.8360467227236768e+003
  6.8238965480384850e+003  6.4506608415393457e+003  6.3108140057077162e+003  5.9513449656943349e+003  4.4690411797382658e+003  3.9686536043793640e+003  3.9686096018779263e+003  3.9686096013912411e+003  3.9686096013912393e+003  3.9686096013912374e+003  3.9686096013912374e+003  3.9686096013912374e+003  3.9686096013912374e+003  3.9686096013912374e+003
  8.0827340203841159e+003  7.6232953764479607e+003  7.6232953764479607e+003  6.5790743269826025e+003  4.4251434309127690e+003  3.8396339351016177e+003  3.8355941622858463e+003  3.8353066129191629e+003  3.8349561241682422e+003  3.8348692432253192e+003  3.8348246688938034e+003  3.8348172356815885e+003  3.8348025360473530e+003  3.8348025360473530e+003
  8.1353282281149550e+003  7.2932441418244744e+003  7.2932441418244744e+003  6.3187824437969484e+003  3.9216462039101334e+003  1.9953382325358016e+003  1.9929103978610783e+003  1.9928658013238000e+003  1.9927950334007055e+003  1.9927916383094944e+003  1.9927865519222978e+003  1.9927847729096029e+003  1.9927826040315831e+003  1.9927826040315831e+003
  6.9382481788073983e+003  6.4031596388592689e+003  5.5503488753393267e+003  4.5269853026756891e+003  3.2818587511271835e+003  3.2481912373958785e+003  3.2477301154374309e+003  3.2472649299441146e+003  3.2471137284493780e+003  3.2470914582790429e+003  3.2470758262783856e+003  3.2470526704774857e+003  3.2470405037519376e+003  3.2470405037519376e+003
  8.1385769406779145e+003  7.4780276301493759e+003  7.0258506310598195e+003  6.6117532319783522e+003  6.2099050189663858e+003  4.5859844675403492e+003  4.3277991469849530e+003  4.3215507452309012e+003  4.3212795227266870e+003  4.3040146664368986e+003  4.3020917269119400e+003  4.3012947884272035e+003  4.3008916565072141e+003  4.3008916565072141e+003
  7.6815076991392652e+003  7.6815076991392652e+003  7.6815076991392652e+003  7.3491550699207692e+003  5.1246668330946850e+003  3.7818078936328384e+003  3.7705861284501352e+003  3.7558990224662757e+003  3.7542150745196432e+003  3.7523945877765454e+003  3.7520428561769713e+003  3.7517476796164938e+003  3.7516761248171752e+003  3.7516761248171752e+003
  7.7236117599525605e+003  7.5463000361738141e+003  7.5463000361738141e+003  6.3392237756135355e+003  4.2484570094640621e+003  3.0048094436879455e+003  3.0046100030763664e+003  3.0046099681244741e+003  3.0046099681242267e+003  3.0046099681242267e+003  3.0046099681242249e+003  3.0046099681242249e+003  3.0046099681242249e+003  3.0046099681242249e+003
  7.9974480808532462e+003  7.5601874372102138e+003  7.4994604083110062e+003  6.5756599963065946e+003  5.3400745952413954e+003  3.6521951746723553e+003  3.6511323461403827e+003  3.6511165329277846e+003  3.6510082161235423e+003  3.6510053924449167e+003  3.6510006431267102e+003  3.6509926141774504e+003  3.6509925996635957e+003  3.6509925996635957e+003
  7.8998656345611962e+003  7.4739029003049382e+003  7.4739029003049382e+003  6.8417188015365491e+003  5.5584056606688437e+003  3.6459241466004532e+003  3.6070819590606770e+003  3.5998802485748020e+003  3.5914271786522622e+003  3.5887320862195702e+003  3.5885675072640370e+003  3.5883989699628091e+003  3.5883945758177470e+003  3.5883945758177470e+003
  8.5194578656400918e+003  7.5450087736450550e+003  7.5450087736450550e+003  6.7609575128231318e+003  4.0328926820810975e+003  3.4961306569817480e+003  3.4930362659755556e+003  3.4928007829146118e+003  3.4927525573885177e+003  3.4926906663339178e+003  3.4925602599849863e+003  3.4925480765000575e+003  3.4925378671354702e+003  3.4925378671354702e+003
  7.5744303155760244e+003  7.5744303155760244e+003  7.5744303155760244e+003  7.2107462061365877e+003  6.1943726102417568e+003  4.3108036292368524e+003  4.2351943554380359e+003  4.2349800548426410e+003  4.2349786124521106e+003  4.2349786091644091e+003  4.2349786091614733e+003  4.2349786091614624e+003  4.2349786091614606e+003  4.2349786091614606e+003
  7.6360528149238507e+003  7.6323553162276621e+003  7.3834822114612107e+003  6.5537926072825512e+003  4.4479151145579344e+003  3.9048518605681911e+003  3.9048506351911383e+003  3.9048506351515371e+003  3.9048506351515316e+003  3.9048506351515316e+003  3.9048506351515316e+003  3.9048506351515316e+003  3.9048506351515316e+003  3.9048506351515316e+003
  7.9246834856894711e+003  7.9246834856894711e+003  7.9246834856894693e+003  7.5907643699719738e+003  6.8955847970146579e+003  4.4857515745049550e+003  3.4061695232067195e+003  3.3477044158752560e+003  3.3429168460741967e+003  3.3421150605154380e+003  3.3416442064591247e+003  3.3415858625004203e+003  3.3415161765264002e+003  3.3415161765264002e+003
  8.0598402047531563e+003  7.7842987467985149e+003  7.2235936995050834e+003  6.1763624714172156e+003  4.1268246999611456e+003  3.2655227412830809e+003  3.2655058980888771e+003  3.2655058970751925e+003  3.2655058970751415e+003  3.2655058970751361e+003  3.2655058970751361e+003  3.2655058970751343e+003  3.2655058970751343e+003  3.2655058970751343e+003
  8.0999384218336763e+003  8.0999384218336763e+003  7.7178739300987763e+003  6.8137972147196288e+003  4.6812314876768160e+003  3.1611809776808277e+003  3.1598169132511175e+003  3.1598027717506266e+003  3.1598027676513939e+003  3.1598027675716930e+003  3.1598027675711946e+003  3.1598027675711946e+003  3.1598027675711946e+003  3.1598027675711946e+003
  7.9209921475950869e+003  7.7019505501109961e+003  7.7019505501109925e+003  6.6653941783140654e+003  4.6035371030077840e+003  2.6838034666779440e+003  2.6829560923478330e+003  2.6829560547819456e+003  2.6829560547790661e+003  2.6829560547790643e+003  2.6829560547790643e+003  2.6829560547790643e+003  2.6829560547790643e+003  2.6829560547790643e+003
  7.6971092294934333e+003  7.1800262858097667e+003  7.0851815767599537e+003  6.5131004483407487e+003  5.2948689198390966e+003  4.3065358051550338e+003  4.2348680962031267e+003  4.2258618258608858e+003  4.2227713712705245e+003  4.2223992301497929e+003  4.2221379307932748e+003  4.2219973766429448e+003  4.2217246394899030e+003  4.2217246394899030e+003
  7.5130446512211201e+003  7.5130446512211201e+003  7.5130446512211201e+003  6.8642872142985489e+003  5.5217087066533923e+003  3.5129496689350581e+003  3.5124394674156993e+003  3.5124394659852878e+003  3.5124394659852733e+003  3.5124394659852715e+003  3.5124394659852696e+003  3.5124394659852678e+003  3.5124394659852678e+003  3.5124394659852678e+003
  7.9393972152343213e+003  7.4741814929520406e+003  6.3913540854746816e+003  6.3642956516459590e+003  6.2822572453473267e+003  3.8643453031105346e+003  3.2066823764080455e+003  3.0560872105746330e+003  3.0446639674267590e+003  3.0379347179044507e+003  3.0361344551375569e+003  3.0356630870975951e+003  3.0350933621932563e+003  3.0350933621932563e+003
  7.6003959947738622e+003  7.2266342798197438e+003  7.2153332839882823e+003  6.9264401269481623e+003  4.4589578015775669e+003  3.6791688011581500e+003  3.6791488582799284e+003  3.6791488580852401e+003  3.6791488580852383e+003  3.6791488580852383e+003  3.6791488580852383e+003  3.6791488580852383e+003  3.6791488580852383e+003  3.6791488580852383e+003
  8.4046782125279860e+003  8.3819056868840125e+003  7.9873604650701673e+003  7.6989794563911128e+003  6.5775994520189633e+003  4.1303150653910488e+003  4.1035960481462189e+003  4.1034766202698847e+003  4.1034730335919503e+003  4.1034730109338416e+003  4.1034730109327884e+003  4.1034730109327884e+003  4.1034730109327793e+003  4.1034730109327793e+003
  8.5768678086779182e+003  8.0454333352036083e+003  7.7869410275013433e+003  7.5904731463138269e+003  6.1671956710674585e+003  5.1437826709182555e+003  3.4170427535650761e+003  3.2936292400784805e+003  3.2342849340098401e+003  3.2339712807371034e+003  3.2339700557477372e+003  3.2339700212616026e+003  3.2338938992487583e+003  3.2338938992487583e+003
  7.3042637753089512e+003  6.8415497538974587e+003  6.8073681152672925e+003  6.5334628331842996e+003  5.1435538724494518e+003  5.0524511376391238e+003  5.0524401664726884e+003  5.0524401657651251e+003  5.0524401657651097e+003  5.0524401657651097e+003  5.0524401657651078e+003  5.0524401657651078e+003  5.0524401657651078e+003  5.0524401657651078e+003
  7.9129208205627237e+003  7.7128690390673437e+003  7.1036381816520352e+003  5.8815871166102970e+003  3.1186034837441057e+003  2.6120178816119624e+003  2.6098939382022254e+003  2.6092299110047152e+003  2.6092253798448128e+003  2.6092236435977720e+003  2.6092226134520624e+003  2.6092222384621455e+003  2.6092222341316683e+003  2.6092222341316683e+003
  8.0158848307069456e+003  7.7986675507444306e+003  7.7974939741427661e+003  7.3800117471037120e+003  5.6256072123545628e+003  4.0465769726239196e+003  4.0084571284268804e+003  4.0005330711871702e+003  3.9968235838740675e+003  3.9962432241955066e+003  3.9957527113491506e+003  3.9955203897063766e+003  3.9954004130046305e+003  3.9954004130046305e+003
  7.9312907106370003e+003  7.3999714024089844e+003  7.1821162882845929e+003  6.0067430707646354e+003  3.9516603658531731e+003  3.5624581239649469e+003  3.5624497638246921e+003  3.5624497637247423e+003  3.5624497637247314e+003  3.5624497637247314e+003  3.5624497637247296e+003  3.5624497637247296e+003  3.5624497637247296e+003  3.5624497637247296e+003
  6.9430087124459069e+003  6.9430087124459069e+003  6.9430087124459069e+003  6.4748601480913667e+003  4.9236812307432901e+003  3.4953724914760896e+003  3.4952265909984762e+003  3.4952174127606086e+003  3.4952147225381941e+003  3.4952146939204449e+003  3.4952146936943172e+003  3.4952146936942718e+003  3.4952146936942700e+003  3.4952146936942700e+003
  8.0759392055068256e+003  7.4803833874551237e+003  7.4803833874551237e+003  6.7591003848085356e+003  5.2167716185069194e+003  4.3564252598181920e+003  4.3563744159917642e+003  4.3563691402560726e+003  4.3563607860520879e+003  4.3563453279699133e+003  4.3563414328977469e+003  4.3563386242273154e+003  4.3563372842853296e+003  4.3563372842853296e+003
  8.3721965784408058e+003  8.1606770389072426e+003  8.0712060933353532e+003  7.2823088769990973e+003  6.0848089853349202e+003  2.7426552776903554e+003  2.7334290852878948e+003  2.7333786303248562e+003  2.7333785728205112e+003  2.7333785728158127e+003  2.7333785728158091e+003  2.7333785728158073e+003  2.7333785728158055e+003  2.7333785728158055e+003
  8.0279201295096827e+003  7.8415466509629950e+003  6.6632119412847451e+003  6.0230437155407762e+003  4.4480743150211474e+003  3.9945856416529368e+003  3.9905844836235592e+003  3.9904804831498113e+003  3.9904767370106238e+003  3.9904669945431469e+003  3.9904495064532730e+003  3.9904481393958358e+003  3.9904479986415809e+003  3.9904479986415809e+003
  8.6354051342390594e+003  7.4625591654396121e+003  7.3526374270824672e+003  6.9655689781907158e+003  4.9767561132435903e+003  2.7408886166610446e+003  2.7396039946950805e+003  2.7396039448273368e+003  2.7396039448168867e+003  2.7396039448168849e+003  2.7396039448168849e+003  2.7396039448168831e+003  2.7396039448168831e+003  2.7396039448168831e+003
  7.3977048952268906e+003  7.0863086606532952e+003  7.0145367431569402e+003  6.4222986185832042e+003  5.3661786708152031e+003  3.7385740673611945e+003  3.7378402124650820e+003  3.7378401395577130e+003  3.7378401395549299e+003  3.7378401395549299e+003  3.7378401395549299e+003  3.7378401395549299e+003  3.7378401395549299e+003  3.7378401395549299e+003
  7.9132723858689897e+003  6.9731420598286368e+003  6.9488346940418432e+003  5.8245175459068505e+003  4.1534921508429852e+003  3.1770993433322874e+003  3.1746867690470735e+003  3.1746747980140899e+003  3.1746747917953198e+003  3.1746747859919324e+003  3.1746747859887037e+003  3.1746747859884490e+003  3.1746747859884490e+003  3.1746747859884490e+003
  7.9802072374091331e+003  7.9276438806901097e+003  7.9276438806901097e+003  7.5728257595845098e+003  5.2988181359273631e+003  2.8662147260056736e+003  2.8478325250236903e+003  2.8476397308282721e+003  2.8474263912927690e+003  2.8473846627588828e+003  2.8473734765124918e+003  2.8473692012393949e+003  2.8473687279471778e+003  2.8473687279471778e+003
  7.7603653454791165e+003  7.3356324424308805e+003  7.3356324424308805e+003  7.0198865417470870e+003  5.7545980128970295e+003  3.2801177538332959e+003  3.2602832006619010e+003  3.2601915696596789e+003  3.2601897238456750e+003  3.2601897180726010e+003  3.2601897180724281e+003  3.2601897180724281e+003  3.2601897180724281e+003  3.2601897180724281e+003
  8.2059302923606592e+003  7.3201719313203575e+003  7.1789139363719587e+003  6.7067639372984131e+003  5.2831965460274323e+003  3.0912451845331943e+003  3.0829386438225265e+003  3.0816032449588911e+003  3.0806626093492960e+003  3.0806382452687794e+003  3.0806306081758758e+003  3.0806296373846180e+003  3.0806277905402421e+003  3.0806277905402421e+003
  7.6544228154489101e+003  7.5433695587067887e+003  6.7800820316138197e+003  6.2878826035170077e+003  5.5370016170332656e+003  3.9321329220946081e+003  3.7738433785946618e+003  3.7532746758038866e+003  3.7018088772728861e+003  3.7005775962819444e+003  3.7004775757733005e+003  3.7004726405957008e+003  3.7004723412872463e+003  3.7004723412872463e+003
  7.7113021534419058e+003  7.7113021534419058e+003  7.7113021534419058e+003  7.7113021534419058e+003  5.7316189763992215e+003  4.5782875373064981e+003  4.5779863465158787e+003  4.5779863051183502e+003  4.5779863051100801e+003  4.5779863051100801e+003  4.5779863051100801e+003  4.5779863051100801e+003  4.5779863051100801e+003  4.5779863051100801e+003
  8.6813096790680247e+003  8.0940962462744428e+003  7.3943370109659081e+003  6.9924474105079762e+003  5.8283951547573361e+003  5.3464708572128220e+003  5.3460077736901694e+003  5.3458845404010890e+003  5.3458685337883608e+003  5.3458558516706025e+003  5.3458523982712313e+003  5.3458514180897182e+003  5.3458507166122745e+003  5.3458507166122745e+003
  8.0210477202650927e+003  6.6300525200106258e+003  6.3653537191175856e+003  5.1292662965028430e+003  2.7616847136050019e+003  2.6014823335987803e+003  2.6012151354818106e+003  2.6011905725623456e+003  2.6011848744963045e+003  2.6011845810725208e+003  2.6011842765273614e+003  2.6011804156607777e+003  2.6011781925403138e+003  2.6011781925403138e+003
  7.8024348043820246e+003  7.1837509737188630e+003  7.1281344612621542e+003  6.5834630113155526e+003  4.5258742025535812e+003  3.7225272090331473e+003  3.7189645153899419e+003  3.7188380428354540e+003  3.7187493704895987e+003  3.7187174171907482e+003  3.7186843429951023e+003  3.7186767767760794e+003  3.7186684358293260e+003  3.7186684358293260e+003
  8.2062330707494511e+003  7.7929257733544309e+003  7.6658167418638914e+003  7.0469008392707019e+003  6.3931775155986907e+003  4.3704323241303882e+003  3.7595334718416325e+003  3.7553025990681253e+003  3.7549370873915541e+003  3.7532064006417895e+003  3.7530327093799424e+003  3.7529742819936819e+003  3.7527923397599698e+003  3.7527923397599698e+003
  7.9843153974430115e+003  7.2258609396079974e+003  7.1237852330016794e+003  5.3759151566760856e+003  3.6086135612700564e+003  3.0880323204691140e+003  3.0877362864115676e+003  3.0877362714971805e+003  3.0877362714960072e+003  3.0877362714960072e+003  3.0877362714960072e+003  3.0877362714960072e+003  3.0877362714960054e+003  3.0877362714960054e+003
  7.1126706704460430e+003  7.1126706704460430e+003  7.1126706704460430e+003  6.6821335448216532e+003  3.3208365645312897e+003  2.0996425476991317e+003  2.0983781585173110e+003  2.0982541703210482e+003  2.0981573558385080e+003  2.0981553528105142e+003  2.0980117699749608e+003  2.0980065086026734e+003  2.0980035756897614e+003  2.0980035756897614e+003
  8.1236987915004029e+003  7.2858254694519983e+003  6.8311743499050090e+003  6.0067357263166705e+003  4.9104293834948448e+003  3.6901634495686976e+003  3.6652230419113384e+003  3.6640208197754364e+003  3.6639584656431980e+003  3.6639178142506826e+003  3.6638158919920952e+003  3.6629000026666272e+003  3.6625536890940766e+003  3.6625536890940766e+003
  7.9523699460279167e+003  7.5469879302906375e+003  6.8633906311955416e+003  5.1165972541101173e+003  3.7139896498962153e+003  3.7112741376800623e+003  3.7112740529761759e+003  3.7112740529760667e+003  3.7112740529760631e+003  3.7112740529760613e+003  3.7112740529760613e+003  3.7112740529760613e+003  3.7112740529760613e+003  3.7112740529760613e+003
  7.1701542088033038e+003  7.1663786145890263e+003  6.8554491087578190e+003  6.5407983447144943e+003  3.6210686281011331e+003  3.3163220438852022e+003  3.3131861430075915e+003  3.3092220422999162e+003  3.3086467799346992e+003  3.3085267796662938e+003  3.3085213540466229e+003  3.3084784782099341e+003  3.3084766104357568e+003  3.3084766104357568e+003
  7.5849140389923523e+003  7.5849140389923523e+003  6.6800699380914084e+003  5.8873951442862035e+003  2.5158059596517196e+003  2.3362374185234148e+003  2.3361525791953700e+003  2.3361524258694953e+003  2.3361524256072589e+003  2.3361524256061803e+003  2.3361524256061784e+003  2.3361524256061784e+003  2.3361524256061784e+003  2.3361524256061784e+003
  7.9293686719467496e+003  7.3392448400304820e+003  7.3392448400304820e+003  7.3392448400304820e+003  5.8058885040990463e+003  4.3349086324481741e+003  4.2925320611754360e+003  4.2897484076835790e+003  4.2896414217831898e+003  4.2896375180687501e+003  4.2896117326615658e+003  4.2896116792991579e+003  4.2896116791727545e+003  4.2896116791727545e+003
