  3.3195251413141250e+001  2.6599622682434301e+001  2.0446137934746957e+001  1.9899240652769663e+001  1.9899145831694682e+001  1.9899145831694113e+001  1.9899145831694113e+001  1.9899145831694113e+001  1.9899145831694113e+001  1.9899145831694113e+001  1.9899145831694113e+001  1.9899145831694113e+001  1.9899145831694113e+001  1.9899145831694113e+001
  4.9695987434057884e+001  3.4640505181750882e+001  2.2086078003572425e+001  1.4938171331908279e+001  1.4924375780868445e+001  1.4924375780761238e+001  1.4924375780761238e+001  1.4924375780761238e+001  1.4924375780761238e+001  1.4924375780761238e+001  1.4924375780761238e+001  1.4924375780761238e+001  1.4924375780761238e+001  1.4924375780761238e+001
  6.0880455836887677e+001  3.0401205823553823e+001  2.0695766326720218e+001  1.9900892757863176e+001  1.9899160990602240e+001  1.9899160990589507e+001  1.9899160990589507e+001  1.9899160990589507e+001  1.9899160990589507e+001  1.9899160990589507e+001  1.9899160990589507e+001  1.9899160990589507e+001  1.9899160990589507e+001  1.9899160990589507e+001
  3.7325881198407615e+001  2.9953628823403506e+001  2.4994791542308349e+001  1.9308797999477861e+001  1.8904181758745381e+001  1.8904181736781766e+001  1.8904181736781766e+001  1.8904181736781766e+001  1.8904181736781766e+001  1.8904181736781766e+001  1.8904181736781766e+001  1.8904181736781766e+001  1.8904181736781766e+001  1.8904181736781766e+001
  8.4785558681874136e+001  4.6767408342560202e+001  3.5134336223346622e+001  2.2986860845646902e+001  2.2883952160446370e+001  2.2883952154295571e+001  2.2883952154295571e+001  2.2883952154295571e+001  2.2883952154295571e+001  2.2883952154295571e+001  2.2883952154295571e+001  2.2883952154295571e+001  2.2883952154295457e+001  2.2883952154295457e+001
  4.4665544750151412e+001  3.9842312664029919e+001  2.0504009193257730e+001  1.0024936900878856e+001  9.9495855348214945e+000  9.9495855331139182e+000  9.9495855331139182e+000  9.9495855331139182e+000  9.9495855331139182e+000  9.9495855331139182e+000  9.9495855331139182e+000  9.9495855331139182e+000  9.9495855331139182e+000  9.9495855331139182e+000
  4.2049285364776324e+001  2.1979567105807291e+001  7.9151441985295605e+000  5.9726274347384560e+000  5.9697543430665974e+000  5.9697543425597814e+000  5.9697543425597814e+000  5.9697543425597814e+000  5.9697543425597814e+000  5.9697543425597814e+000  5.9697543425597814e+000  5.9697543425597814e+000  5.9697543425597814e+000  5.9697543425597814e+000
  7.5149250622942532e+001  3.5579994795195148e+001  1.8953870395666399e+001  1.2946823401383426e+001  1.2934457667662286e+001  1.2934457666574644e+001  1.2934457666574644e+001  1.2934457666574644e+001  1.2934457666574644e+001  1.2934457666574644e+001  1.2934457666574644e+001  1.2934457666574644e+001  1.2934457666574644e+001  1.2934457666574644e+001
  3.9525292293557072e+001  2.6852917824537599e+001  1.6931855864296267e+001  1.3933349634114393e+001  1.3929416723698864e+001  1.3929416723668055e+001  1.3929416723667941e+001  1.3929416723667941e+001  1.3929416723667941e+001  1.3929416723667941e+001  1.3929416723667941e+001  1.3929416723667941e+001  1.3929416723667941e+001  1.3929416723667941e+001
  4.4911936453517114e+001  2.3462135339089514e+001  1.9809951137180178e+001  1.4945300040311622e+001  1.4924370745744341e+001  1.4924370742942187e+001  1.4924370742942187e+001  1.4924370742942187e+001  1.4924370742942187e+001  1.4924370742942187e+001  1.4924370742942187e+001  1.4924370742942187e+001  1.4924370742942187e+001  1.4924370742942187e+001
  7.1343327589990736e+001  3.4303540535721027e+001  2.0886741898709033e+001  1.8905787988607017e+001  1.8904206971395865e+001  1.8904206971315375e+001  1.8904206971315375e+001  1.8904206971315375e+001  1.8904206971315375e+001  1.8904206971315375e+001  1.8904206971315375e+001  1.8904206971315375e+001  1.8904206971315375e+001  1.8904206971315375e+001
  6.7400002510717627e+001  3.4885658848334401e+001  2.4946556240290533e+001  2.0081717836849180e+001  1.9899160998883758e+001  1.9899160990589507e+001  1.9899160990589507e+001  1.9899160990589507e+001  1.9899160990589507e+001  1.9899160990589507e+001  1.9899160990589507e+001  1.9899160990589507e+001  1.9899160990589507e+001  1.9899160990589507e+001
  6.3384435399876907e+001  2.5985223452710215e+001  1.4872965962143780e+001  8.0654925858394790e+000  7.9596674226889945e+000  7.9596674189273244e+000  7.9596674189273244e+000  7.9596674189273244e+000  7.9596674189273244e+000  7.9596674189273244e+000  7.9596674189273244e+000  7.9596674189273244e+000  7.9596674189273244e+000  7.9596674189273244e+000
  4.6875664477379019e+001  3.7699043186130893e+001  2.7631427524489027e+001  2.4878113022450975e+001  2.4873931042068079e+001  2.0894099851055444e+001  2.0894099850968473e+001  2.0894099850968473e+001  2.0894099850968473e+001  2.0894099850968473e+001  2.0894099850968473e+001  2.0894099850968360e+001  2.0894099850968360e+001  2.0894099850968360e+001
  6.2333875975680371e+001  3.2098755585020967e+001  2.6355871699633667e+001  1.1772216005533323e+001  9.9495856987704201e+000  9.9495855331139182e+000  9.9495855331139182e+000  9.9495855331139182e+000  9.9495855331139182e+000  9.9495855331139182e+000  9.9495855331139182e+000  9.9495855331139182e+000  9.9495855331139182e+000  9.9495855331139182e+000
  5.0391580964194986e+001  2.7498281711759887e+001  2.2629185114241182e+001  2.0909627257133820e+001  2.0894120047734987e+001  2.0894120047682804e+001  2.0894120047682804e+001  2.0894120047682804e+001  2.0894120047682804e+001  2.0894120047682804e+001  2.0894120047682804e+001  2.0894120047682804e+001  2.0894120047682804e+001  2.0894120047682804e+001
  6.2351957596740135e+001  3.7148700210512288e+001  2.1794720907321221e+001  1.6064281223982107e+001  1.5919329806583505e+001  1.5919329800035484e+001  1.5919329800035484e+001  1.5919329800035484e+001  1.5919329800035484e+001  1.5919329800035484e+001  1.5919329800035484e+001  1.5919329800035484e+001  1.5919329800035484e+001  1.5919329800035484e+001
  3.4200699718263309e+001  1.7834633732769703e+001  1.4767086242133928e+001  1.0053786430064747e+001  9.9495805012660412e+000  9.9495804952948674e+000  9.9495804952948674e+000  9.9495804952948674e+000  9.9495804952947537e+000  9.9495804952947537e+000  9.9495804952947537e+000  9.9495804952947537e+000  9.9495804952947537e+000  9.9495804952947537e+000
  4.6224748607579841e+001  1.1989847730804286e+001  7.6464795016685230e+000  6.9666620439450071e+000  6.9647083618757506e+000  6.9647083618341412e+000  6.9647083618340275e+000  6.9647083618340275e+000  6.9647083618340275e+000  6.9647083618340275e+000  6.9647083618340275e+000  6.9647083618340275e+000  6.9647083618340275e+000  6.9647083618340275e+000
  6.3006515692326843e+001  4.0623953449663759e+001  2.9598477858537763e+001  2.8854224933180149e+001  2.8853742035379014e+001  2.8853742035362188e+001  2.8853742035362188e+001  2.8853742035362188e+001  2.8853742035362075e+001  2.8853742035362075e+001  2.8853742035362075e+001  2.8853742035362075e+001  2.8853742035362075e+001  2.8853742035362075e+001
  5.3418552405800710e+001  1.8998084161915699e+001  1.1435650659275666e+001  1.0944687874952706e+001  1.0944544590209944e+001  1.0944544590207215e+001  1.0944544590207215e+001  1.0944544590207215e+001  1.0944544590207215e+001  1.0944544590207215e+001  1.0944544590207215e+001  1.0944544590207215e+001  1.0944544590207215e+001  1.0944544590207215e+001
  5.1329407841729335e+001  3.6429415050930743e+001  2.6563919706897650e+001  1.8108347510185240e+001  1.7909247916593927e+001  1.7909247914222078e+001  1.7909247914222078e+001  1.7909247914222078e+001  1.7909247914222078e+001  1.7909247914222078e+001  1.7909247914222078e+001  1.7909247914222078e+001  1.7909247914222078e+001  1.7909247914222078e+001
  5.3035336305687565e+001  3.6392082534617430e+001  2.8175992926701724e+001  2.7858947654602844e+001  2.7858803174988225e+001  2.7858803174983223e+001  2.7858803174983223e+001  2.7858803174983223e+001  2.7858803174983223e+001  2.7858803174983223e+001  2.7858803174983223e+001  2.7858803174983223e+001  2.7858803174983223e+001  2.7858803174983223e+001
  4.2634086751170685e+001  1.7089782787092986e+001  1.4979950801546352e+001  1.4924480695597481e+001  1.4924375780781816e+001  1.4924375780761238e+001  1.4924375780761238e+001  1.4924375780761238e+001  1.4924375780761238e+001  1.4924375780761238e+001  1.4924375780761238e+001  1.4924375780761238e+001  1.4924375780761238e+001  1.4924375780761238e+001
  5.4841130610888513e+001  3.9624661568714600e+001  2.6091729892336389e+001  2.1904853939714599e+001  2.1889058909228766e+001  2.1889058908061656e+001  2.1889058908061656e+001  2.1889058908061656e+001  2.1889058908061656e+001  2.1889058908061656e+001  2.1889058908061656e+001  2.1889058908061656e+001  2.1889058908061656e+001  2.1889058908061656e+001
  2.9575285407055958e+001  2.1530017554989172e+001  1.7431348297750674e+001  1.6914438426862034e+001  1.6914273698236002e+001  1.6914273698233387e+001  1.6914273698233387e+001  1.6914273698233387e+001  1.6914273698233387e+001  1.6914273698233387e+001  1.6914273698233387e+001  1.6914273698233387e+001  1.6914273698233387e+001  1.6914273698233387e+001
  5.2507056899521785e+001  2.6778201871072383e+001  2.1254909341654297e+001  1.8906873670210530e+001  1.8904181736839519e+001  1.8904181736781766e+001  1.8904181736781766e+001  1.8904181736781766e+001  1.8904181736781766e+001  1.8904181736781766e+001  1.8904181736781766e+001  1.8904181736781766e+001  1.8904181736781766e+001  1.8904181736781766e+001
  3.3739969772314112e+001  1.9080891106400031e+001  1.0535969360929357e+001  9.9499035691712834e+000  9.9495855331251732e+000  9.9495855331139182e+000  9.9495855331139182e+000  9.9495855331139182e+000  9.9495855331139182e+000  9.9495855331139182e+000  9.9495855331139182e+000  9.9495855331138046e+000  9.9495855331138046e+000  9.9495855331138046e+000
  7.0543188410814651e+001  2.9431987626228761e+001  2.0503832444148998e+001  1.1801803829696951e+001  1.0944544596855849e+001  1.0944544590207101e+001  1.0944544590207101e+001  1.0944544590207101e+001  1.0944544590207101e+001  1.0944544590207101e+001  1.0944544590207101e+001  1.0944544590207101e+001  1.0944544590207101e+001  1.0944544590207101e+001
  3.8687868052076283e+001  2.4675022769870111e+001  1.1055643755180654e+001  8.9620299588810894e+000  8.9546264763483805e+000  8.9546264760206213e+000  8.9546264760206213e+000  8.9546264760206213e+000  8.9546264760206213e+000  8.9546264760206213e+000  8.9546264760206213e+000  8.9546264760206213e+000  8.9546264760206213e+000  8.9546264760206213e+000
  5.7526255802421360e+001  4.3300027557741828e+001  2.5091445133990305e+001  1.6963487304939463e+001  1.6914288863303454e+001  1.6914288857128781e+001  1.6914288857128781e+001  1.6914288857128781e+001  1.6914288857128781e+001  1.6914288857128781e+001  1.6914288857128781e+001  1.6914288857128781e+001  1.6914288857128781e+001  1.6914288857128781e+001
  5.0220711568628190e+001  3.4451889911955391e+001  1.3177434458021480e+001  1.0966725458614746e+001  1.0944544590410032e+001  1.0944544590207101e+001  1.0944544590207101e+001  1.0944544590207101e+001  1.0944544590207101e+001  1.0944544590207101e+001  1.0944544590207101e+001  1.0944544590207101e+001  1.0944544590207101e+001  1.0944544590207101e+001
  3.9615719331343712e+001  3.7608170719477812e+001  1.4207792845964605e+001  1.2934963796205352e+001  1.2934457666597723e+001  1.2934457666574644e+001  1.2934457666574644e+001  1.2934457666574644e+001  1.2934457666574644e+001  1.2934457666574644e+001  1.2934457666574644e+001  1.2934457666574644e+001  1.2934457666574644e+001  1.2934457666574644e+001
  6.1658735418439846e+001  4.7733728961866063e+001  2.8883723888482677e+001  1.4266546614422168e+001  1.3929396528764528e+001  1.3929396526953497e+001  1.3929396526953497e+001  1.3929396526953497e+001  1.3929396526953497e+001  1.3929396526953497e+001  1.3929396526953497e+001  1.3929396526953497e+001  1.3929396526953497e+001  1.3929396526953497e+001
  4.9882179904710483e+001  2.1027734545979001e+001  1.4937013095094130e+001  1.3930062686147267e+001  1.3929396527104586e+001  1.3929396526953497e+001  1.3929396526953497e+001  1.3929396526953497e+001  1.3929396526953497e+001  1.3929396526953497e+001  1.3929396526953497e+001  1.3929396526953497e+001  1.3929396526953497e+001  1.3929396526953497e+001
  6.0738257636990170e+001  5.5658862313363898e+001  4.6187303386572694e+001  1.2696309683350933e+001  7.9596724604793962e+000  7.9596674189273244e+000  7.9596674189273244e+000  7.9596674189273244e+000  7.9596674189273244e+000  7.9596674189273244e+000  7.9596674189273244e+000  7.9596674189273244e+000  7.9596674189273244e+000  7.9596674189273244e+000
  6.2868220901210975e+001  3.1289519068395293e+001  2.1663583215864492e+001  1.3936632464867330e+001  1.3929396527132326e+001  1.3929396526953497e+001  1.3929396526953497e+001  1.3929396526953497e+001  1.3929396526953497e+001  1.3929396526953497e+001  1.3929396526953497e+001  1.3929396526953497e+001  1.3929396526953497e+001  1.3929396526953497e+001
  7.8831254937249582e+001  5.6301802846139594e+001  4.9518962275316198e+001  4.2948571841032390e+001  4.2783072753127726e+001  4.2783072751456189e+001  1.7909227717508202e+001  1.7909227717507974e+001  1.7909227717507633e+001  1.7909227717507633e+001  1.7909227717507633e+001  1.7909227717507633e+001  1.7909227717507633e+001  1.7909227717507633e+001
  6.3774126337975417e+001  5.6577941291597426e+001  3.2544909962404745e+001  2.9851892531593762e+001  2.0894266010502179e+001  2.0894099850968360e+001  2.0894099850968360e+001  2.0894099850968360e+001  2.0894099850968360e+001  2.0894099850968360e+001  2.0894099850968360e+001  2.0894099850968360e+001  2.0894099850968360e+001  2.0894099850968360e+001
  4.4038821677130386e+001  3.4287694148597438e+001  2.6532070309453161e+001  2.0168227856740486e+001  1.9899160996931641e+001  1.9899160990589621e+001  1.9899160990589507e+001  1.9899160990589507e+001  1.9899160990589507e+001  1.9899160990589507e+001  1.9899160990589507e+001  1.9899160990589507e+001  1.9899160990589507e+001  1.9899160990589507e+001
  4.1888767649105716e+001  3.0380729104932243e+001  2.3401798965259559e+001  1.2960379093794927e+001  1.2934457670105076e+001  1.2934457666574644e+001  1.2934457666574644e+001  1.2934457666574644e+001  1.2934457666574644e+001  1.2934457666574644e+001  1.2934457666574644e+001  1.2934457666574644e+001  1.2934457666574644e+001  1.2934457666574644e+001
  6.7564270188008322e+001  3.2707363287534690e+001  2.4089116645268746e+001  2.2890306916123791e+001  2.2883997768517929e+001  2.2883997768440508e+001  2.2883997768440508e+001  2.2883997768440508e+001  2.2883997768440508e+001  2.2883997768440508e+001  2.2883997768440508e+001  2.2883997768440508e+001  2.2883997768440508e+001  2.2883997768440508e+001
  6.5581181392051121e+001  5.0581818118752153e+001  2.3637394300723713e+001  1.5988069732187455e+001  1.5919329805987445e+001  1.5919329800035484e+001  1.5919329800035484e+001  1.5919329800035484e+001  1.5919329800035484e+001  1.5919329800035484e+001  1.5919329800035484e+001  1.5919329800035484e+001  1.5919329800035484e+001  1.5919329800035484e+001
  5.7287912521676731e+001  3.1703051231446580e+001  2.5725978023117250e+001  1.8246818536903675e+001  1.7909242904555981e+001  1.7909242876402914e+001  1.7909242876402914e+001  1.7909242876402914e+001  1.7909242876402914e+001  1.7909242876402914e+001  1.7909242876402914e+001  1.7909242876402914e+001  1.7909242876402914e+001  1.7909242876402914e+001
  3.3926518809761092e+001  2.4708667232114863e+001  2.0984776539623681e+001  2.0894468487865083e+001  2.0856127099260107e+001  2.0834836905297834e+001  2.0834836905297834e+001  2.0834836905297834e+001  2.0834836905297834e+001  2.0834836905297834e+001  2.0834836905297834e+001  2.0834836905297834e+001  2.0834836905297834e+001  2.0834836905297834e+001
  6.0390973193849845e+001  3.4812886948577443e+001  2.2096559808601683e+001  2.0894416998048655e+001  2.0894099850977227e+001  2.0894099850968360e+001  2.0894099850968360e+001  2.0894099850968360e+001  2.0894099850968360e+001  2.0894099850968360e+001  2.0894099850968360e+001  2.0894099850968360e+001  2.0894099850968360e+001  2.0894099850968360e+001
  4.4182683024298854e+001  3.1021900270989704e+001  2.0130499165848505e+001  1.7919610168047029e+001  1.7909242879174712e+001  1.7909242876402914e+001  1.7909242876402914e+001  1.7909242876402914e+001  1.7909242876402914e+001  1.7909242876402914e+001  1.7909242876402914e+001  1.7909242876402914e+001  1.7909242876402914e+001  1.7909242876402914e+001
  8.9825175067228315e+001  5.9916280112870595e+001  4.8086294937354410e+001  2.7830505618779853e+001  2.6863783366041162e+001  2.6863783344849708e+001  2.6863783344849594e+001  2.6863783344849594e+001  2.6863783344849594e+001  2.6863783344849594e+001  2.6863783344849594e+001  2.6863783344849594e+001  2.6863783344849594e+001  2.6863783344849594e+001
  5.7185384493920310e+001  4.1348916413598999e+001  2.1097734815502008e+001  1.6935484278481226e+001  1.6914288858351256e+001  1.6914288857128781e+001  1.6914288857128781e+001  1.6914288857128781e+001  1.6914288857128781e+001  1.6914288857128781e+001  1.6914288857128781e+001  1.6914288857128781e+001  1.6914288857128781e+001  1.6914288857128781e+001
  6.1408751418034058e+001  4.8815422811945382e+001  4.4327283615941610e+001  2.9978405936447984e+001  1.2934488465520076e+001  1.2934457666574758e+001  1.2934457666574758e+001  1.2934457666574758e+001  1.2934457666574758e+001  1.2934457666574758e+001  1.2934457666574758e+001  1.2934457666574758e+001  1.2934457666574758e+001  1.2934457666574758e+001
  3.5886489777679458e+001  2.6421590722663041e+001  1.6476673568839260e+001  1.0950455183986151e+001  1.0944544590337728e+001  1.0944544590207215e+001  1.0944544590207215e+001  1.0944544590207215e+001  1.0944544590207215e+001  1.0944544590207215e+001  1.0944544590207215e+001  1.0944544590207215e+001  1.0944544590207101e+001  1.0944544590207101e+001
