  3.2148664469197774e+002  2.6028127392843226e+002  1.8974276969741186e+002  1.5186656496955675e+002  1.4925229486974285e+002  1.4924318608854583e+002  1.4924318593029489e+002  1.4924318593029420e+002  1.4924318593029420e+002  1.4924318593029238e+002  1.4924318593029238e+002  1.4924318593029238e+002  1.4924318593029238e+002  1.4924318593029238e+002
  3.2841995965022625e+002  2.7422865162139874e+002  1.7095659576550952e+002  1.1591089665699883e+002  1.1046020597099846e+002  1.1044007881899540e+002  1.1044007654455515e+002  1.1044007654443499e+002  1.1044007654443499e+002  1.1044007654443499e+002  1.1044007654443499e+002  1.1044007654443476e+002  1.1044007654443476e+002  1.1044007654443476e+002
  3.7030280480774513e+002  2.8592235007519002e+002  2.0517798864247015e+002  1.3270989218344857e+002  1.2648121819442213e+002  1.2635899299856760e+002  1.2635897329762952e+002  1.2635897329750242e+002  1.2635897329750242e+002  1.2635897329750242e+002  1.2635897329750151e+002  1.2635897329750151e+002  1.2635897329750151e+002  1.2635897329750151e+002
  2.9476539605046992e+002  2.4735406318695050e+002  1.7370508436039813e+002  1.1881477429821041e+002  1.1356123120331745e+002  1.1342494906093089e+002  1.1342494345729222e+002  1.1342494345717955e+002  1.1342494345717955e+002  1.1342494345717955e+002  1.1342494345717955e+002  1.1342494345717955e+002  1.1342494345717955e+002  1.1342494345717955e+002
  3.3068429924890643e+002  2.6072736855324410e+002  1.8558709525308359e+002  1.4274496571585996e+002  1.4029987960219091e+002  1.4028846304734384e+002  1.4028846258940075e+002  1.4028846258939939e+002  1.4028846258939916e+002  1.4028846258939916e+002  1.4028846258939916e+002  1.4028846258939916e+002  1.4028846258939916e+002  1.4028846258939916e+002
  3.5071672003757158e+002  2.9050946387325507e+002  2.4583701268321624e+002  1.6865502246075266e+002  1.5248339064476136e+002  1.5222817964188766e+002  1.5222797206136511e+002  1.5222797205617985e+002  1.5222797205617962e+002  1.5222797205617962e+002  1.5222797205617962e+002  1.5222797205617917e+002  1.5222797205617917e+002  1.5222797205617917e+002
  3.2931064062223027e+002  2.2184168380427241e+002  1.8206588215980241e+002  1.5235825418543550e+002  1.5025328311142312e+002  1.5023789012317843e+002  1.5023788959226476e+002  1.5023788959214835e+002  1.5023788959214835e+002  1.5023788959214789e+002  1.5023788959214789e+002  1.5023788959214789e+002  1.5023788959214789e+002  1.5023788959214789e+002
  2.7970346100976008e+002  1.9888053264298674e+002  1.7878013156523480e+002  9.6499324183303770e+001  8.1647265842504225e+001  8.1586293692211484e+001  8.1586293379431595e+001  8.1586293379421249e+001  8.1586293379421249e+001  8.1586293379421249e+001  8.1586293379421249e+001  8.1586293379421249e+001  8.1586293379421249e+001  8.1586293379421249e+001
  2.6440720645702118e+002  2.4801897957006895e+002  1.9359473804674212e+002  1.5907179217610951e+002  1.5721585503385199e+002  1.5720274332778536e+002  1.5720274192746979e+002  1.5720274192421675e+002  1.5720274192421539e+002  1.5720274192421539e+002  1.5720274192421539e+002  1.5720274192421539e+002  1.5720274192421539e+002  1.5720274192421539e+002
  2.6436614604610645e+002  2.2298436767606381e+002  1.5230591840274110e+002  8.7912876356780430e+001  7.8780131765934811e+001  7.8601577427398411e+001  7.8601563547519277e+001  7.8601563542081749e+001  7.8601563542081180e+001  7.8601563542081180e+001  7.8601563542081180e+001  7.8601563542081180e+001  7.8601563542081180e+001  7.8601563542081180e+001
  2.6833660998099822e+002  2.3719372732625834e+002  1.5541889008289422e+002  1.3165714231828974e+002  1.3033944891585520e+002  1.3033846402354675e+002  1.3033846399549338e+002  1.3033846399548929e+002  1.3033846399548929e+002  1.3033846399548929e+002  1.3033846399548929e+002  1.3033846399548929e+002  1.3033846399548929e+002  1.3033846399548929e+002
  3.4122851419769722e+002  3.1778908305433038e+002  2.6684584532060967e+002  1.8822155066403138e+002  1.8407547712596102e+002  1.8406619902044326e+002  1.8406619860929618e+002  1.8406619860928186e+002  1.8406619860928186e+002  1.8406619860928186e+002  1.8406619860928140e+002  1.8406619860928140e+002  1.8406619860928140e+002  1.8406619860928140e+002
  3.3303202900188739e+002  2.6638160794636951e+002  1.8729287321345328e+002  1.2938809796637815e+002  1.2536661138298859e+002  1.2536448016463987e+002  1.2536446262942923e+002  1.2536446262917002e+002  1.2536446262916957e+002  1.2536446262916957e+002  1.2536446262916957e+002  1.2536446262916957e+002  1.2536446262916957e+002  1.2536446262916957e+002
  3.4554961814787634e+002  2.5454962815821318e+002  2.0496148187688823e+002  1.0863659968042896e+002  8.7717316605024052e+001  8.7556038651087761e+001  8.7556037646346908e+001  8.7556037646342929e+001  8.7556037646342929e+001  8.7556037646342929e+001  8.7556037646342929e+001  8.7556037646342929e+001  8.7556037646342929e+001  8.7556037646342929e+001
  3.3710327662339319e+002  2.8364901979749880e+002  2.1671207274305721e+002  1.3828795799407590e+002  1.3149264932077494e+002  1.3133400422664999e+002  1.3133399878916589e+002  1.3133399878911132e+002  1.3133399878911132e+002  1.3133399878911132e+002  1.3133399878911086e+002  1.3133399878911086e+002  1.3133399878911086e+002  1.3133399878911086e+002
  4.0041621740646133e+002  3.5487465324094046e+002  2.4632276330449076e+002  1.5976192183287503e+002  1.4927732853596422e+002  1.4924315575929722e+002  1.4924315547523361e+002  1.4924315547504330e+002  1.4924315547504330e+002  1.4924315547504330e+002  1.4924315547504330e+002  1.4924315547504330e+002  1.4924315547504330e+002  1.4924315547504330e+002
  2.8349742372081550e+002  2.2285447470898453e+002  1.5992380067622503e+002  1.2906998822622836e+002  1.2736014417260822e+002  1.2735414885403316e+002  1.2735414721895086e+002  1.2735414721894540e+002  1.2735414721894540e+002  1.2735414721894540e+002  1.2735414721894540e+002  1.2735414721894540e+002  1.2735414721894540e+002  1.2735414721894540e+002
  3.9195145643791943e+002  3.0430373011192319e+002  2.0185672790059152e+002  1.3637832944130218e+002  1.2849175256391845e+002  1.2834899320404770e+002  1.2834897405564948e+002  1.2834897405555648e+002  1.2834897405555648e+002  1.2834897405555648e+002  1.2834897405555603e+002  1.2834897405555603e+002  1.2834897405555603e+002  1.2834897405555603e+002
  4.0084013901866092e+002  3.2844988612148336e+002  2.5608302686811953e+002  2.2099533527737503e+002  2.1889331179704050e+002  2.1888877998006024e+002  2.1888877952197959e+002  2.1888877952197572e+002  2.1888877952197572e+002  2.1888877952197572e+002  2.1888877952197572e+002  2.1888877952197572e+002  2.1888877952197572e+002  2.1888877952197572e+002
  3.7488479721234808e+002  2.7514425856585103e+002  2.2168923634390399e+002  1.1337153495116615e+002  1.0449318079499437e+002  1.0447036312385160e+002  1.0447036259539686e+002  1.0447036259530410e+002  1.0447036259530410e+002  1.0447036259530410e+002  1.0447036259530410e+002  1.0447036259530410e+002  1.0447036259530410e+002  1.0447036259530410e+002
  3.2605672772732532e+002  2.7518808581233202e+002  2.2460680701623096e+002  1.5182922016528073e+002  1.4554260561448086e+002  1.4552748709917000e+002  1.4552748693785270e+002  1.4552748693760304e+002  1.4552748693760304e+002  1.4552748693760304e+002  1.4552748693760304e+002  1.4552748693760259e+002  1.4552748693760259e+002  1.4552748693760259e+002
  2.3939620720558332e+002  1.6454683390818082e+002  1.0962877753914381e+002  8.0796837271234040e+001  7.7631631379495957e+001  7.7606640636149791e+001  7.7606640023532350e+001  7.7606640023495174e+001  7.7606640023495174e+001  7.7606640023495174e+001  7.7606640023495174e+001  7.7606640023494833e+001  7.7606640023494720e+001  7.7606640023494720e+001
  4.3020681665191387e+002  3.2871609457195473e+002  3.0165788016498982e+002  2.0256291559714896e+002  1.6224582720060539e+002  1.6217653128878123e+002  1.6217650823047097e+002  1.6217650822947076e+002  1.6217650822947053e+002  1.6217650822947053e+002  1.6217650822947053e+002  1.6217650822947053e+002  1.6217650822947053e+002  1.6217650822947053e+002
  4.3347997271306849e+002  2.9656527650048315e+002  2.6011871036292951e+002  1.8572780206539483e+002  6.5524345294443265e+001  6.4672233168946264e+001  6.4672217669838460e+001  6.4672217667094401e+001  6.4672217667092809e+001  6.4672217667092582e+001  6.4672217667092582e+001  6.4672217667092355e+001  6.4672217667092241e+001  6.4672217667092241e+001
  3.7078042676965151e+002  2.8562294377972694e+002  2.6290641901115760e+002  1.8664834510068704e+002  1.7911678203435804e+002  1.7909058908163888e+002  1.7909058828485763e+002  1.7909058828485604e+002  1.7909058828485445e+002  1.7909058828485422e+002  1.7909058828485422e+002  1.7909058828485422e+002  1.7909058828485422e+002  1.7909058828485422e+002
  3.1612727131354086e+002  2.9201796698122871e+002  2.3170526553248305e+002  1.7368122836674365e+002  1.6915948012218337e+002  1.6914193170101066e+002  1.6914192903294406e+002  1.6914192903280991e+002  1.6914192903280991e+002  1.6914192903280991e+002  1.6914192903280900e+002  1.6914192903280855e+002  1.6914192903280855e+002  1.6914192903280855e+002
  3.3798785521366631e+002  2.8110389269071129e+002  2.2095515070463307e+002  1.4779619271065371e+002  1.3953397032319936e+002  1.3948497676793454e+002  1.3948496517392459e+002  1.3948496517298190e+002  1.3948496517298145e+002  1.3948496517298122e+002  1.3948496517298122e+002  1.3948496517298122e+002  1.3948496517298122e+002  1.3948496517298122e+002
  3.9609645907720892e+002  3.2158323927192100e+002  2.9287676809509344e+002  1.7872774251629698e+002  1.4731705833109231e+002  1.4725315468028930e+002  1.4725315075527442e+002  1.4725315075460571e+002  1.4725315075451908e+002  1.4725315075451908e+002  1.4725315075451908e+002  1.4725315075451908e+002  1.4725315075451908e+002  1.4725315075451908e+002
  3.6233710372860241e+002  2.7697518472257707e+002  2.2011467977687926e+002  1.7798165115835536e+002  1.7031592063066591e+002  1.7013707549520450e+002  1.7013707318987463e+002  1.7013707318978732e+002  1.7013707318978709e+002  1.7013707318978709e+002  1.7013707318978709e+002  1.7013707318978709e+002  1.7013707318978709e+002  1.7013707318978709e+002
  3.4487512207807913e+002  2.6777165308985604e+002  2.0583403754558844e+002  1.6708085439356205e+002  1.6119188579962179e+002  1.6118261370169625e+002  1.6118261369109587e+002  1.6118261369109518e+002  1.6118261369109518e+002  1.6118261369109518e+002  1.6118261369109518e+002  1.6118261369109518e+002  1.6118261369109518e+002  1.6118261369109518e+002
  3.1641117292883200e+002  2.5421958386705910e+002  1.7453943966210318e+002  1.4045475488429520e+002  1.3436921770867229e+002  1.3431899645826320e+002  1.3431899283923872e+002  1.3431899283908228e+002  1.3431899283908206e+002  1.3431899283908206e+002  1.3431899283908206e+002  1.3431899283908206e+002  1.3431899283908206e+002  1.3431899283908206e+002
  2.8216278191843230e+002  2.3767625100159125e+002  1.6328317120157385e+002  1.3235614432697002e+002  1.2804509223211471e+002  1.2803998776176013e+002  1.2803998736033805e+002  1.2803998735984806e+002  1.2803998735984806e+002  1.2803998735984806e+002  1.2803998735984806e+002  1.2803998735984783e+002  1.2803998735984783e+002  1.2803998735984783e+002
  3.4266711867459981e+002  2.2964096020400643e+002  1.6715701006500672e+002  1.0851266388172462e+002  1.0546814381242484e+002  1.0546521995867909e+002  1.0546521993260387e+002  1.0546521993260274e+002  1.0546521993260274e+002  1.0546521993260262e+002  1.0546521993260239e+002  1.0546521993260239e+002  1.0546521993260239e+002  1.0546521993260239e+002
  3.7425241152775516e+002  2.9645465099581884e+002  2.3527365637577441e+002  1.3703841692106084e+002  1.2735955506526329e+002  1.2735429461768672e+002  1.2735429455297549e+002  1.2735429455288659e+002  1.2735429455288659e+002  1.2735429455288545e+002  1.2735429455288522e+002  1.2735429455288522e+002  1.2735429455288522e+002  1.2735429455288522e+002
  3.4312312056303131e+002  2.8491475057246976e+002  2.4950548715969126e+002  1.6891888356644131e+002  1.6517207976385203e+002  1.6516216550202262e+002  1.6516216532724457e+002  1.6516216532722751e+002  1.6516216532722729e+002  1.6516216532722729e+002  1.6516216532722729e+002  1.6516216532722729e+002  1.6516216532722729e+002  1.6516216532722729e+002
  3.0586411802784824e+002  2.6801171261608761e+002  2.1140115286215109e+002  9.7169625412418441e+001  7.7703338813888195e+001  7.7606548210969322e+001  7.7606543712544180e+001  7.7606543711947779e+001  7.7606543711947779e+001  7.7606543711947779e+001  7.7606543711947779e+001  7.7606543711947552e+001  7.7606543711947552e+001  7.7606543711947552e+001
  2.8625168721981345e+002  2.1692512881877997e+002  1.3880063809802868e+002  1.1096509444339881e+002  1.0649481420050506e+002  1.0646018328469938e+002  1.0646017377315877e+002  1.0646017376898021e+002  1.0646017376897976e+002  1.0646017376897976e+002  1.0646017376897964e+002  1.0646017376897964e+002  1.0646017376897964e+002  1.0646017376897964e+002
  3.3696707842211345e+002  2.7046325667701217e+002  2.0346589637636021e+002  1.6493266695576767e+002  1.6021912677657429e+002  1.6018734833534495e+002  1.6018734798804167e+002  1.6018734798803644e+002  1.6018734798803644e+002  1.6018734798803644e+002  1.6018734798803644e+002  1.6018734798803644e+002  1.6018734798803644e+002  1.6018734798803644e+002
  3.4756919885162688e+002  2.8790002600071875e+002  2.1307516591340004e+002  1.6283467258623978e+002  1.5820832041990980e+002  1.5819772659236401e+002  1.5819772639874282e+002  1.5819772639873918e+002  1.5819772639873918e+002  1.5819772639873918e+002  1.5819772639873918e+002  1.5819772639873918e+002  1.5819772639873918e+002  1.5819772639873918e+002
  3.2239908972946500e+002  2.5918989877009426e+002  1.7712095168071824e+002  1.3285749115246358e+002  1.2736136947374689e+002  1.2735431605682629e+002  1.2735431493299598e+002  1.2735431493249666e+002  1.2735431493249666e+002  1.2735431493249666e+002  1.2735431493249666e+002  1.2735431493249666e+002  1.2735431493249666e+002  1.2735431493249666e+002
  3.6437127586649171e+002  3.1862384948311296e+002  2.8158072701480842e+002  1.7760183588481004e+002  1.4236637414560869e+002  1.4227849951463941e+002  1.4227849776517951e+002  1.4227849776517314e+002  1.4227849776517314e+002  1.4227849776517314e+002  1.4227849776517314e+002  1.4227849776517314e+002  1.4227849776517314e+002  1.4227849776517314e+002
  3.0803067470393580e+002  2.1500712264293520e+002  1.7036508310466934e+002  1.1045374609593921e+002  9.6520585258699612e+001  9.6510786524649802e+001  9.6510786404670739e+001  9.6510786404666646e+001  9.6510786404666646e+001  9.6510786404666646e+001  9.6510786404666646e+001  9.6510786404666646e+001  9.6510786404666646e+001  9.6510786404666646e+001
  3.3385766636583617e+002  2.9172353422878655e+002  2.0364183887936633e+002  1.5425751859491425e+002  1.5028290249814791e+002  1.5023799865187107e+002  1.5023799765345348e+002  1.5023799765344847e+002  1.5023799765344597e+002  1.5023799765344597e+002  1.5023799765344597e+002  1.5023799765344597e+002  1.5023799765344597e+002  1.5023799765344597e+002
  3.4969577891782137e+002  2.9956033736611289e+002  2.5208545586713535e+002  1.7335016856453171e+002  1.5920411430610420e+002  1.5919192212700318e+002  1.5919192180919481e+002  1.5919192180903883e+002  1.5919192180903883e+002  1.5919192180903838e+002  1.5919192180903838e+002  1.5919192180903838e+002  1.5919192180903838e+002  1.5919192180903838e+002
  3.7520190936020708e+002  3.3456737830525981e+002  2.5845931093198783e+002  1.7399776914351742e+002  1.5032406934808978e+002  1.5023776143770874e+002  1.5023775737180586e+002  1.5023775737166534e+002  1.5023775737166534e+002  1.5023775737166534e+002  1.5023775737166534e+002  1.5023775737166534e+002  1.5023775737166534e+002  1.5023775737166534e+002
  3.2611291311800778e+002  2.6891163931893834e+002  1.8181441775721783e+002  1.0004130385575365e+002  9.3553170824209133e+001  9.3525894170842321e+001  9.3525893891666783e+001  9.3525893891594706e+001  9.3525893891594478e+001  9.3525893891594365e+001  9.3525893891594365e+001  9.3525893891594365e+001  9.3525893891594365e+001  9.3525893891594365e+001
  3.2894195384406930e+002  2.3377733340096961e+002  1.6023526534612506e+002  1.3341491216602662e+002  1.3035124326987034e+002  1.3033904575619727e+002  1.3033904458698748e+002  1.3033904458694042e+002  1.3033904458693996e+002  1.3033904458693974e+002  1.3033904458693974e+002  1.3033904458693951e+002  1.3033904458693951e+002  1.3033904458693951e+002
  3.7623219277372709e+002  3.3002536597896756e+002  3.1928020066782256e+002  2.2107129368724372e+002  1.4261354635966427e+002  1.4227819356304485e+002  1.4227818663505514e+002  1.4227818663471362e+002  1.4227818663471362e+002  1.4227818663471362e+002  1.4227818663471362e+002  1.4227818663471362e+002  1.4227818663471362e+002  1.4227818663471362e+002
  3.6529019276159033e+002  3.1542749758131595e+002  2.5714531831833165e+002  1.7446982768304770e+002  1.6225153079256506e+002  1.6217762898872752e+002  1.6217762848349912e+002  1.6217762848340999e+002  1.6217762848340999e+002  1.6217762848340999e+002  1.6217762848340999e+002  1.6217762848340999e+002  1.6217762848340999e+002  1.6217762848340999e+002
  3.8776460215313864e+002  3.1492566551675600e+002  2.4214036855888980e+002  1.6872740202171735e+002  1.5822487322114421e+002  1.5819770152574756e+002  1.5819770098165986e+002  1.5819770098130857e+002  1.5819770098130857e+002  1.5819770098130857e+002  1.5819770098130857e+002  1.5819770098130857e+002  1.5819770098130857e+002  1.5819770098130857e+002
  3.7101593234512029e+002  3.5039989196065767e+002  3.0701415430638212e+002  1.8840445695499329e+002  1.6066304561698735e+002  1.6055703224089439e+002  1.6055703084964398e+002  1.6055703084898050e+002  1.6055703084898050e+002  1.6055703084898050e+002  1.6055703084898050e+002  1.6055703084898050e+002  1.6055703084898050e+002  1.6055703084898050e+002
