  4.7641376818800673e+007  2.7425833630682770e+006  1.1004460460945471e+005  4.3564328562332114e+004  8.4738369387150851e+003  3.3817291041663375e+003  2.6289972021649519e+003  2.1134120878031226e+003  1.8146721545020382e+003  1.8068087503985043e+003  1.5873881058059260e+003  1.5838471752328824e+003  1.5581874782046843e+003  1.5581874782046843e+003
  7.6407093634604260e+007  1.4854829817993236e+006  2.3913515059367422e+005  7.5797527472938353e+004  2.1566518090573758e+004  1.4967006508282364e+004  1.1380332465508287e+004  1.1237422561591566e+004  1.8553264570752372e+003  1.8281748141914431e+003  1.7938229349448893e+003  1.3777762716033012e+003  1.3211230310538022e+003  1.3211230310538022e+003
  4.5881662935793296e+007  8.6555333850679814e+005  6.4744466043696651e+004  2.0397132996787412e+004  9.2171207235639104e+003  3.4208616233806051e+003  2.7692508968688680e+003  2.0648951577013577e+003  2.0534068813757640e+003  1.8933630156936943e+003  1.8758412092134267e+003  1.8705923922744205e+003  1.7872586625800486e+003  1.7872586625800486e+003
  3.9461544407387763e+007  1.5943756679752255e+006  1.6166681587134540e+005  4.3396628015304392e+004  3.9252848237379785e+003  1.8597021798218502e+003  1.7064996502139529e+003  1.7048347551829720e+003  1.3085442598211293e+003  1.1206526972008674e+003  1.0407468738083048e+003  9.8575393813599385e+002  9.6410774080812052e+002  9.6410774080812052e+002
  6.1129480156137146e+007  1.6672880456481033e+006  1.3231665706726466e+005  6.5456633192757930e+004  1.1001469910499489e+004  2.8022377869682841e+003  1.5932934303850225e+003  1.0922510456966147e+003  1.0630437902707026e+003  1.0628415086126911e+003  1.0628347482250510e+003  1.0622121623770854e+003  1.0618207916423235e+003  1.0618207916423235e+003
  6.7625301696575433e+007  1.8195596706282115e+006  1.6703492941058427e+005  8.1992441744213735e+004  1.7049065086809896e+004  3.1382721714503678e+003  2.8374304070738417e+003  1.1553460600670178e+003  1.0713798471919508e+003  1.0711361890992775e+003  1.0705407966691441e+003  1.0705278094156865e+003  1.0394570544906246e+003  1.0394570544906246e+003
  1.9557876127184536e+007  5.8749960836560954e+005  8.6234130716153973e+004  3.4375427679903580e+004  7.0543955645029528e+003  3.6242601576846282e+003  2.9622470771627068e+003  2.4354231150986052e+003  1.8911184157136422e+003  1.8877134028088258e+003  1.8014867264315744e+003  1.7951652196656623e+003  1.7923748868655548e+003  1.7923748868655548e+003
  6.7941572884658664e+007  2.2673782503579278e+006  1.8928519348605268e+005  5.1164328916109895e+004  6.0906444348453369e+003  2.0471474920532692e+003  1.6878841628970285e+003  1.0964596634607869e+003  1.0246649941612127e+003  9.7137790792029045e+002  9.5969573924195311e+002  9.4812856828357053e+002  9.4627189571839745e+002  9.4627189571839745e+002
  2.2518062202860549e+008  9.4112546659220219e+007  5.5291093920757882e+007  3.2030689254492801e+006  1.0223976177597645e+005  4.2677622632146531e+003  3.9139668249315491e+003  2.7418906793975902e+003  2.5134022475131369e+003  2.4704401807975137e+003  1.9259264506145646e+003  1.9150922386408520e+003  1.2765771082929077e+003  1.2765771082929077e+003
  6.0357285330047421e+007  4.2329478483688179e+006  1.0373692627537987e+005  3.0599409164278797e+004  1.1438059858097318e+004  3.8511243264754712e+003  1.8164004261082691e+003  1.5414861088189682e+003  9.3574804493638294e+002  9.1063033178747446e+002  9.1023059379846063e+002  9.1016164061972904e+002  9.0792288492161106e+002  9.0792288492161106e+002
  8.6354382505698912e+006  3.0364667096674955e+005  1.3396368594538720e+005  1.0280560289849105e+005  1.1254324159117114e+004  2.0019637604428399e+003  1.9416041232626885e+003  1.5306363960323961e+003  1.4644276922182544e+003  1.2897578470983208e+003  1.2553244472451615e+003  1.2550329548278442e+003  1.1706469791969944e+003  1.1706469791969944e+003
  1.8348301032239553e+008  1.5021209948507883e+007  3.8932088817473099e+005  6.7280241855150176e+004  9.8418923404158941e+003  3.3021747615717286e+003  2.7594529996086230e+003  1.4889607433644906e+003  1.1918167285805084e+003  1.1283065684690937e+003  1.0879327668530605e+003  1.0765422978032193e+003  1.0763099371514745e+003  1.0763099371514745e+003
  4.6083631238351949e+007  1.2709306683301402e+006  1.3808594474937322e+005  7.4590805976434407e+004  1.4705758621819732e+004  2.1047244309086400e+003  1.9019392611019975e+003  1.8965060713712573e+003  1.1872501687535505e+003  1.1100095219709192e+003  1.1015832808421583e+003  1.1006834410090132e+003  1.0872916997631937e+003  1.0872916997631937e+003
  1.1139385677009553e+007  1.5424909941477008e+005  4.3722829161009962e+004  2.8089870580255989e+004  6.0503926085091261e+003  2.1427949294705086e+003  2.0859047188287459e+003  1.8903675498626562e+003  1.7621774005043990e+003  1.7603257879450175e+003  1.7590832315864909e+003  1.7533344132397142e+003  1.7532553657499375e+003  1.7532553657499375e+003
  2.5234255184730449e+008  5.5754255385583855e+007  5.7366856858655671e+006  1.0419812567634606e+005  3.1619765417497198e+004  2.5293611657928905e+003  2.0668399100910465e+003  1.0084641400500714e+003  9.9291564859238861e+002  9.9265090281871881e+002  9.8863891347148046e+002  9.8701574973574407e+002  9.8072259835130717e+002  9.8072259835130717e+002
  3.3414595665912531e+007  3.9383832091210107e+005  7.6870413664896390e+004  1.4321857304324330e+004  2.7172132963304193e+003  1.3217402665859518e+003  1.2266406893748144e+003  1.2211227251902856e+003  1.1775251293840265e+003  1.1774852720092449e+003  1.1764159711988409e+003  1.1438540904800020e+003  1.1438172661763219e+003  1.1438172661763219e+003
  1.9857686040107694e+008  8.8376397166670654e+006  1.3833198925168975e+006  7.1842023592667087e+004  2.2340071467035050e+004  1.3247090408972665e+004  3.5819617760508536e+003  3.0256670492602443e+003  1.7752148456906561e+003  1.7475144741932791e+003  1.7120406941521487e+003  1.7079405422955297e+003  1.1546818099377215e+003  1.1546818099377215e+003
  1.0497582210968530e+008  1.9915367617763726e+006  3.3529625180968817e+005  9.4360040865768111e+004  1.9538754737111816e+004  3.1060590407737491e+003  2.4592928123110069e+003  1.6330384421638455e+003  1.5675233203145435e+003  1.4122628644250635e+003  1.4108751029228051e+003  1.3863855857806866e+003  1.3472311027293890e+003  1.3472311027293890e+003
  2.3074234035619932e+008  1.0887995002283214e+008  8.6170484745077461e+007  3.0194252036872655e+007  4.4271642343788231e+006  5.6137860487389444e+004  2.0929981332844574e+004  6.8272526597796095e+003  3.3239796835309608e+003  2.4113598657403836e+003  2.4003128269928739e+003  2.3185466945408871e+003  2.3156644040190840e+003  2.3156644040190840e+003
  6.1912490253770135e+007  1.7126549558018621e+006  2.3803725283746043e+005  1.0313325487712212e+005  7.3523327763082343e+003  3.3401487878957587e+003  2.0055379311031866e+003  1.9250277958470997e+003  1.7279074964401852e+003  1.7210560999751660e+003  9.8292043489615298e+002  9.7381238525444769e+002  9.3246514782063741e+002  9.3246514782063741e+002
  6.1557090529714160e+007  1.9856602098782444e+006  8.1431151563735795e+004  4.1951850981232536e+004  6.6291877555520423e+003  2.1046815972659588e+003  1.9001970571177844e+003  1.8628510885466521e+003  1.8577630164163775e+003  1.1605506874214616e+003  1.1271868188352387e+003  1.1262092923212276e+003  1.1261620840690775e+003  1.1261620840690775e+003
  6.9483766099606872e+007  2.3567037168361731e+006  1.8818114312827587e+005  7.5007142608625829e+004  3.1010233027538321e+004  1.5157079248900909e+003  1.2575129040571546e+003  1.2507488030139102e+003  1.1949871722011731e+003  1.1888405096898350e+003  1.1845286307422789e+003  1.1809068782909731e+003  1.1273259882382163e+003  1.1273259882382163e+003
  1.9934168780036770e+007  6.7294657757566299e+005  6.7936985514612272e+004  4.0218968869958408e+004  1.0607444327135272e+004  1.4194846118339301e+003  1.3736020910300194e+003  1.2574658693956035e+003  1.2439573478922248e+003  1.2433477563586057e+003  1.0548462450923862e+003  1.0504586260139822e+003  9.8034818707290378e+002  9.8034818707290378e+002
  5.6076839357658528e+007  7.6899764113080339e+005  1.1218360449872378e+005  6.4899644541343238e+004  3.1678226318544650e+004  2.7337248301167627e+004  4.1040601822479684e+003  1.9004126570109165e+003  1.6934505191552362e+003  1.6920250602613687e+003  1.5682862627863724e+003  1.4290286344325268e+003  1.3751315495680719e+003  1.3751315495680719e+003
  1.5583456105503801e+008  1.5651849279539464e+006  1.0702592513143024e+005  5.8440583330962399e+004  2.3346075069745410e+004  2.5345958146886805e+003  1.9360670050303579e+003  1.7155768912660624e+003  1.7060438831508327e+003  1.6738400711341410e+003  1.6725817463864023e+003  1.4577804630600367e+003  1.4532546481044383e+003  1.4532546481044383e+003
  2.6831302053869404e+007  7.4184584026656370e+005  6.6452918257269921e+004  1.8482273762853165e+004  6.8024190259072784e+003  3.7034324341873162e+003  2.0561938410355733e+003  1.9347859466585905e+003  1.9227574515934584e+003  1.8832257073430537e+003  1.5705800621823864e+003  1.5638472152386003e+003  1.4944003782596465e+003  1.4944003782596465e+003
  9.1991640476554409e+007  1.1486980586899146e+007  6.8400040518424916e+005  8.0765961359733454e+004  3.2313212140188887e+004  5.1656568440725823e+003  3.9096017773976509e+003  3.2951867954353665e+003  3.2561777592726939e+003  2.4981598571792347e+003  2.3075313303698922e+003  2.1926699049250310e+003  2.1575123068534840e+003  2.1575123068534840e+003
  7.9218313005140871e+007  1.2703896147405352e+006  1.4480927086655184e+005  7.9193974846880054e+004  2.3167044495182978e+004  2.9241733529936664e+003  1.7044253159194250e+003  1.6372855280463746e+003  1.6353074828903791e+003  1.5407195063887775e+003  1.4150892352534438e+003  1.4109549039543717e+003  1.4105811923035590e+003  1.4105811923035590e+003
  4.6954823302182101e+007  1.1643853168440908e+006  1.9110605028749487e+005  4.6747149962929645e+004  5.0457211315496697e+003  2.7558203357255534e+003  2.2482221800281159e+003  1.4869019752292752e+003  1.3805910081658121e+003  1.3730114201021061e+003  1.3627625610793630e+003  1.3605756345535929e+003  1.3545320010335827e+003  1.3545320010335827e+003
  4.7605760159383632e+007  9.0860344572521222e+005  7.8218618997229147e+004  4.9779510453461640e+004  1.4178109353370131e+004  3.3030176763691752e+003  1.8026056673508047e+003  1.7178248294516943e+003  1.5926701331768127e+003  1.5404076870182917e+003  1.5398861145280453e+003  1.5398821089267940e+003  1.0563136603290659e+003  1.0563136603290659e+003
  5.1650543236537300e+007  9.7083466944551200e+005  1.0356755219588123e+005  5.7838354912391900e+004  8.0042893482575746e+003  1.3682484462546163e+003  1.1537581923069001e+003  1.1506650287353941e+003  1.1498677921426897e+003  1.0490728143617762e+003  1.0479976585521099e+003  9.2378141965636223e+002  9.1832549413304514e+002  9.1832549413304514e+002
  2.2240052349990016e+008  9.5499960101799220e+007  6.8927880650197044e+007  5.9973114267093942e+007  5.8206832124807507e+007  5.8198090991442993e+007  5.8198090964351855e+007  5.8198090964351721e+007  5.8198090964351721e+007  5.8198090964351706e+007  5.8198090964351706e+007  5.8198090964351706e+007  5.8198090964351706e+007  5.8198090964351706e+007
  2.5041424453464750e+007  1.0637436438498215e+006  9.5920012023788993e+004  4.2838467493212236e+004  6.7727924573196869e+003  2.4944300891531884e+003  2.2330146707317708e+003  1.8686736026126709e+003  1.8353368255437517e+003  1.7608488593179700e+003  1.7190511039449175e+003  1.7178906993048813e+003  1.6636370981280415e+003  1.6636370981280415e+003
  1.9847976394782740e+008  1.7521432433313124e+007  2.2067658441585721e+006  8.3229464697940566e+004  2.2115793301260408e+004  2.9832668427585158e+003  2.8369038678191100e+003  1.7055180359238229e+003  1.1825630090902441e+003  1.1802573290140608e+003  9.3155415677811015e+002  9.0302328305122455e+002  9.0284036163947439e+002  9.0284036163947439e+002
  1.2211667958868122e+008  5.1133712480677720e+006  3.4320881678093952e+005  6.8104242226414644e+004  1.1065351944585031e+004  4.4450197171839918e+003  2.0915552753234697e+003  1.9661743954266803e+003  1.7706484465843569e+003  1.6931049916525772e+003  1.6507233494473912e+003  1.5942123791290978e+003  1.5817459589822874e+003  1.5817459589822874e+003
  3.3008387143675987e+007  9.9276783775307937e+005  7.4065163426977757e+004  3.1126030691988286e+004  5.7516086420202537e+003  3.3340876611646518e+003  3.0625389456968160e+003  1.5748431490421553e+003  1.4871692511878036e+003  1.3094108862350431e+003  1.2424815057422666e+003  1.2152256796283955e+003  1.1535187673893115e+003  1.1535187673893115e+003
  1.6251352487982434e+008  1.1115376197572554e+007  6.0528304374042118e+005  9.4650071617670212e+004  2.0848131256995661e+004  3.4193579843460793e+003  3.1810158241782610e+003  1.4819964628150983e+003  1.4301091850774519e+003  1.4242407252945040e+003  1.3183501160951128e+003  1.3009880128500781e+003  1.3009349303710051e+003  1.3009349303710051e+003
  1.8436935967108235e+008  6.4197502840923704e+007  7.3196645085289432e+006  1.6704023777577616e+005  2.8826659043652067e+004  5.6967633029737372e+003  4.8898559444203393e+003  2.3970008325835270e+003  1.6342069612203686e+003  1.6293019602885979e+003  1.0908393199020857e+003  9.8956717210681563e+002  9.3903061654607473e+002  9.3903061654607473e+002
  1.6380760283778015e+008  9.5035897610433102e+006  7.5483224069698551e+005  1.1167869095395476e+005  7.2651168226925191e+004  2.2214609325648129e+004  2.3543781837838878e+003  1.9674711401184304e+003  1.7731544065302560e+003  1.7614618832733140e+003  1.6833922963310724e+003  1.6350467600276452e+003  1.1449037084943720e+003  1.1449037084943720e+003
  3.7974045134078309e+007  7.4445112973763829e+005  1.8299056149782034e+005  5.5841634440334572e+004  2.3990063389537747e+004  1.8217301109491109e+003  1.7799506725754954e+003  1.7771682969856993e+003  1.7470378643995682e+003  1.7426501497858844e+003  1.7287986372029427e+003  1.0717332094801172e+003  9.7894367051163499e+002  9.7894367051163499e+002
  2.0696054782147363e+007  3.6677971240966563e+005  8.3733212413956731e+004  5.0969801719052819e+004  5.3990111923479126e+003  2.9071349721271108e+003  2.4055958074291921e+003  2.0577499395285795e+003  1.8649477649629680e+003  1.8355421951671678e+003  1.3660779064875260e+003  1.3557169880365318e+003  1.2319943823600170e+003  1.2319943823600170e+003
  1.7944922241325533e+008  1.8401900555357791e+007  1.9288945154222248e+006  5.0306043494257283e+004  7.5750539229028236e+003  3.8750857621761606e+003  3.4021371839121639e+003  2.9421616700546519e+003  2.7521170377721082e+003  2.4858963097845826e+003  2.4725847265540469e+003  2.1389571798608040e+003  2.1245710603082443e+003  2.1245710603082443e+003
  7.6466588115246266e+007  3.8753159101058152e+006  1.6302393639147302e+005  4.9165241853527492e+004  4.3867109964089514e+003  3.7037054660984568e+003  1.7918743871336756e+003  1.0638593670287246e+003  1.0555558696098983e+003  9.5351418363502717e+002  9.5248541669270753e+002  9.5247280059160857e+002  9.5243800953709888e+002  9.5243800953709888e+002
  6.5822653240113899e+007  2.1947786806026273e+006  1.2837829058859209e+005  4.8766038366534594e+004  5.2370827235902334e+003  2.5078745957929286e+003  2.2785314152865867e+003  1.3227188427859755e+003  1.3084956320369774e+003  1.3083972287904180e+003  1.3083940828088062e+003  1.3078621464344469e+003  1.3007755510356255e+003  1.3007755510356255e+003
  2.3328542893832542e+007  5.6412079354521818e+005  7.0084073946387492e+004  3.4026685315393101e+004  9.2750589791865023e+003  1.5815415256241404e+003  1.4619989222081986e+003  1.4060544697892865e+003  1.3484649049352311e+003  1.2804668141204884e+003  1.2798035053208014e+003  1.1400425669499359e+003  1.1360797747083798e+003  1.1360797747083798e+003
  6.9592164907684475e+007  8.3538359941291658e+005  1.3921585535482192e+005  6.8336876004870064e+004  4.7086807856796240e+003  1.5900545842610773e+003  1.5145890532482290e+003  1.2759362315465205e+003  1.2547225832426557e+003  1.2536294872876233e+003  1.1736796438593788e+003  1.1729853651374870e+003  1.1433135133176875e+003  1.1433135133176875e+003
  4.2866581454612248e+007  4.2258252843684144e+005  1.2449166330391116e+005  4.6774743171492330e+004  1.3514572202738171e+004  3.6769434940956380e+003  2.6038589944928572e+003  1.7512055256736166e+003  1.7090758255713890e+003  1.5953953548986328e+003  1.5929832079574844e+003  1.5928847704526997e+003  1.5926137264348090e+003  1.5926137264348090e+003
  1.3915334562205812e+008  9.0149047568361722e+006  2.2123108775686892e+005  9.8207351191327674e+004  1.9032615372119715e+004  2.4226576775034482e+003  1.9319017514616335e+003  1.9076354343358835e+003  1.7298950159283277e+003  1.7169700594792712e+003  1.7032877889841311e+003  1.7031859607418264e+003  1.1078577558774941e+003  1.1078577558774941e+003
  1.4869162974121925e+008  2.4881768413676675e+007  8.6439549736050405e+006  5.0558047187077813e+005  1.5909576745234153e+004  4.6305612371016232e+003  2.2554374721375825e+003  1.9171477201019652e+003  1.9101442886753921e+003  1.8844443279823472e+003  1.8809453807622822e+003  1.8294898047574570e+003  1.7827320118533044e+003  1.7827320118533044e+003
  1.3463758519307560e+008  4.2087203776477603e+006  5.0465227666143130e+005  9.1777356664490260e+004  1.7570666177817835e+004  3.4139079382221116e+003  2.1852075107229866e+003  1.7138622486097147e+003  1.6612293045028000e+003  1.5233847568302554e+003  1.4788362296310370e+003  1.4684544611669971e+003  1.4495539389530841e+003  1.4495539389530841e+003
  5.5897975040579997e+007  8.2893026635055128e+005  1.3518238298291023e+005  7.5929597219342133e+004  5.7432765904544540e+003  3.6535962541505769e+003  2.3399740926478025e+003  2.0401996912760196e+003  1.9765430095529473e+003  1.7310280963909372e+003  1.6909932630786934e+003  1.6902801665996976e+003  1.6052779517463732e+003  1.6052779517463732e+003
