  3.0807163565718338e+002  2.7097800378505053e+002  2.6440381683307078e+002  2.6232309074317573e+002  2.6194244970298132e+002  2.6194053438595029e+002  2.6194053373669340e+002  2.6194053373650331e+002  2.6194053373650195e+002  2.6194053373650195e+002  2.6194053373650149e+002  2.6194053373650149e+002  2.6194053373650149e+002  2.6194053373650149e+002
  2.9069096101414516e+002  2.5749486734608854e+002  2.4972224355840126e+002  2.4708042557807539e+002  2.4640125161629157e+002  2.4639262408115974e+002  2.4639261153274310e+002  2.4639261153134885e+002  2.4639261153134385e+002  2.4639261153134385e+002  2.4639261153134385e+002  2.4639261153134385e+002  2.4639261153134385e+002  2.4639261153134385e+002
  3.3608104877712867e+002  2.9937388099423106e+002  2.8610145040708903e+002  2.6612320709108735e+002  2.6384089773285905e+002  2.6320408678566946e+002  2.6320377276319869e+002  2.6320377273070972e+002  2.6320377273069607e+002  2.6320377273069607e+002  2.6320377273069607e+002  2.6320377273069607e+002  2.6320377273069607e+002  2.6320377273069607e+002
  2.9432142426737755e+002  2.7273382148713927e+002  2.6363131467906715e+002  2.5600776043292717e+002  2.5501050287635599e+002  2.5500442923874334e+002  2.5500442896836967e+002  2.5500442896824325e+002  2.5500442896824143e+002  2.5500442896824143e+002  2.5500442896824143e+002  2.5500442896824143e+002  2.5500442896824143e+002  2.5500442896824143e+002
  3.1201837677341155e+002  2.6643241778021047e+002  2.4915260194195253e+002  2.3952738285512714e+002  2.3204926177085918e+002  2.3171401330543176e+002  2.3164252683544692e+002  2.3158700126986741e+002  2.3158391323010528e+002  2.3158391323010528e+002  2.3158391323010528e+002  2.3158391323010528e+002  2.3158391323010528e+002  2.3158391323010528e+002
  3.3286872879573775e+002  2.7599138639178818e+002  2.5898057751994838e+002  2.5175213168236223e+002  2.5095161509101763e+002  2.5094278137192850e+002  2.5094278113331075e+002  2.5094278113330392e+002  2.5094278113330392e+002  2.5094278113330211e+002  2.5094278113330211e+002  2.5094278113330211e+002  2.5094278113330211e+002  2.5094278113330211e+002
  3.0043088966401911e+002  2.7000888292834497e+002  2.6104840884788428e+002  2.5512183672622132e+002  2.4763494433840287e+002  2.4722797963863559e+002  2.4722793978831851e+002  2.4722793978359914e+002  2.4722793978359914e+002  2.4722793978359914e+002  2.4722793978359914e+002  2.4722793978359914e+002  2.4722793978359869e+002  2.4722793978359869e+002
  3.0753620350579195e+002  2.7156516950212335e+002  2.5875023679464675e+002  2.5365863022623034e+002  2.5276592708152839e+002  2.5275088473395226e+002  2.5275088217939810e+002  2.5275088217252778e+002  2.5275088217252733e+002  2.5275088217252733e+002  2.5275088217252733e+002  2.5275088217252733e+002  2.5275088217252687e+002  2.5275088217252687e+002
  2.9358396139519482e+002  2.6499694981714129e+002  2.5571602914327195e+002  2.5215355261220884e+002  2.4902723627904470e+002  2.4836861388293528e+002  2.4836847221277912e+002  2.4836847219391530e+002  2.4836847219391530e+002  2.4836847219391484e+002  2.4836847219391439e+002  2.4836847219391439e+002  2.4836847219391439e+002  2.4836847219391439e+002
  3.1896709556734595e+002  2.7040991520228818e+002  2.5972786566213063e+002  2.5368782581837968e+002  2.5320201012467533e+002  2.5318556499909573e+002  2.5318556383518626e+002  2.5318556383445502e+002  2.5318556383445502e+002  2.5318556383445502e+002  2.5318556383445502e+002  2.5318556383445502e+002  2.5318556383445502e+002  2.5318556383445502e+002
  3.1616171563749867e+002  2.7019386445115788e+002  2.5965224703893455e+002  2.5396091190995003e+002  2.5087226252088112e+002  2.4513959864236949e+002  2.4505156950636183e+002  2.4505108076196120e+002  2.4505108063486068e+002  2.4505108063482839e+002  2.4505108063482839e+002  2.4505108063482658e+002  2.4505108063482658e+002  2.4505108063482658e+002
  3.0588507566692806e+002  2.8347620635269323e+002  2.7195884517086188e+002  2.6814935095284636e+002  2.6765172044865903e+002  2.6764619287026244e+002  2.6764619272202026e+002  2.6764619272198161e+002  2.6764619272198161e+002  2.6764619272198161e+002  2.6764619272198161e+002  2.6764619272198161e+002  2.6764619272198161e+002  2.6764619272198161e+002
  3.0225030585401828e+002  2.7713216069502914e+002  2.6129171416497775e+002  2.5492073151195564e+002  2.5333529401707710e+002  2.5301803127030280e+002  2.5129081671641688e+002  2.5129056686656259e+002  2.5129056682799592e+002  2.5129056682798955e+002  2.5129056682795090e+002  2.5129056682795044e+002  2.5129056682794999e+002  2.5129056682794999e+002
  3.2095964519565132e+002  2.8305359776116893e+002  2.6964952056029961e+002  2.6216550133481451e+002  2.5821429290234573e+002  2.5777955888493625e+002  2.5777950786522433e+002  2.5777950786378869e+002  2.5777950786378869e+002  2.5777950786378869e+002  2.5777950786378869e+002  2.5777950786378869e+002  2.5777950786378869e+002  2.5777950786378869e+002
  3.1961348196641211e+002  2.8226391498682187e+002  2.6904376498953798e+002  2.5827784629879307e+002  2.5541630031476643e+002  2.5541323134982713e+002  2.5541323134231561e+002  2.5541323134231516e+002  2.5541323134231516e+002  2.5541323134231516e+002  2.5541323134231516e+002  2.5541323134231516e+002  2.5541323134231516e+002  2.5541323134231516e+002
  3.2325090609909057e+002  2.7616824605248166e+002  2.6014975887953915e+002  2.5240644184096436e+002  2.4759015952235859e+002  2.4750829823532649e+002  2.4750828413943054e+002  2.4750828402451498e+002  2.4750828402390925e+002  2.4750828402390925e+002  2.4750828402390880e+002  2.4750828402390835e+002  2.4750828402390835e+002  2.4750828402390835e+002
  2.9795959132718190e+002  2.7066921940435350e+002  2.6161560309947527e+002  2.5807608693920201e+002  2.5769713722133611e+002  2.5769369593880219e+002  2.5769369587328174e+002  2.5769369587328038e+002  2.5769369587328038e+002  2.5769369587328038e+002  2.5769369587328038e+002  2.5769369587328038e+002  2.5769369587327947e+002  2.5769369587327947e+002
  3.1763814530399259e+002  2.8391538433573942e+002  2.6421965398677139e+002  2.5758700940249219e+002  2.5420151114891496e+002  2.5370963895087334e+002  2.5370963347750921e+002  2.5370963347749603e+002  2.5370963347749421e+002  2.5370963347749148e+002  2.5370963347749148e+002  2.5370963347749148e+002  2.5370963347749148e+002  2.5370963347749148e+002
  3.3013623960209907e+002  2.7614238884685119e+002  2.6118856000520691e+002  2.5563425010039464e+002  2.5393548628549070e+002  2.5387550571473184e+002  2.5387539707001952e+002  2.5387539706268262e+002  2.5387539706268217e+002  2.5387539706268126e+002  2.5387539706268126e+002  2.5387539706268126e+002  2.5387539706268126e+002  2.5387539706268126e+002
  2.9273679424580996e+002  2.6159343237909206e+002  2.5318314330194517e+002  2.5113435926311558e+002  2.5095757656413480e+002  2.5095614503563684e+002  2.5095614317871559e+002  2.5095614317833815e+002  2.5095614317833815e+002  2.5095614317833815e+002  2.5095614317833815e+002  2.5095614317833815e+002  2.5095614317833770e+002  2.5095614317833770e+002
  3.2590007113910906e+002  2.8915650067718434e+002  2.7115252107314245e+002  2.5599492878127558e+002  2.5376725394371897e+002  2.5372977621893460e+002  2.5372891164779958e+002  2.5372891150744545e+002  2.5372891150744499e+002  2.5372891150744454e+002  2.5372891150744454e+002  2.5372891150744454e+002  2.5372891150744454e+002  2.5372891150744454e+002
  2.9213714401962307e+002  2.6147250968992830e+002  2.5459377048306078e+002  2.4897114495272535e+002  2.4394791869779374e+002  2.4331879979808082e+002  2.4331850368268078e+002  2.4331850357557505e+002  2.4331850357557050e+002  2.4331850357557050e+002  2.4331850357557050e+002  2.4331850357557050e+002  2.4331850357557050e+002  2.4331850357557050e+002
  3.0464241785023069e+002  2.7392538080021313e+002  2.5860165321692966e+002  2.5052749908929673e+002  2.4849723383178116e+002  2.4843284050870898e+002  2.4843269454225492e+002  2.4843269453920630e+002  2.4843269453920357e+002  2.4843269453920311e+002  2.4843269453920311e+002  2.4843269453920311e+002  2.4843269453920311e+002  2.4843269453920311e+002
  3.1334270714244849e+002  2.7728890205090192e+002  2.6090220538244648e+002  2.5097994650225928e+002  2.4872228330338839e+002  2.4772504790417861e+002  2.4772498388989879e+002  2.4772498384760638e+002  2.4772498384760456e+002  2.4772498384760320e+002  2.4772498384760320e+002  2.4772498384760320e+002  2.4772498384760320e+002  2.4772498384760320e+002
  3.2957552657424685e+002  2.9580241794984295e+002  2.7403333265903439e+002  2.5916661575471153e+002  2.4699200826583819e+002  2.4659908574311476e+002  2.4659893425823384e+002  2.4659893425447899e+002  2.4659893425447854e+002  2.4659893425447808e+002  2.4659893425447808e+002  2.4659893425447808e+002  2.4659893425447808e+002  2.4659893425447808e+002
  3.1311881814060416e+002  2.7158361117784352e+002  2.5847288940496946e+002  2.4856416273905097e+002  2.4245189514311596e+002  2.3972203860577520e+002  2.3972181762447917e+002  2.3972181750277787e+002  2.3972181750273467e+002  2.3972181750273467e+002  2.3972181750273467e+002  2.3972181750273467e+002  2.3972181750273467e+002  2.3972181750273467e+002
  2.8894211925445870e+002  2.6620323693681166e+002  2.5117664105406766e+002  2.4831081642811341e+002  2.4807703972651416e+002  2.4806745500437046e+002  2.4806745315422813e+002  2.4806745315415083e+002  2.4806745315415083e+002  2.4806745315415083e+002  2.4806745315415083e+002  2.4806745315415083e+002  2.4806745315415083e+002  2.4806745315415083e+002
  3.1263784746134024e+002  2.7957614328992122e+002  2.6512341295139004e+002  2.6300123453276956e+002  2.6291070901158264e+002  2.6259534287280076e+002  2.6259481360458267e+002  2.6259481360007931e+002  2.6259481360007658e+002  2.6259481360007658e+002  2.6259481360007658e+002  2.6259481360007658e+002  2.6259481360007658e+002  2.6259481360007658e+002
  3.1665207312807206e+002  2.7019010808079429e+002  2.5981796395669971e+002  2.5378627385143636e+002  2.4986089187940161e+002  2.4922581117399386e+002  2.4922574950764920e+002  2.4922574947568819e+002  2.4922574947568410e+002  2.4922574947568410e+002  2.4922574947568410e+002  2.4922574947568410e+002  2.4922574947568319e+002  2.4922574947568319e+002
  3.2086287830869742e+002  2.7544778142464929e+002  2.6433571888879078e+002  2.5765421055911793e+002  2.4678711621440334e+002  2.4582171684785362e+002  2.4582163086253058e+002  2.4582163079815018e+002  2.4582163079814154e+002  2.4582163079814154e+002  2.4582163079814154e+002  2.4582163079814154e+002  2.4582163079814154e+002  2.4582163079814154e+002
  3.1371191200869907e+002  2.6476949519698019e+002  2.5485610608215757e+002  2.4762978013828979e+002  2.4608246344325971e+002  2.4559763638853929e+002  2.4559702095499642e+002  2.4559702063867508e+002  2.4559702063863961e+002  2.4559702063863961e+002  2.4559702063863915e+002  2.4559702063863915e+002  2.4559702063863915e+002  2.4559702063863915e+002
  3.2262298669178563e+002  2.8572147155394850e+002  2.7245669950032061e+002  2.5620535978371527e+002  2.5148726888882675e+002  2.5122981353857722e+002  2.5122977553078135e+002  2.5122977551981239e+002  2.5122977551981148e+002  2.5122977551981148e+002  2.5122977551980875e+002  2.5122977551980875e+002  2.5122977551980875e+002  2.5122977551980875e+002
  3.1204362376785411e+002  2.6539752862676278e+002  2.5743399942397355e+002  2.5148406598942893e+002  2.5020459677922418e+002  2.5016801810555671e+002  2.5016801280366144e+002  2.5016801280186019e+002  2.5016801280186019e+002  2.5016801280186019e+002  2.5016801280186019e+002  2.5016801280186019e+002  2.5016801280186019e+002  2.5016801280186019e+002
  3.0155260252701555e+002  2.5922369210602801e+002  2.4830644611914431e+002  2.3888302558247369e+002  2.3564693090402216e+002  2.3258980918041152e+002  2.3241128437448560e+002  2.3225350200788625e+002  2.3221236514437442e+002  2.3221045878076484e+002  2.3218759933102410e+002  2.3218759933102410e+002  2.3218759933102410e+002  2.3218759933102410e+002
  3.1132382805593170e+002  2.8027343556692995e+002  2.6906005119900237e+002  2.6090118763550481e+002  2.5427130018547541e+002  2.5414098185944340e+002  2.5414082657577956e+002  2.5414082657209838e+002  2.5414082657209838e+002  2.5414082657209792e+002  2.5414082657209792e+002  2.5414082657209792e+002  2.5414082657209792e+002  2.5414082657209792e+002
  3.1895370032157371e+002  2.8177570363532595e+002  2.7683267952910137e+002  2.6136705626951607e+002  2.5717611192834556e+002  2.5713584239732472e+002  2.5713581573944748e+002  2.5713581569778944e+002  2.5713581569532926e+002  2.5713581569532926e+002  2.5713581569532926e+002  2.5713581569532926e+002  2.5713581569532926e+002  2.5713581569532926e+002
  3.0353461975528717e+002  2.8423865214654506e+002  2.7290898571133903e+002  2.5536998248592909e+002  2.5175151202796405e+002  2.5172213662784088e+002  2.5172213237650885e+002  2.5172213237627966e+002  2.5172213237627784e+002  2.5172213237627784e+002  2.5172213237627784e+002  2.5172213237627784e+002  2.5172213237627784e+002  2.5172213237627784e+002
  3.1075891801602393e+002  2.6566851195770141e+002  2.5368583203951994e+002  2.4936232581266268e+002  2.4856827553988751e+002  2.4854860983947492e+002  2.4854860958707468e+002  2.4854860958706286e+002  2.4854860958706149e+002  2.4854860958706149e+002  2.4854860958706149e+002  2.4854860958706149e+002  2.4854860958706149e+002  2.4854860958706149e+002
  2.9884114007618791e+002  2.7194969691732240e+002  2.6266855282226652e+002  2.5888318472852461e+002  2.5637242829746538e+002  2.5632946072214872e+002  2.5632944625324717e+002  2.5632944623786534e+002  2.5632944623785124e+002  2.5632944623785124e+002  2.5632944623785124e+002  2.5632944623785124e+002  2.5632944623785124e+002  2.5632944623785124e+002
  3.0927216027699615e+002  2.6509870444069975e+002  2.5326170374006506e+002  2.4833249675824936e+002  2.4697408141432561e+002  2.4695185970985858e+002  2.4695185754165823e+002  2.4695185754077147e+002  2.4695185754077147e+002  2.4695185754077147e+002  2.4695185754077147e+002  2.4695185754077147e+002  2.4695185754076647e+002  2.4695185754076647e+002
  3.3753368829230703e+002  2.7378734362301202e+002  2.5699696430941140e+002  2.5163980233966095e+002  2.5117946190732300e+002  2.5116145129671668e+002  2.5116145081308332e+002  2.5116145081284185e+002  2.5116145081284049e+002  2.5116145081284049e+002  2.5116145081284049e+002  2.5116145081284049e+002  2.5116145081284049e+002  2.5116145081284049e+002
  3.0660795110528989e+002  2.6789564811216678e+002  2.5583674489414398e+002  2.4752045698037091e+002  2.4498962366315345e+002  2.4497971858042865e+002  2.4497971826550565e+002  2.4497971826548837e+002  2.4497971826548837e+002  2.4497971826548837e+002  2.4497971826548837e+002  2.4497971826548837e+002  2.4497971826548837e+002  2.4497971826548837e+002
  3.0492718026460716e+002  2.8182508923370870e+002  2.6947008323195860e+002  2.6266826603468553e+002  2.5134107593650924e+002  2.4929370475697033e+002  2.4929265468630365e+002  2.4929265439663322e+002  2.4929265439659321e+002  2.4929265439659321e+002  2.4929265439659321e+002  2.4929265439659321e+002  2.4929265439659321e+002  2.4929265439659321e+002
  3.3239893453671266e+002  2.7743693095132085e+002  2.6409007978452428e+002  2.5930854027213672e+002  2.5791164059948505e+002  2.5778383967846958e+002  2.5778383374405257e+002  2.5778383374373152e+002  2.5778383374373152e+002  2.5778383374373152e+002  2.5778383374373152e+002  2.5778383374373152e+002  2.5778383374373152e+002  2.5778383374373152e+002
  2.9710799317966075e+002  2.6802159731747497e+002  2.5361664035577314e+002  2.4597753154604425e+002  2.4155147916823807e+002  2.4153242115470221e+002  2.4153241825622399e+002  2.4153241825504210e+002  2.4153241825504210e+002  2.4153241825504210e+002  2.4153241825504210e+002  2.4153241825504210e+002  2.4153241825504210e+002  2.4153241825504210e+002
  3.3896237266538265e+002  2.8640697497484825e+002  2.6700422570947785e+002  2.5408813990880799e+002  2.5207030108877825e+002  2.5001207094792380e+002  2.4519407712634393e+002  2.4513054433599791e+002  2.4513042034735327e+002  2.4513042026282756e+002  2.4513042026282073e+002  2.4513042026281983e+002  2.4513042026281983e+002  2.4513042026281983e+002
  3.0373474062342302e+002  2.6960975370003962e+002  2.5727977681887933e+002  2.5281167154084051e+002  2.4720470481074244e+002  2.4636268735356771e+002  2.4636237276458451e+002  2.4636237269042113e+002  2.4636237269035701e+002  2.4636237269035701e+002  2.4636237269035564e+002  2.4636237269035564e+002  2.4636237269035564e+002  2.4636237269035564e+002
  3.1753870901771734e+002  2.6307397240393584e+002  2.5693458649782133e+002  2.4981893526660087e+002  2.4763931356870125e+002  2.4750534844585081e+002  2.4750534174440781e+002  2.4750534173022243e+002  2.4750534173022106e+002  2.4750534173021833e+002  2.4750534173021833e+002  2.4750534173021833e+002  2.4750534173021833e+002  2.4750534173021833e+002
  3.0626556657692618e+002  2.7487978139472762e+002  2.6167746979861931e+002  2.5395350082100504e+002  2.5171015258862690e+002  2.5164138544501930e+002  2.5164123134298370e+002  2.5164123131561291e+002  2.5164123131559609e+002  2.5164123131559609e+002  2.5164123131559609e+002  2.5164123131559518e+002  2.5164123131559518e+002  2.5164123131559518e+002
  3.0404530116633259e+002  2.7026987419178340e+002  2.5840316092710100e+002  2.5215989110050759e+002  2.4892443969859642e+002  2.4886369216133016e+002  2.4886366376477190e+002  2.4886366375598573e+002  2.4886366375598300e+002  2.4886366375597981e+002  2.4886366375597936e+002  2.4886366375597936e+002  2.4886366375597936e+002  2.4886366375597936e+002
  3.0783029721746288e+002  2.7554705367599445e+002  2.6174995771381418e+002  2.4904084456273677e+002  2.4306313605784726e+002  2.4116211514075576e+002  2.4115839260943721e+002  2.4115839201068547e+002  2.4115839201044218e+002  2.4115839201044218e+002  2.4115839201044218e+002  2.4115839201044218e+002  2.4115839201044082e+002  2.4115839201044082e+002
