  5.8782076753890397e+002  4.9583595606872905e+002  3.5410556136716878e+002  2.8966482750498426e+002  2.5616753404005067e+002  2.4696243250106522e+002  2.4689423894069819e+002  2.4689326450777435e+002  2.4689326270001197e+002  2.4689326265591217e+002  2.4689326265374530e+002  2.4689326265374234e+002  2.4689326265374211e+002  2.4689326265374211e+002
  6.1488428589226260e+002  4.5613942457167400e+002  3.4530094011596475e+002  2.2311454211004821e+002  1.8255563501666541e+002  1.8030247647856834e+002  1.8016613724014360e+002  1.8016556579897497e+002  1.8016552403449452e+002  1.8016552321699169e+002  1.8016552321411064e+002  1.8016552321409722e+002  1.8016552321409722e+002  1.8016552321409722e+002
  5.8819230350876705e+002  4.7349255293017609e+002  3.8562129411200635e+002  2.7819921951191554e+002  2.3483076235499129e+002  2.3268579914691372e+002  2.3266843781303669e+002  2.3266724946979321e+002  2.3266724417864884e+002  2.3266724417375030e+002  2.3266724417369210e+002  2.3266724417369187e+002  2.3266724417369187e+002  2.3266724417369187e+002
  5.8469496981373322e+002  4.1385802128185969e+002  2.7096629404294117e+002  1.7831354974812928e+002  1.4139320301888063e+002  1.3929447544165703e+002  1.3929380203215032e+002  1.3929379766639499e+002  1.3929379764703231e+002  1.3929379764686541e+002  1.3929379764686428e+002  1.3929379764686087e+002  1.3929379764686041e+002  1.3929379764686041e+002
  5.5823920266423011e+002  4.0185857574076681e+002  3.1095823157316954e+002  2.2290324016972068e+002  1.7031745487082685e+002  1.6723311767513030e+002  1.6715350846148704e+002  1.6715263790310360e+002  1.6715263219525536e+002  1.6715263187627193e+002  1.6715263187586186e+002  1.6715263187586106e+002  1.6715263187586106e+002  1.6715263187586106e+002
  5.6702160598430282e+002  4.1205280767567092e+002  3.1111847147619642e+002  2.1453262078297007e+002  1.8863268407892929e+002  1.8416880601744299e+002  1.8416379324104491e+002  1.8416366197235448e+002  1.8416366119103168e+002  1.8416366118691826e+002  1.8416366118455221e+002  1.8416366118454857e+002  1.8416366118454857e+002  1.8416366118454857e+002
  6.1650188299857587e+002  4.2079399539005726e+002  2.8618394968400094e+002  2.2957961739483130e+002  2.1455747045039948e+002  2.1292915997047555e+002  2.1292033887617094e+002  2.1292030862798583e+002  2.1292030843488999e+002  2.1292030843410441e+002  2.1292030843410203e+002  2.1292030843410203e+002  2.1292030843410203e+002  2.1292030843410203e+002
  6.2825943399359767e+002  5.3300236662158704e+002  4.4756688243894450e+002  3.4314284401599139e+002  3.1105433129220228e+002  3.0447719965666920e+002  3.0447306160022686e+002  3.0447300911671323e+002  3.0447300782251932e+002  3.0447300780441287e+002  3.0447300780271917e+002  3.0447300780271917e+002  3.0447300780271917e+002  3.0447300780271917e+002
  4.9023434177467107e+002  3.4827753887765266e+002  2.6094256549735087e+002  1.9111527189862954e+002  1.6962915842871246e+002  1.6914413489411982e+002  1.6914252241703889e+002  1.6914251465410803e+002  1.6914251463454889e+002  1.6914251463443702e+002  1.6914251463443395e+002  1.6914251463443384e+002  1.6914251463443384e+002  1.6914251463443384e+002
  4.9318652287095051e+002  3.7537140994578999e+002  2.8364108102986779e+002  2.1172883044944945e+002  1.9454648494899322e+002  1.9402267620737041e+002  1.9401632301742256e+002  1.9401627981418665e+002  1.9401627797632466e+002  1.9401627796251455e+002  1.9401627796240791e+002  1.9401627796240587e+002  1.9401627796240518e+002  1.9401627796240518e+002
  5.0135097317040572e+002  4.1510358979853049e+002  3.2115267809320267e+002  2.0191995593372076e+002  1.3797359966213912e+002  1.2173876197182176e+002  1.2170573813806209e+002  1.2170438611448776e+002  1.2170437891781921e+002  1.2170437886498485e+002  1.2170437886472234e+002  1.2170437886471791e+002  1.2170437886471791e+002  1.2170437886471791e+002
  6.2870800221470063e+002  4.2115758089980977e+002  3.4365650542764934e+002  2.6191578027731748e+002  2.3140149039302264e+002  2.2993909359083909e+002  2.2993209239350222e+002  2.2993026674856901e+002  2.2993026322164587e+002  2.2993026315077168e+002  2.2993026314391864e+002  2.2993026314364079e+002  2.2993026314364079e+002  2.2993026314364079e+002
  5.7569891009494881e+002  4.1687691393240652e+002  3.0585690857566942e+002  2.1115293642849497e+002  1.8729442101348309e+002  1.8506892810828185e+002  1.8506193429958057e+002  1.8506179689430041e+002  1.8506179379144510e+002  1.8506179378255854e+002  1.8506179378252887e+002  1.8506179378252853e+002  1.8506179378250522e+002  1.8506179378250522e+002
  5.6920625701873769e+002  3.7255433745216556e+002  2.8604209119288362e+002  2.0738851673186741e+002  1.7569396903267011e+002  1.7497304871047129e+002  1.7496230430745345e+002  1.7496224588305881e+002  1.7496224487522045e+002  1.7496224487039717e+002  1.7496224487018662e+002  1.7496224487018662e+002  1.7496224487018662e+002  1.7496224487018662e+002
  6.1507229605917973e+002  4.7488775811489950e+002  3.5099073638568052e+002  2.5313910151032860e+002  2.2615693573566614e+002  2.2388513569394991e+002  2.2386526595139867e+002  2.2386489642280344e+002  2.2386486803779212e+002  2.2386486781557119e+002  2.2386486781275948e+002  2.2386486781275323e+002  2.2386486781275312e+002  2.2386486781275312e+002
  6.5041253355927711e+002  4.4295104453637896e+002  3.5070923308598071e+002  2.8562387849191100e+002  2.6438561588189191e+002  2.6366919411623940e+002  2.6366265579633819e+002  2.6366257528211531e+002  2.6366257443102950e+002  2.6366257442786309e+002  2.6366257442784308e+002  2.6366257442784308e+002  2.6366257442784308e+002  2.6366257442784308e+002
  4.7630310380746505e+002  3.7216511207260601e+002  2.9415597411371073e+002  2.1814265482242729e+002  1.9554899124106237e+002  1.9515699474834207e+002  1.9515589257872773e+002  1.9515588449716984e+002  1.9515588444985349e+002  1.9515588444946650e+002  1.9515588444946115e+002  1.9515588444946002e+002  1.9515588444946002e+002  1.9515588444946002e+002
  6.2804507394119400e+002  5.3376861464265858e+002  3.9069738894169768e+002  3.2063944429668572e+002  3.0529397557694892e+002  3.0445891847336520e+002  3.0445467823103422e+002  3.0445466161978834e+002  3.0445466063125946e+002  3.0445466062940932e+002  3.0445466062936293e+002  3.0445466062936293e+002  3.0445466062936293e+002  3.0445466062936293e+002
  5.2519451886977572e+002  4.4620811595144778e+002  3.5750657401334593e+002  2.5140655164506006e+002  2.3238812614311382e+002  2.3084167434225810e+002  2.3082974852348184e+002  2.3082952517186436e+002  2.3082951037604312e+002  2.3082951036408940e+002  2.3082951036372924e+002  2.3082951036372742e+002  2.3082951036372742e+002  2.3082951036372742e+002
  5.8228983102757093e+002  4.2985009186706702e+002  3.1720972175515863e+002  2.5297317518081718e+002  2.3559471371751579e+002  2.3456615905792387e+002  2.3456292537125137e+002  2.3456291637334471e+002  2.3456291634192394e+002  2.3456291634117338e+002  2.3456291634117338e+002  2.3456291634117269e+002  2.3456291634117110e+002  2.3456291634117110e+002
  5.8164022409452127e+002  4.0446362878975765e+002  2.9364129916573620e+002  1.9058847486610523e+002  1.6130843987063781e+002  1.5339645347128817e+002  1.5336863175470410e+002  1.5336835954680566e+002  1.5336835558064558e+002  1.5336835556791186e+002  1.5336835556779715e+002  1.5336835556779670e+002  1.5336835556779670e+002  1.5336835556779670e+002
  5.2926266290057083e+002  4.2805886722370360e+002  3.5329672305133045e+002  2.8490376184014349e+002  2.2927198758787199e+002  2.1166324573666520e+002  2.1093098486012207e+002  2.1093027497878643e+002  2.1093014933507425e+002  2.1093014893249847e+002  2.1093014893159352e+002  2.1093014893159170e+002  2.1093014893159148e+002  2.1093014893159148e+002
  4.8129765449019305e+002  3.8822114321653498e+002  2.8758159476946275e+002  2.3154235346655560e+002  2.1226044908857216e+002  2.1093429274702589e+002  2.1093035069538155e+002  2.1093033213684384e+002  2.1093033180530654e+002  2.1093033180396105e+002  2.1093033180391126e+002  2.1093033180391126e+002  2.1093033180391114e+002  2.1093033180391114e+002
  6.9446479189563888e+002  5.7793151839050461e+002  5.1069951767243356e+002  3.6349858152950083e+002  3.2326522358758757e+002  3.2170142712244638e+002  3.2168916952086943e+002  3.2168900426350660e+002  3.2168899388176328e+002  3.2168899385017312e+002  3.2168899384872543e+002  3.2168899384871565e+002  3.2168899384871565e+002  3.2168899384871565e+002
  4.9126840257438153e+002  3.6604522287885106e+002  2.4178357627466175e+002  1.7908746815974143e+002  1.6353662314741382e+002  1.6208212754989427e+002  1.6202603709652931e+002  1.6202599454143501e+002  1.6202599442636711e+002  1.6202599442526343e+002  1.6202599442520159e+002  1.6202599442519613e+002  1.6202599442519613e+002  1.6202599442519613e+002
  5.9399382762767527e+002  4.3106689633302722e+002  3.0324866773974964e+002  2.3810757963224910e+002  2.1362870483268819e+002  2.1298659580042681e+002  2.1292029843339094e+002  2.1292019334693703e+002  2.1292019082689762e+002  2.1292019081919966e+002  2.1292019081917169e+002  2.1292019081917169e+002  2.1292019081916919e+002  2.1292019081916919e+002
  6.7170659719470632e+002  4.9702020863232360e+002  3.3790856162882164e+002  2.6537616013207321e+002  2.1704022663133105e+002  2.1293009278089755e+002  2.1292052076633570e+002  2.1292049076772048e+002  2.1292049023494212e+002  2.1292049020066929e+002  2.1292049019989236e+002  2.1292049019989190e+002  2.1292049019989190e+002  2.1292049019989190e+002
  6.0462482699853786e+002  4.8543173941875307e+002  4.1157767498237172e+002  3.2833229104356019e+002  2.9032204995345160e+002  2.8262128142368738e+002  2.8257089047927116e+002  2.8256633917731597e+002  2.8256630229767461e+002  2.8256630218519922e+002  2.8256630218472810e+002  2.8256630218472810e+002  2.8256630218471810e+002  2.8256630218471810e+002
  4.6315583988377421e+002  3.4467153621476973e+002  2.7453302172999929e+002  2.3397844484414441e+002  2.2436157500451554e+002  2.2387126937589812e+002  2.2386484736563057e+002  2.2386481139828493e+002  2.2386479138156665e+002  2.2386479132818215e+002  2.2386479132755960e+002  2.2386479132749287e+002  2.2386479132749173e+002  2.2386479132749173e+002
  6.2168082064219197e+002  4.3763955956606469e+002  3.3979358732294895e+002  2.8445744730814909e+002  2.6176576543756619e+002  2.6100137320088902e+002  2.6099722238229947e+002  2.6099705976348469e+002  2.6099705877469773e+002  2.6099705875889367e+002  2.6099705875885047e+002  2.6099705875885047e+002  2.6099705875885047e+002  2.6099705875885047e+002
  6.4832527674977609e+002  4.7436514561924491e+002  3.6075313956523769e+002  2.3469380066303688e+002  1.9814769859524097e+002  1.9544852414617469e+002  1.9544295855262726e+002  1.9544292933179952e+002  1.9544292917404596e+002  1.9544292917375446e+002  1.9544292917375401e+002  1.9544292917375378e+002  1.9544292917375378e+002  1.9544292917375378e+002
  6.0372187396695563e+002  5.1632405878321561e+002  4.2059904749993507e+002  2.9108728193961838e+002  2.5005296077279218e+002  2.4876701649644042e+002  2.4873852814341285e+002  2.4873840536501962e+002  2.4873840099148538e+002  2.4873840098003689e+002  2.4873840098002347e+002  2.4873840098002347e+002  2.4873840098002347e+002  2.4873840098002347e+002
  5.2872864124691569e+002  4.1281270613108268e+002  2.9415474049619002e+002  1.9162451894919877e+002  1.6287600268082451e+002  1.5327982657936764e+002  1.5322421534734417e+002  1.5322335224694552e+002  1.5322314971904666e+002  1.5322314913950208e+002  1.5322314911306034e+002  1.5322314911299441e+002  1.5322314911299441e+002  1.5322314911299441e+002
  5.7681241154271675e+002  4.7141379412529909e+002  3.3624549871858812e+002  2.3695545498095385e+002  1.9223895905149834e+002  1.9004430525852968e+002  1.9003622542088010e+002  1.9003621791522460e+002  1.9003619813142348e+002  1.9003619808947235e+002  1.9003619808854864e+002  1.9003619808854444e+002  1.9003619808854444e+002  1.9003619808854444e+002
  7.0716814920606885e+002  5.0432153525271951e+002  3.7995014385641889e+002  2.8485386652476700e+002  2.6630979310934867e+002  2.6565516154338616e+002  2.6565270522773335e+002  2.6565269229874275e+002  2.6565269224985877e+002  2.6565269224758913e+002  2.6565269224748727e+002  2.6565269224748727e+002  2.6565269224748499e+002  2.6565269224748499e+002
  6.2058553631406608e+002  5.0527394918579103e+002  4.0444232759951819e+002  2.8497971854324987e+002  2.3685290186252678e+002  2.3600049771105728e+002  2.1478313194114924e+002  2.1473579881774219e+002  2.1473319458515516e+002  2.1473316575169463e+002  2.1473316473312298e+002  2.1473316473219711e+002  2.1473316473219597e+002  2.1473316473219597e+002
  4.5997803569468579e+002  3.2479861746116944e+002  1.9782913419404304e+002  1.5234517546022107e+002  1.4068252125316531e+002  1.4030088608594394e+002  1.4028889528117168e+002  1.4028888000810355e+002  1.4028887880754667e+002  1.4028887880340449e+002  1.4028887880335992e+002  1.4028887880335992e+002  1.4028887880335992e+002  1.4028887880335992e+002
  5.8724950207660095e+002  4.2037892814236966e+002  3.0717333246935141e+002  1.9234346319325698e+002  1.3706598159288023e+002  1.3537497642029552e+002  1.3531662121929708e+002  1.3531383214859875e+002  1.3531382487100336e+002  1.3531382453175377e+002  1.3531382453062804e+002  1.3531382453061542e+002  1.3531382453061542e+002  1.3531382453061542e+002
  5.8176180145176068e+002  5.1046238554588604e+002  4.1158969772223872e+002  2.6838239001299098e+002  1.9770176779239728e+002  1.8718428444701715e+002  1.8707476703952307e+002  1.8705162252753360e+002  1.8705116236503648e+002  1.8705116160671128e+002  1.8705116160524403e+002  1.8705116160523971e+002  1.8705116160523949e+002  1.8705116160523949e+002
  5.9152950516018927e+002  4.3819817513621183e+002  3.1914517961747697e+002  2.6320688904433223e+002  2.3193338429763799e+002  2.2886066921460292e+002  2.2883965692978222e+002  2.2883963808994531e+002  2.2883963790973371e+002  2.2883963786396612e+002  2.2883963786369054e+002  2.2883963786368668e+002  2.2883963786368622e+002  2.2883963786368622e+002
  5.4816531686845656e+002  4.5100817167637433e+002  3.4845937985132355e+002  2.7176610752086594e+002  2.5569286022604183e+002  2.5372339029497880e+002  2.5371290220037872e+002  2.5371272468790312e+002  2.5371270439777140e+002  2.5371270354085073e+002  2.5371270353863702e+002  2.5371270353861973e+002  2.5371270353861928e+002  2.5371270353861928e+002
  5.7398722052801941e+002  4.1068024750056452e+002  2.9114918505480978e+002  2.0247988280281299e+002  1.7763744539419281e+002  1.7227478056135249e+002  1.7214713470060497e+002  1.7214565353920841e+002  1.7214564790807913e+002  1.7214564788929397e+002  1.7214564788825749e+002  1.7214564788825135e+002  1.7214564788825101e+002  1.7214564788825101e+002
  5.7575423031724131e+002  4.3552428932629118e+002  3.4975111960123581e+002  2.6284710240047139e+002  2.4054503002531192e+002  2.3681628132319429e+002  2.3679789413458479e+002  2.3679786931137573e+002  2.3679786911391943e+002  2.3679786910352709e+002  2.3679786910352368e+002  2.3679786910352368e+002  2.3679786910352186e+002  2.3679786910352186e+002
  5.4994437243698690e+002  3.9208228134592582e+002  2.7849083643631593e+002  2.2462516415205687e+002  2.0742295907331754e+002  2.0605607612951735e+002  2.0605128742445174e+002  2.0605118178147882e+002  2.0605116392543334e+002  2.0605116381398886e+002  2.0605116381157984e+002  2.0605116381144080e+002  2.0605116381144035e+002  2.0605116381144035e+002
  5.5067039455854297e+002  4.1852031541811266e+002  2.7610552665014143e+002  2.2438085109649342e+002  2.0691460381527099e+002  2.0103239362366367e+002  2.0098082882795836e+002  2.0098051800596295e+002  2.0098051774226519e+002  2.0098051773877069e+002  2.0098051773876637e+002  2.0098051773876637e+002  2.0098051773876637e+002  2.0098051773876637e+002
  5.3966096999100318e+002  4.0514635352081632e+002  3.0742005687508436e+002  1.7627050929426366e+002  1.3819822871223050e+002  1.3432312015830576e+002  1.3431931002880469e+002  1.3431899018010404e+002  1.3431898705622007e+002  1.3431898702332046e+002  1.3431898701960517e+002  1.3431898701960267e+002  1.3431898701960267e+002  1.3431898701960267e+002
  5.3360546252341442e+002  3.8889238094748816e+002  2.7105624849378250e+002  1.9553080925987808e+002  1.6411137629835832e+002  1.6025782241710272e+002  1.6021288007094086e+002  1.6018804469852330e+002  1.6018787457467499e+002  1.6018787282195831e+002  1.6018787281675782e+002  1.6018787281662253e+002  1.6018787281662139e+002  1.6018787281662139e+002
  6.0279134676938156e+002  4.3864485956604926e+002  3.0592512451120319e+002  2.2937694512328790e+002  2.1044810962155498e+002  2.0993619924791460e+002  2.0993540432079772e+002  2.0993540021353670e+002  2.0993540020894704e+002  2.0993540020878663e+002  2.0993540020878618e+002  2.0993540020878618e+002  2.0993540020878527e+002  2.0993540020878527e+002
  6.5623555957969597e+002  5.7901989628755382e+002  4.7280054377967599e+002  3.7588729552979203e+002  3.5313866365220338e+002  3.3768034080586131e+002  3.3761256649858228e+002  3.3760799338867196e+002  3.3760798724222377e+002  3.3760798710270956e+002  3.3760798710086920e+002  3.3760798710086920e+002  3.3760798710086920e+002  3.3760798710086920e+002
  5.8071901629592230e+002  4.3388910748943817e+002  3.3257497762631670e+002  2.1935162274147751e+002  1.6879648835359740e+002  1.6526331354308513e+002  1.6516333698491076e+002  1.6516227625764418e+002  1.6516221538675461e+002  1.6516220965900879e+002  1.6516220964701313e+002  1.6516220964656304e+002  1.6516220964656009e+002  1.6516220964656009e+002
  6.3910723267768753e+002  4.9180862306879067e+002  3.8200203615993178e+002  2.6099315765721758e+002  2.0681763430005162e+002  2.0381913112728080e+002  2.0379164396238718e+002  2.0378858971974159e+002  2.0378852907864496e+002  2.0378852833923497e+002  2.0378852831503286e+002  2.0378852831493623e+002  2.0378852831493532e+002  2.0378852831493532e+002
