  4.7848210399633172e+002  4.1929760890299485e+002  3.7819314534113664e+002  3.6394163815858110e+002  3.6153067397780114e+002  3.6151135959641442e+002  9.6937174381524073e+001  6.3720836480511025e+000  6.3711069581158881e+000  6.3711032308679023e+000  6.3711032308679023e+000  6.3711032308679023e+000  6.3711032308679023e+000  6.3711032308679023e+000
  4.5033806215675850e+002  3.9410012666461489e+002  3.6365439326458181e+002  3.5157984266140602e+002  3.4993727186194610e+002  3.4991985805275181e+002  3.4991985805270861e+002  3.4991985805270861e+002  1.6724657023566124e+001  1.6461754212465166e+001  1.6461742698108992e+001  1.6461742698108992e+001  1.6461742698108992e+001  1.6461742698108992e+001
  5.0133398144556577e+002  4.4908817954148844e+002  4.2724392767110521e+002  4.2245925196970984e+002  4.2151048822457187e+002  4.2150342734014794e+002  3.3101598733295714e+002  1.3824557195368470e+001  1.3796280425259283e+001  1.3796274355438527e+001  1.3796274290589736e+001  1.3796274043032099e+001  1.3796273945613848e+001  1.3796273945613848e+001
  4.0724863228850427e+002  4.0202314781331779e+002  4.0125701290176767e+002  4.0034767144522311e+002  4.0013930697099886e+002  4.0013896106945867e+002  4.0013896105350523e+002  4.0013896105350523e+002  4.0013896105350523e+002  4.0013896105350523e+002  4.0013896105350523e+002  4.0013896105350523e+002  4.0013896105350523e+002  4.0013896105350523e+002
  1.4745088367038534e+001  8.6269762604497373e+000  6.2915953064111818e+000  5.6418021641657106e+000  5.3282357027328544e+000  5.3282357027328544e+000  5.3282357027328544e+000  5.3282357027328544e+000  5.3282357027328544e+000  5.3282357027328544e+000  5.3282357027328544e+000  5.3282357027328544e+000  5.3282357027328544e+000  5.3282357027328544e+000
  7.3125657746879824e+001  4.4431733368078312e+000  3.5831944212254712e+000  2.8267952778678591e+000  2.5063781870489947e+000  2.4956616710564958e+000  2.4956616710564958e+000  2.4956616710564958e+000  2.4956616710564958e+000  2.4956616710564958e+000  2.4956616710564958e+000  2.4956616710564958e+000  2.4956616710564958e+000  2.4956616710564958e+000
  4.4567568109647891e+002  4.0898100569209737e+002  3.9867888364658711e+002  3.8661972088841003e+002  3.8598947308532706e+002  3.8598381781540365e+002  3.0316083655729926e+001  1.0487391270664830e+001  1.0481405439379614e+001  1.0481358857485247e+001  8.4185209689489966e+000  7.3002867965042242e+000  7.2952033075007421e+000  7.2952033075007421e+000
  3.8732362537167774e+001  8.7848472162063445e+000  8.1524470267381730e+000  6.3114265050726317e+000  5.5461915863052127e+000  5.5461915863052127e+000  5.5461915863052127e+000  5.5461915863052127e+000  5.5461915863052127e+000  5.5461915863052127e+000  5.5461915863052127e+000  5.5461915863052127e+000  5.5461915863052127e+000  5.5461915863052127e+000
  4.0946839787274848e+002  4.0443777949896594e+002  4.0231544100572273e+002  4.0047462327296216e+002  4.0029666636969569e+002  4.0029634731433862e+002  4.0029634731213628e+002  4.0029634731213628e+002  4.0029634731213628e+002  4.0029634731213628e+002  4.0029634731213628e+002  4.0029634731213628e+002  6.0043497641325757e+001  6.0043497641325757e+001
  4.6834174778425222e+002  3.8032275838706573e+002  3.6884502204996852e+002  3.5727303280552587e+002  3.5630681508978159e+002  3.5630488832416222e+002  3.0755907296579835e+002  4.1201473176459785e+001  6.9938559699444340e+000  6.9935982394877101e+000  6.9935982318452261e+000  6.9935982315755609e+000  6.9935982315755609e+000  6.9935982315755609e+000
  4.7541929738057661e+002  4.2425247023767633e+002  4.1120852169874524e+002  4.0305567795241222e+002  4.0176249136592787e+002  4.0174596716415044e+002  4.0174596716285578e+002  9.3847935390990642e+000  9.1014286914105469e+000  9.1014281246661994e+000  9.1014281246661994e+000  9.1014281233869951e+000  9.1014281233869951e+000  9.1014281233869951e+000
  4.0542153451673539e+002  4.0196289629994544e+002  4.0087060662485692e+002  4.0050501456403981e+002  4.0040514689876454e+002  4.0040484127529362e+002  4.0040484126051115e+002  4.0040484126051115e+002  4.0040484126051115e+002  4.0040484126051115e+002  4.0040484126051115e+002  4.0040484126051115e+002  6.6531456221782719e+000  6.6531456221782719e+000
  4.2017305260659623e+002  4.0162297719660683e+002  4.0072102416636289e+002  4.0028746621031223e+002  4.0020606584858615e+002  4.0020586400932143e+002  4.0020586400222146e+002  4.0020586400222146e+002  4.0020586400222146e+002  4.0020586400222146e+002  4.0020586400222146e+002  4.0020586400222146e+002  3.6149304982168997e+002  3.6149304982168997e+002
  4.0668709972906800e+002  4.0039910918969917e+002  4.0022775590551419e+002  4.0019880188793695e+002  4.0019404186370775e+002  4.0019398530510261e+002  4.0019398530496392e+002  4.0019398530496392e+002  4.0019398530496392e+002  4.0019398530496392e+002  4.0019398530496392e+002  1.7929261037674223e+001  4.8397364391653355e+000  4.8397364391653355e+000
  5.0194147553704124e+002  4.3237049651577672e+002  3.9481608893987050e+002  3.8666961462944346e+002  3.8575040113485102e+002  3.8574569243611677e+002  3.8574569243610676e+002  1.5537302745069383e+002  1.5340199402323833e+001  1.5340149713559185e+001  1.5340149711220420e+001  1.5340149711220420e+001  1.5340149711220420e+001  1.5340149711220420e+001
  4.2458952995456184e+002  3.9451458896094209e+002  3.7726531932427542e+002  3.6713234862945001e+002  3.6474335800039489e+002  3.6473870571674433e+002  2.1466637089937467e+002  1.9817810777367413e+001  1.9650500318180093e+001  1.9650495584114651e+001  1.9650495583359316e+001  1.9650495583321117e+001  1.9650495583193333e+001  1.9650495583193333e+001
  6.3181401508062208e+001  6.2584710899550373e+000  6.2099207120363644e+000  5.1407570481246694e+000  4.7273662751958909e+000  4.7273662751958909e+000  4.7273662751958909e+000  4.7273662751958909e+000  4.7273662751958909e+000  4.7273662751958909e+000  4.7273662751958909e+000  4.7273662751958909e+000  4.7273662751958909e+000  4.7273662751958909e+000
  1.0924640065938638e+002  8.4490351589947750e+000  5.5702050720924490e+000  4.5709532070327441e+000  4.4158126856300441e+000  4.4158126856300441e+000  4.4158126856300441e+000  4.4158126856300441e+000  4.4158126856300441e+000  4.4158126856300441e+000  4.4158126856300441e+000  4.4158126856300441e+000  4.4158126856300441e+000  4.4158126856300441e+000
  4.1411295240579057e+002  4.0181188827535925e+002  4.0118455080156718e+002  4.0095435089061084e+002  4.0092083288046979e+002  4.0092070605506069e+002  4.0092070605506069e+002  4.0092070605506069e+002  4.0092070605506069e+002  4.0092070605506069e+002  4.0092070605506069e+002  4.0092070605506069e+002  1.4032861747391962e+001  1.4032861747391962e+001
  4.5968369080852972e+002  4.4547114147367847e+002  4.4199151219427540e+002  4.3833885864671993e+002  4.3782989689886654e+002  4.3782044265382319e+002  3.6269096418213849e+000  3.2984224288193218e+000  3.2906120676784667e+000  3.2906120676784667e+000  3.2843674439086499e+000  3.2843674439086499e+000  3.2790140240454093e+000  3.2790140240454093e+000
  4.7726400236308746e+002  4.0738805275481627e+002  3.8830359126270787e+002  3.7953787353064763e+002  3.7872655739583115e+002  3.7871773348772649e+002  1.8073728244826407e+002  1.4378072285846429e+001  1.4377225869086487e+001  1.4377225868372534e+001  1.4377225865132004e+001  1.4377225588241345e+001  1.4377225588138572e+001  1.4377225588138572e+001
  5.1547956083543158e+002  3.6634815356863874e+002  3.3375051164314482e+002  3.2141717987824995e+002  3.1929652584341466e+002  3.1929069266348324e+002  3.1929069266345005e+002  2.1369926461485420e+002  7.2006074784339944e+001  7.7346117927022533e+000  7.7330987607947463e+000  7.7330935176487401e+000  7.7330927277366754e+000  7.7330927277366754e+000
  4.1696782583537242e+002  4.0218503370821736e+002  4.0045788453864589e+002  4.0027136852038166e+002  4.0026771102997373e+002  4.0026768918585549e+002  4.0026768918585549e+002  4.0026768918585549e+002  1.9798006701895247e+001  7.4170753552216411e+000  7.4120709856770191e+000  7.4120709856770191e+000  7.4120709856770191e+000  7.4120709856770191e+000
  5.2241349802929744e+002  4.2505993059602724e+002  3.5739815794265087e+002  3.4537682545946063e+002  3.4243500649220050e+002  3.4242425346396976e+002  3.4242425346387063e+002  3.4242425346387063e+002  3.4242425346387063e+002  3.4242425346387063e+002  3.4242425346387063e+002  2.9787063911740506e+002  4.9316805873945668e+000  4.9316805873945668e+000
  4.0308249246687410e+002  4.0055208126537582e+002  4.0025400981587018e+002  4.0020629524454671e+002  4.0020346798876108e+002  4.0020346158830807e+002  4.0020346158830807e+002  4.0020346158830807e+002  4.0020346158830807e+002  4.0020346158830807e+002  7.6997200640947995e+001  2.9228341896108304e+001  1.5760336107286093e+001  1.5760336107286093e+001
  7.5911771232659248e+001  7.9133720757731680e+000  6.9631906034419444e+000  4.7126823973162573e+000  4.0462675898820635e+000  4.0462675898820635e+000  4.0462675898820635e+000  4.0462675898820635e+000  4.0462675898820635e+000  4.0462675898820635e+000  4.0462675898820635e+000  4.0462675898820635e+000  4.0462675898820635e+000  4.0462675898820635e+000
  4.0391991362636554e+002  4.0076061150190435e+002  4.0038425133569081e+002  4.0019001910691259e+002  4.0018609621881842e+002  4.0018607099268229e+002  4.0018607099267956e+002  4.0018607099267956e+002  4.0018607099267956e+002  4.0018607099267956e+002  4.0018607099267956e+002  4.0018607099267956e+002  4.0018607099267956e+002  4.0018607099267956e+002
  4.2062181878003594e+002  3.7392474728715570e+002  3.5286439096388676e+002  3.4652363627054456e+002  3.4593313500719751e+002  3.4592119881286362e+002  1.7606021932920703e+002  1.0878574130166271e+001  3.8796438014996966e+000  3.8796427761353698e+000  3.8796427761353698e+000  3.8796427759430117e+000  3.8796427759430117e+000  3.8796427759430117e+000
  5.0363746168214311e+002  4.4682110824989923e+002  4.3422436154437946e+002  4.2864451342373968e+002  4.2758857126464773e+002  4.2758539366592458e+002  3.7355923453394735e+002  1.1407708156313902e+002  4.9865483682970080e+000  4.9812469109251651e+000  4.9800185316926218e+000  4.9797882861157632e+000  4.9797722921862260e+000  4.9797722921862260e+000
  4.1762833266451753e+002  4.0431599733925032e+002  4.0198445613758486e+002  4.0120589563295925e+002  4.0094369361714780e+002  4.0094300203405783e+002  4.0094300203392913e+002  4.0094300203392913e+002  4.0094300203392913e+002  4.0094300203392913e+002  9.6428975024310603e+001  8.2310436437892349e+000  8.2226298397940809e+000  8.2226298397940809e+000
  4.4955862348370374e+002  4.0022766533960385e+002  3.9108614156358681e+002  3.8544081420704151e+002  3.8450899641567094e+002  3.8450252690224488e+002  3.8450252690223351e+002  6.1008263665442428e+001  1.4786854430139101e+001  1.4786490881754617e+001  1.4786489532873475e+001  1.4786489456547770e+001  1.4786489455701940e+001  1.4786489455701940e+001
  4.1362807020328137e+002  4.0142219203845752e+002  4.0065374920451222e+002  4.0041400383613927e+002  4.0017199691793121e+002  4.0013393864475893e+002  2.3429316936629766e+002  1.4000363602501693e+001  1.3999418991092170e+001  1.3999418976043216e+001  1.3999418976029119e+001  1.3999418975935441e+001  1.3999418975935441e+001  1.3999418975935441e+001
  4.0430696140185682e+002  4.0132751698521088e+002  4.0029518020696969e+002  4.0020660312196605e+002  4.0020230957607509e+002  4.0020228872798998e+002  4.0020228872798998e+002  4.0020228872798953e+002  4.0020228872798953e+002  3.3144672749294841e+000  2.8564030073407594e+000  2.8564030073407594e+000  2.8564030073407594e+000  2.8564030073407594e+000
  4.1763601035976080e+002  4.0179381456179726e+002  4.0093124760749060e+002  4.0024463209936494e+002  4.0013855331875766e+002  4.0013838214056204e+002  4.0013838211943903e+002  4.0013838211943903e+002  1.4335621554061163e+001  1.4319964013785011e+001  1.4319958021611001e+001  1.4319958013142696e+001  1.4319958008096364e+001  1.4319958008096364e+001
  2.0379910054633910e+001  8.9083567566490274e+000  7.6458151568058383e+000  6.3080884785304079e+000  5.0512696508471890e+000  5.0512696508471890e+000  5.0512696508471890e+000  5.0512696508471890e+000  5.0512696508471890e+000  5.0512696508471890e+000  5.0512696508471890e+000  5.0512696508471890e+000  5.0512696508471890e+000  5.0512696508471890e+000
  1.9047719606616738e+001  9.9689127804781492e+000  7.9410551495316213e+000  6.7130427053780295e+000  6.1536712377233016e+000  6.1536712377233016e+000  6.1536712377233016e+000  6.1536712377233016e+000  6.1536712377233016e+000  6.1536712377233016e+000  6.1536712377233016e+000  6.1536712377233016e+000  6.1536712377233016e+000  6.1536712377233016e+000
  4.0403875132016765e+001  6.4191554478547914e+000  5.5826608486531768e+000  4.9485526703406322e+000  3.6488744450075501e+000  3.5407293012067385e+000  3.5407293012067385e+000  3.5407293012067385e+000  3.5407293012067385e+000  3.5407293012067385e+000  3.5407293012067385e+000  3.5407293012067385e+000  3.5407293012067385e+000  3.5407293012067385e+000
  4.0536601374608472e+002  4.0070434260168895e+002  4.0058073159122932e+002  4.0020247323222156e+002  4.0015439081728846e+002  4.0015409345112676e+002  4.0015409345089211e+002  4.0015409345089211e+002  8.3563668262368083e+000  7.0984942417599086e+000  7.0984624752336458e+000  7.0984624710004027e+000  7.0984624709785749e+000  7.0984624709785749e+000
  3.8635341793961743e+001  8.6045042101536637e+000  8.1351120916137916e+000  5.8550444902061827e+000  4.3704794314785431e+000  4.3704794314785431e+000  4.3704794314785431e+000  4.3704794314785431e+000  4.3704794314785431e+000  4.3704794314785431e+000  4.3704794314785431e+000  4.3704794314785431e+000  4.3704794314785431e+000  4.3704794314785431e+000
  4.0448857693475111e+002  4.0109381821465922e+002  4.0041962373340584e+002  4.0020937935479196e+002  4.0020035247356145e+002  4.0020031059702842e+002  4.0020031059702796e+002  4.0020031059702796e+002  4.0020031059702796e+002  4.0020031059702796e+002  4.0020031059702796e+002  4.0020031059702796e+002  4.0020031059702796e+002  4.0020031059702796e+002
  4.0623484347208523e+002  4.0151849291085364e+002  4.0065273107242365e+002  4.0037300181228329e+002  4.0031781160471155e+002  4.0031763434604045e+002  4.0031763434591903e+002  4.0031763434591903e+002  4.0031763434591903e+002  4.0031763434591903e+002  4.0031763434591903e+002  8.9102990397154826e+000  8.6579857497795274e+000  8.6579857497795274e+000
  4.3555199413425862e+002  3.8340307097202322e+002  3.5937568730061457e+002  3.4737814827336297e+002  3.4512729222529651e+002  3.4510225889787034e+002  3.4510225889784806e+002  1.1189346075416142e+002  2.8894460931905996e+001  2.8894460374056507e+001  2.8894460374038317e+001  2.8894460374031041e+001  2.8894460374013761e+001  2.8894460374013761e+001
  5.1902912198021113e+001  1.0824518055238968e+001  9.5580199987848573e+000  6.0116105871056789e+000  4.7846367619758894e+000  4.5953351122948334e+000  4.5953351122948334e+000  4.5953351122948334e+000  4.5953351122948334e+000  4.5953351122948334e+000  4.5953351122948334e+000  4.5953351122948334e+000  4.5953351122948334e+000  4.5953351122948334e+000
  4.9998962832090137e+002  3.1491579370669115e+001  1.1084328087382801e+001  8.9027821556601339e+000  8.6235735421432764e+000  8.5681605449781273e+000  8.5681605449781273e+000  8.5681605449781273e+000  8.5681605449781273e+000  8.5681605449781273e+000  8.5681605449781273e+000  8.5681605449781273e+000  8.5681605449781273e+000  8.5681605449781273e+000
  3.5436868605216205e+001  1.0101116122151780e+001  9.1728008499453608e+000  7.6831548263153309e+000  5.8161922007980138e+000  5.7234500056106299e+000  5.7234500056106299e+000  5.7234500056106299e+000  5.7234500056106299e+000  5.7234500056106299e+000  5.7234500056106299e+000  5.7234500056106299e+000  5.7234500056106299e+000  5.7234500056106299e+000
  4.4606867415598026e+002  3.7293666277393959e+002  3.5389943405763552e+002  3.4443949443986503e+002  3.3973996697431721e+002  3.3971265253398178e+002  3.3971265253241654e+002  3.3971265253241654e+002  2.2899839330377154e+002  3.0574006727117194e+001  1.1757938767755149e+001  1.1757929548752145e+001  1.1757929548363791e+001  1.1757929548363791e+001
  4.0768827007495747e+002  4.0105572693788781e+002  4.0019287352355514e+002  4.0014079957241256e+002  4.0013795132681980e+002  4.0013794372333587e+002  4.0013794372333587e+002  4.0013794372333587e+002  4.0013794372333587e+002  4.0013794372333587e+002  4.0013794372333587e+002  4.0013794372333587e+002  4.0013794372333587e+002  4.0013794372333587e+002
  1.8086218908555111e+001  9.3643251864809827e+000  6.3219523990924245e+000  6.3219523990924245e+000  5.9652986036653601e+000  5.8448374980812332e+000  5.8448374980812332e+000  5.8448374980812332e+000  5.8448374980812332e+000  5.8448374980812332e+000  5.8448374980812332e+000  5.8448374980812332e+000  5.8448374980812332e+000  5.8448374980812332e+000
  4.9968275652937791e+002  4.3823035992558835e+002  4.1642704716927346e+002  4.0923266476527760e+002  4.0859120195832429e+002  4.0858417893242813e+002  1.6676330161007763e+002  1.2827285348480927e+001  1.2826599490417721e+001  1.2826598288358127e+001  1.2826598288358127e+001  1.2826598288358127e+001  1.2826598239406394e+001  1.2826598239406394e+001
  4.0546145447119397e+002  4.0130172376070277e+002  4.0083978863347784e+002  4.0025176423398534e+002  4.0019664510329676e+002  4.0019660874648434e+002  4.0019660874648434e+002  4.0019660874648434e+002  4.0019660874648434e+002  1.4503474056215055e+001  1.3930473113091921e+001  1.3930425283156183e+001  1.3930419977470137e+001  1.3930419977470137e+001
  4.6063346115965396e+002  4.0357875200239732e+002  3.7458173950200398e+002  3.6900909808140113e+002  3.6824816534148067e+002  3.6823374969799352e+002  1.1177360116614182e+001  1.0863341895504618e+001  1.0863237200115691e+001  1.0863232558760046e+001  1.0863232558760046e+001  1.0863232558760046e+001  1.0863232558760046e+001  1.0863232558760046e+001
