  1.0337224276768893e+002  1.0113326262367673e+002  1.0088631416333510e+002  1.0077086977003091e+002  1.0077086977003091e+002  1.0065839845530809e+002  1.0063112939677421e+002  1.0063112939677421e+002  1.0063112939677421e+002  1.0063112939677421e+002  1.0063112939677421e+002  1.0063112939677421e+002  1.0063112939677421e+002  1.0063112939677421e+002
  1.0351555781470006e+002  1.0123276239283268e+002  1.0074561120222597e+002  1.0058051104206424e+002  1.0050583735183545e+002  1.0046635489162009e+002  1.0046635489162009e+002  1.0046635489162009e+002  1.0046635489162009e+002  1.0046635489162009e+002  1.0046635489162009e+002  1.0046635489162009e+002  1.0046635489162009e+002  1.0046635489162009e+002
  2.0839072822670096e+002  2.0344817530457158e+002  2.0222991718532830e+002  2.0172757046583956e+002  2.0096126743121295e+002  2.0057478706416259e+002  1.0102937999752885e+002  1.0099730571773898e+002  1.0098325162033416e+002  1.0098325162033416e+002  1.0098325162033416e+002  1.0098325162033416e+002  1.0098325162033416e+002  1.0098325162033416e+002
  1.0368491666923910e+002  1.0059090932062236e+002  1.0059090932062236e+002  1.0059090932062236e+002  1.0051559455228607e+002  1.0047884386008809e+002  1.0047884386008809e+002  1.0047884386008809e+002  1.0047884386008809e+002  1.0047884386008809e+002  1.0047884386008809e+002  1.0047884386008809e+002  1.0047884386008809e+002  1.0047884386008809e+002
  1.0351516110452803e+002  1.0078033936854945e+002  1.0060175819088363e+002  1.0057277299556472e+002  1.0046681861962270e+002  1.0046681861962270e+002  1.0046681861962270e+002  1.0046681861962270e+002  1.0046681861962270e+002  1.0046681861962270e+002  1.0046681861962270e+002  1.0046681861962270e+002  1.0046681861962270e+002  1.0046681861962270e+002
  1.0085029736036859e+002  1.0058500312395245e+002  1.0058299566131927e+002  1.0057426490034595e+002  1.0052789311829292e+002  1.0051493546772735e+002  1.0051493546772735e+002  1.0051493546772735e+002  1.0051493546772735e+002  1.0051493546772735e+002  1.0051493546772735e+002  1.0051493546772735e+002  1.0051493546772735e+002  1.0051493546772735e+002
  1.0249466529974416e+002  1.0064674130884987e+002  1.0064674130884987e+002  1.0064674130884987e+002  1.0062906993747583e+002  1.0061239750659479e+002  1.0061096867976130e+002  1.0061096867976130e+002  1.0061096867976130e+002  1.0061096867976130e+002  1.0061096867976130e+002  1.0061096867976130e+002  1.0061096867976130e+002  1.0061096867976130e+002
  1.0208017788773304e+002  1.0093386493846037e+002  1.0075986678196887e+002  1.0075967286630066e+002  1.0069374845776156e+002  1.0069374845776156e+002  1.0069374845776156e+002  1.0069374845776156e+002  1.0069374845776156e+002  1.0069374845776156e+002  1.0069374845776156e+002  1.0069374845776156e+002  1.0069374845776156e+002  1.0069374845776156e+002
  1.0222051172270449e+002  1.0089419448829494e+002  1.0075876718225936e+002  1.0067074453030909e+002  1.0065014427760616e+002  1.0064438999008325e+002  1.0061706864461166e+002  1.0061706864461166e+002  1.0061706864461166e+002  1.0061706864461166e+002  1.0061706864461166e+002  1.0061706864461166e+002  1.0061706864461166e+002  1.0061706864461166e+002
  1.0363866707414081e+002  1.0090827176926814e+002  1.0061073080694496e+002  1.0057116981812896e+002  1.0055531682280480e+002  1.0055500340076605e+002  1.0054936767859726e+002  1.0054936767859726e+002  1.0054936767859726e+002  1.0054936767859726e+002  1.0054936767859726e+002  1.0054936767859726e+002  1.0054936767859726e+002  1.0054936767859726e+002
  1.0295322707394735e+002  1.0090505854149478e+002  1.0062877123824273e+002  1.0062877123824273e+002  1.0059960129386309e+002  1.0057693855826255e+002  1.0057693855826255e+002  1.0057693855826255e+002  1.0057693855826255e+002  1.0057693855826255e+002  1.0057693855826255e+002  1.0057693855826255e+002  1.0057693855826255e+002  1.0057693855826255e+002
  1.0276031320389575e+002  1.0080102611208986e+002  1.0067959656846097e+002  1.0061088027744700e+002  1.0056956904180106e+002  1.0054955369992422e+002  1.0054955369992422e+002  1.0054955369992422e+002  1.0054955369992422e+002  1.0054955369992422e+002  1.0054955369992422e+002  1.0054955369992422e+002  1.0054955369992422e+002  1.0054955369992422e+002
  1.0290362903898586e+002  1.0068549430581152e+002  1.0060834728665850e+002  1.0060834728665850e+002  1.0057891841310311e+002  1.0057891841310311e+002  1.0057891841310311e+002  1.0057891841310311e+002  1.0057891841310311e+002  1.0057891841310311e+002  1.0057891841310311e+002  1.0057891841310311e+002  1.0057891841310311e+002  1.0057891841310311e+002
  1.0106236615321222e+002  1.0088599169787722e+002  1.0079469108760031e+002  1.0064677453400282e+002  1.0058328091193061e+002  1.0051337467497160e+002  1.0051337467497160e+002  1.0051337467497160e+002  1.0051337467497160e+002  1.0051337467497160e+002  1.0051337467497160e+002  1.0051337467497160e+002  1.0051337467497160e+002  1.0051337467497160e+002
  1.0233370393683390e+002  1.0074536444237674e+002  1.0068852368928992e+002  1.0062382000222578e+002  1.0057564500954322e+002  1.0053058194125879e+002  1.0053058194125879e+002  1.0053058194125879e+002  1.0053058194125879e+002  1.0053058194125879e+002  1.0053058194125879e+002  1.0053058194125879e+002  1.0053058194125879e+002  1.0053058194125879e+002
  1.0454300816651403e+002  1.0104456681101556e+002  1.0070191477340813e+002  1.0058295106189053e+002  1.0051208055927236e+002  1.0049713573969120e+002  1.0049713573969120e+002  1.0049713573969120e+002  1.0049713573969120e+002  1.0049713573969120e+002  1.0049713573969120e+002  1.0049713573969120e+002  1.0049713573969120e+002  1.0049713573969120e+002
  1.0281728645394332e+002  1.0067977422862850e+002  1.0067977422862850e+002  1.0047587630658973e+002  1.0047587630658973e+002  1.0047587630658973e+002  1.0047587630658973e+002  1.0047587630658973e+002  1.0047587630658973e+002  1.0047587630658973e+002  1.0047587630658973e+002  1.0047587630658973e+002  1.0047587630658427e+002  1.0047587630658427e+002
  1.0253903944937974e+002  1.0093140592970894e+002  1.0093140592970894e+002  1.0088809903095944e+002  1.0087036239666259e+002  1.0087036239665804e+002  1.0087036239665804e+002  1.0087036239665804e+002  1.0087036239665804e+002  1.0087036239665804e+002  1.0087036239665804e+002  1.0087036239665804e+002  1.0087036239665804e+002  1.0087036239665804e+002
  1.0238247709453981e+002  1.0070415276557651e+002  1.0070415276557651e+002  1.0065490690276738e+002  1.0061426536889940e+002  1.0061426536889940e+002  1.0061426536888848e+002  1.0060303166790709e+002  1.0060303166790618e+002  1.0060303166790618e+002  1.0060303166790527e+002  1.0060303166790436e+002  1.0060303166790436e+002  1.0060303166790436e+002
  1.0276588388483469e+002  1.0077181150485649e+002  1.0072778415829180e+002  1.0061586702276327e+002  1.0054685489488702e+002  1.0054685489488702e+002  1.0054685489488702e+002  1.0054685489488702e+002  1.0054685489488702e+002  1.0054685489488702e+002  1.0054685489488702e+002  1.0054685489488702e+002  1.0054685489488702e+002  1.0054685489488702e+002
  1.0374608990843581e+002  1.0080685781402326e+002  1.0062789200901716e+002  1.0052571843742817e+002  1.0048216977790162e+002  1.0045166965226736e+002  1.0045166965226736e+002  1.0045166965226736e+002  1.0045166965226736e+002  1.0045166965226736e+002  1.0045166965226736e+002  1.0045166965226736e+002  1.0045166965226736e+002  1.0045166965226736e+002
  1.0257054274629309e+002  1.0081400107273066e+002  1.0070527041698779e+002  1.0066411848894541e+002  1.0058599347342397e+002  1.0046899713763287e+002  1.0046899713763287e+002  1.0046899713763287e+002  1.0046899713763287e+002  1.0046899713763287e+002  1.0046899713763287e+002  1.0046899713763287e+002  1.0046899713763287e+002  1.0046899713763287e+002
  1.0294582808034511e+002  1.0052207164941547e+002  1.0052207164941547e+002  1.0048259133819101e+002  1.0044023297274816e+002  1.0041524772736602e+002  1.0041524772736602e+002  1.0041524772736602e+002  1.0041524772736602e+002  1.0041524772736602e+002  1.0041524772736602e+002  1.0041524772736602e+002  1.0041524772736602e+002  1.0041524772736602e+002
  1.0229012452944971e+002  1.0087209557002461e+002  1.0071461206618278e+002  1.0069000822522594e+002  1.0065020787958520e+002  1.0064039506027711e+002  1.0064039506027711e+002  1.0064039506027711e+002  1.0064039506027711e+002  1.0064039506027711e+002  1.0064039506027711e+002  1.0064039506027711e+002  1.0064039506027711e+002  1.0064039506027711e+002
  1.0219211832220708e+002  1.0103616711313452e+002  1.0080517286418717e+002  1.0077507820683195e+002  1.0071403596309847e+002  1.0071403596309847e+002  1.0071403596309847e+002  1.0071403596309847e+002  1.0071403596309847e+002  1.0071403596309847e+002  1.0071403596309847e+002  1.0071403596309847e+002  1.0071403596309847e+002  1.0071403596309847e+002
  1.0209908984525237e+002  1.0075910912874406e+002  1.0070319587862468e+002  1.0059796640695140e+002  1.0050778324995099e+002  1.0039081806489548e+002  1.0039081806489548e+002  1.0039081806489548e+002  1.0039081806489548e+002  1.0039081806489548e+002  1.0039081806489548e+002  1.0039081806489548e+002  1.0039081806489548e+002  1.0039081806489548e+002
  1.0271786435360582e+002  1.0085682042407961e+002  1.0082482656045113e+002  1.0074897098958581e+002  1.0063490516078582e+002  1.0063490516078582e+002  1.0063490516078582e+002  1.0063490516078582e+002  1.0063490516078582e+002  1.0063490516078582e+002  1.0063490516078582e+002  1.0063490516078582e+002  1.0063490516078582e+002  1.0063490516078582e+002
  1.0258272478523622e+002  1.0084486445078392e+002  1.0070285009331656e+002  1.0064902514241794e+002  1.0064902514241794e+002  1.0064902514241794e+002  1.0064902514241794e+002  1.0063166261831202e+002  1.0063166261831202e+002  1.0063166261831202e+002  1.0063166261831202e+002  1.0063166261831202e+002  1.0063166261831202e+002  1.0063166261831202e+002
  1.0320443608088453e+002  1.0100566406115649e+002  1.0089493323069473e+002  1.0086670259047287e+002  1.0077086405092359e+002  1.0068010369803505e+002  1.0068010369803505e+002  1.0068010369803505e+002  1.0068010369803505e+002  1.0068010369803505e+002  1.0068010369803505e+002  1.0068010369803505e+002  1.0068010369803505e+002  1.0068010369803505e+002
  1.0285148382266061e+002  1.0084943296129313e+002  1.0080359463250670e+002  1.0074296283586182e+002  1.0071977534957068e+002  1.0068202778999103e+002  1.0068202778999103e+002  1.0068202778999103e+002  1.0068202778999103e+002  1.0068202778999103e+002  1.0068202778999103e+002  1.0068202778999103e+002  1.0068202778999103e+002  1.0068202778999103e+002
  1.0228701329153910e+002  1.0082728973564144e+002  1.0077067962334195e+002  1.0063246846454467e+002  1.0061186592997547e+002  1.0059332417491760e+002  1.0059332417491760e+002  1.0059332417491760e+002  1.0059332417491760e+002  1.0059332417491760e+002  1.0059332417491760e+002  1.0059332417491760e+002  1.0059332417491760e+002  1.0059332417491760e+002
  1.0319792666994363e+002  1.0094502808097832e+002  1.0091618667105467e+002  1.0084857201272825e+002  1.0071635816991693e+002  1.0071635816991693e+002  1.0071635816991693e+002  1.0071635816991693e+002  1.0071635816991693e+002  1.0071635816991693e+002  1.0071635816991693e+002  1.0071635816991693e+002  1.0071635816991693e+002  1.0071635816991693e+002
  1.0131480187831494e+002  1.0077464220741149e+002  1.0074063032466938e+002  1.0074063032466938e+002  1.0072960714272176e+002  1.0071092349878791e+002  1.0071092349878791e+002  1.0071092349878791e+002  1.0071092349878791e+002  1.0071092349878791e+002  1.0071092349878791e+002  1.0071092349878791e+002  1.0071092349878791e+002  1.0071092349878791e+002
  1.0284086551097971e+002  1.0064252445860393e+002  1.0052468919427565e+002  1.0048294056082568e+002  1.0041848357890422e+002  1.0040330494835598e+002  1.0040330494835598e+002  1.0040330494835598e+002  1.0040330494835598e+002  1.0040330494835598e+002  1.0040330494835598e+002  1.0040330494835598e+002  1.0040330494835598e+002  1.0040330494835598e+002
  1.0220855298114157e+002  1.0074476982301348e+002  1.0061357011875998e+002  1.0060145770346799e+002  1.0054295299237174e+002  1.0050421031219548e+002  1.0050421031219548e+002  1.0050421031219548e+002  1.0050421031219548e+002  1.0050421031219548e+002  1.0050421031219548e+002  1.0050421031219548e+002  1.0050421031219548e+002  1.0050421031219548e+002
  1.0381563905272469e+002  1.0096831011723179e+002  1.0083115338189600e+002  1.0081039307178662e+002  1.0081039307178662e+002  1.0070869136449301e+002  1.0070672347067512e+002  1.0070672347067512e+002  1.0069393662925950e+002  1.0069393662925950e+002  1.0069393662925950e+002  1.0069393662925950e+002  1.0069393662925950e+002  1.0069393662925950e+002
  1.0305881004725597e+002  1.0097555245460171e+002  1.0084684931130050e+002  1.0070710403944076e+002  1.0059265153811339e+002  1.0058737267162996e+002  1.0051910798017070e+002  1.0051910798017070e+002  1.0051910798017070e+002  1.0051910798017070e+002  1.0051910798017070e+002  1.0051910798017070e+002  1.0051910798017070e+002  1.0051910798017070e+002
  1.0296889925148844e+002  1.0072585889391894e+002  1.0065860941544906e+002  1.0063943875198220e+002  1.0057505906753022e+002  1.0057505906753022e+002  1.0057505906753022e+002  1.0057505906753022e+002  1.0057505906753022e+002  1.0057505906753022e+002  1.0057505906753022e+002  1.0057505906753022e+002  1.0057505906753022e+002  1.0057505906753022e+002
  1.0248015603509975e+002  1.0063673665352326e+002  1.0061551788386942e+002  1.0061551788386942e+002  1.0058586008879729e+002  1.0056604590829147e+002  1.0056604590829147e+002  1.0056604590829147e+002  1.0056604590829147e+002  1.0056604590829147e+002  1.0056604590829147e+002  1.0056604590829147e+002  1.0056604590829147e+002  1.0056604590829147e+002
  1.0323533761383123e+002  1.0084969603110767e+002  1.0070272794757602e+002  1.0063425186020368e+002  1.0055739326647836e+002  1.0055739326647836e+002  1.0055739326647836e+002  1.0055739326647836e+002  1.0055739326647836e+002  1.0055739326647836e+002  1.0055739326647836e+002  1.0055739326647836e+002  1.0055739326647836e+002  1.0055739326647836e+002
  1.0319534188733951e+002  1.0078507375661138e+002  1.0078507375661138e+002  1.0078064298058644e+002  1.0076726511523248e+002  1.0076726511523248e+002  1.0076726511523248e+002  1.0076726511523248e+002  1.0076726511523248e+002  1.0076726511523248e+002  1.0076726511523248e+002  1.0076726511523248e+002  1.0076726511523248e+002  1.0076726511523248e+002
  1.0323956035980382e+002  1.0080342536555554e+002  1.0065303998765421e+002  1.0045484484621829e+002  1.0044262521297060e+002  1.0042592903670675e+002  1.0042592903670675e+002  1.0042592903670675e+002  1.0042592903670675e+002  1.0042592903670675e+002  1.0042592903670675e+002  1.0042592903670675e+002  1.0042592903670675e+002  1.0042592903670675e+002
  1.0190956256810205e+002  1.0075504986050009e+002  1.0056580425117045e+002  1.0054502922548409e+002  1.0048093278209126e+002  1.0048093278209126e+002  1.0044594104343923e+002  1.0044594104343923e+002  1.0044594104343923e+002  1.0044594104343923e+002  1.0044594104343923e+002  1.0044594104343923e+002  1.0044594104343923e+002  1.0044594104343923e+002
  1.0269754557448368e+002  1.0077955194076776e+002  1.0059054150041675e+002  1.0051700966472208e+002  1.0049192734561939e+002  1.0048518049761969e+002  1.0047966418053920e+002  1.0047966418053920e+002  1.0047966418053920e+002  1.0047966418053920e+002  1.0047966418053920e+002  1.0047966418053920e+002  1.0047966418053920e+002  1.0047966418053920e+002
  1.0284068567930672e+002  1.0097009582058354e+002  1.0083282390965269e+002  1.0075108618234481e+002  1.0072309921490796e+002  1.0071639371283572e+002  1.0071639371283572e+002  1.0071639371283572e+002  1.0071639371283572e+002  1.0071639371283572e+002  1.0071639371283572e+002  1.0071639371283572e+002  1.0071639371283572e+002  1.0071639371283572e+002
  1.0377033310375418e+002  1.0204175262129047e+002  1.0078333071858560e+002  1.0061398069285724e+002  1.0060905205744893e+002  1.0059021841644790e+002  1.0059021841644790e+002  1.0059021841644790e+002  1.0059021841644790e+002  1.0059021841644790e+002  1.0059021841644790e+002  1.0059021841644790e+002  1.0059021841644790e+002  1.0059021841644790e+002
  1.0234338431833066e+002  1.0081514159508060e+002  1.0073438904087425e+002  1.0073438904087425e+002  1.0067585235162369e+002  1.0062945737929886e+002  1.0062945737929886e+002  1.0062945737929886e+002  1.0062945737929886e+002  1.0062945737929886e+002  1.0062945737929886e+002  1.0062945737929886e+002  1.0062945737929886e+002  1.0062945737929886e+002
  1.0214344887137349e+002  1.0094713497679186e+002  1.0071330895034453e+002  1.0071330895034453e+002  1.0068690032907261e+002  1.0068569005155587e+002  1.0068569005155587e+002  1.0068569005155587e+002  1.0068569005155587e+002  1.0068569005155587e+002  1.0068569005155587e+002  1.0068569005155587e+002  1.0068569005155587e+002  1.0068569005155587e+002
  1.0267880831903767e+002  1.0061110946934377e+002  1.0060492718519845e+002  1.0057167275779693e+002  1.0056149139917898e+002  1.0056149139917898e+002  1.0056149139917898e+002  1.0056149139917898e+002  1.0056149139917898e+002  1.0056149139917898e+002  1.0056149139917898e+002  1.0056149139917898e+002  1.0056149139917898e+002  1.0056149139917898e+002
  1.0295176563406494e+002  1.0059351278014310e+002  1.0059351278014310e+002  1.0059351278014310e+002  1.0057351974446010e+002  1.0053656383409225e+002  1.0053656383409225e+002  1.0053656383409225e+002  1.0053656383409225e+002  1.0053656383409225e+002  1.0053656383409225e+002  1.0053656383409225e+002  1.0053656383409225e+002  1.0053656383409225e+002
  1.0226451764692001e+002  1.0084587267959660e+002  1.0079658479047794e+002  1.0077688126826570e+002  1.0075892659185683e+002  1.0075892659185683e+002  1.0075892659185683e+002  1.0075892659185683e+002  1.0075892659185683e+002  1.0075892659185683e+002  1.0075892659185683e+002  1.0075892659185683e+002  1.0075892659185683e+002  1.0075892659185683e+002
