  9.0418085376809258e+005  2.5036131880319692e+005  1.4224498044166612e+005  8.4570870557165137e+004  8.1455465830728557e+004  4.4347561220132651e+004  3.1620920538835933e+004  2.7997071218032892e+004  2.6087203185019654e+004  1.8402306160868455e+004  1.6560533448797622e+004  1.5053432035189537e+004  1.4605404700583800e+004  1.4605404700583800e+004
  9.6086312733113731e+005  2.6068281550505263e+005  1.6133951325679076e+005  4.7816669044451082e+004  3.6656246877614853e+004  3.2128618482376201e+004  3.0772622824855047e+004  1.9514257099563714e+004  1.3806415059714664e+004  1.1572625844580774e+004  9.2944704910725723e+003  5.6994554794305368e+003  5.6546528095676376e+003  5.6546528095676376e+003
  5.5827221231902728e+005  9.2427732303934579e+004  1.9821593404326282e+004  1.0908515593697153e+004  4.9490760498436557e+003  4.4303530359468277e+003  4.1559831422072339e+003  4.0984386024110208e+003  3.9688803619370792e+003  1.2910809341491768e+003  9.1620382709305704e+002  8.7740266554917662e+002  8.5820578088064076e+002  8.5820578088064076e+002
  9.0192381020668452e+005  1.6478083274444824e+005  9.8856170425101329e+004  1.1914272891784094e+004  6.0166219872602960e+003  5.2784401899769900e+003  4.6744766452812864e+003  4.4458298554611629e+003  4.1157965605992449e+003  2.8707248105660519e+003  1.4097262150617421e+003  1.2503445828526528e+003  1.2378036710140914e+003  1.2378036710140914e+003
  3.7537076007312322e+006  1.6702405381034794e+006  5.1911280389550293e+005  4.3688986220389890e+005  9.6891082759596262e+004  3.9184180870856522e+004  2.3377288808546964e+004  2.2739179637568621e+004  1.8369974930888893e+004  1.1810446539455548e+004  6.9610783059933874e+003  4.8970938845219016e+003  3.7293871222456355e+003  3.7293871222456355e+003
  5.4295160568157188e+005  9.9659806546494554e+004  1.5473922391990462e+004  7.3815506552127190e+003  1.2371618357986545e+003  8.0958370954863494e+002  7.5362833563811819e+002  7.5238057790427001e+002  7.5013649571225278e+002  7.4296665224263188e+002  7.2351797648564025e+002  7.1891339215322205e+002  7.1765069735330007e+002  7.1765069735330007e+002
  5.1859662941363663e+005  6.3322528309685513e+004  2.5407333496598279e+004  1.0582595697378109e+004  8.3903317141512816e+003  7.6410908147146420e+003  5.8661750588032764e+003  4.5348038407754148e+003  4.2602312652601058e+003  4.1348330823603910e+003  3.4352224962493592e+003  2.2216079182487929e+003  2.1396192308707705e+003  2.1396192308707705e+003
  1.1398448395551506e+006  9.2616198472260832e+004  2.3393455672133903e+004  1.1098208635201298e+004  5.3202715772183801e+003  5.1004556651385665e+003  1.6322830743589520e+003  1.5336049116687132e+003  1.4471351198833058e+003  1.4235015448962322e+003  1.4146654131206915e+003  1.3116431650497734e+003  1.0285959544034058e+003  1.0285959544034058e+003
  8.9355681430553610e+005  1.9212188188198290e+005  1.1893373847350173e+005  7.5808859060235103e+004  6.4183271610787560e+004  5.4186400978982150e+004  4.7774826231427855e+004  3.3110864715563046e+004  2.7501409148529368e+004  1.6419361191446573e+004  1.0818251737255148e+004  1.8715959836210300e+003  1.2192355212128305e+003  1.2192355212128305e+003
  1.5729854276786551e+006  2.8291127226630582e+004  1.2247728851447924e+004  1.1340680753868846e+004  8.9003575964408865e+003  7.8732633783032925e+003  7.5188370083942136e+003  6.1316174906497672e+003  5.1611134590389011e+003  3.7757965771262388e+003  3.5029539926247617e+003  3.2996222873565093e+003  3.1522701977986308e+003  3.1522701977986308e+003
  1.6742801543498677e+006  6.7409519185512574e+004  1.7405038924785265e+004  5.3874658374728979e+003  2.4906041676834093e+003  1.5061404568254911e+003  1.2554445386617772e+003  1.2318323019992922e+003  1.2126495238154330e+003  1.1142262750391960e+003  1.1088054579612572e+003  1.0943672246621509e+003  1.0319769429941734e+003  1.0319769429941734e+003
  1.3475162561404977e+006  2.6509607615762146e+005  9.5684912216328754e+004  5.1868338474762699e+004  8.4395594936220605e+003  4.7947626652676627e+003  3.2632405986967442e+003  3.0052909372625354e+003  2.9214501015938094e+003  1.8160537543441642e+003  1.7101373413883775e+003  1.4504723566156904e+003  1.4287787735723350e+003  1.4287787735723350e+003
  2.3437365044973087e+006  1.5302293220803693e+006  4.2451135236359050e+005  1.5782824411351306e+005  1.1594186517397838e+005  3.1549829134070205e+003  1.9545895998772039e+003  1.8504208940254453e+003  1.8310446003867382e+003  1.2232571506972718e+003  1.1909169596094735e+003  9.9591186564149848e+002  9.5892866382962620e+002  9.5892866382962620e+002
  4.4297713931803493e+005  3.3528846821740002e+005  2.7296657870296179e+005  1.3125733777023861e+005  8.4664889808826149e+004  3.2345639963125861e+004  2.6498787562569716e+004  1.9133431740254942e+004  1.6370304789057471e+004  1.5558059224906450e+004  1.1641271641622825e+004  9.5482751517638335e+003  8.3568628020718570e+003  8.3568628020718570e+003
  1.5959276476322771e+006  6.8220103801530169e+005  5.0566751358951908e+005  3.3745702804378344e+005  9.5930548122483349e+004  8.9169073735434562e+004  1.5119164286104668e+004  1.4550046386681872e+004  3.1219459082294661e+003  2.8003503234323234e+003  2.7094838386762949e+003  2.2748369305809374e+003  1.4131483632672625e+003  1.4131483632672625e+003
  9.4959510697054840e+005  4.4263007283833070e+005  1.1920185547778248e+005  1.0553491032747627e+005  5.5036379473389847e+004  4.1624813046542025e+004  2.2990372084551673e+004  1.2736182936162008e+004  6.3350350290421920e+003  6.2072800910005790e+003  5.2954327044545325e+003  4.9548558626625345e+003  4.3789050393653388e+003  4.3789050393653388e+003
  1.0535564696519671e+006  1.3863272130614286e+005  4.3566231839711421e+004  2.8256711850595610e+004  1.8455302138130974e+004  1.7385871098060859e+004  4.6657821527859214e+003  2.3288495989898893e+003  1.7267409273075368e+003  1.6337781327340444e+003  1.0359893593864049e+003  8.7301556998907017e+002  8.2074979500952531e+002  8.2074979500952531e+002
  3.3158635701144459e+006  8.8864556666035485e+005  8.9359299730058774e+004  6.7924617776027037e+004  5.7194694388265532e+004  1.8892125789347399e+004  3.0256993638511103e+003  2.0611985385730295e+003  1.7240532358173391e+003  1.5758349556481203e+003  1.4688075285813497e+003  1.0225089976211402e+003  8.7450450581811128e+002  8.7450450581811128e+002
  2.6435306870700973e+006  1.9324788353439159e+005  9.4269584867147307e+004  3.9675482974887498e+004  2.9882438694132248e+004  1.9795290541472736e+004  4.4783177311934223e+003  2.4136449885272295e+003  2.2375619353242782e+003  9.3777837176441517e+002  6.7188628483016601e+002  5.6493462510408972e+002  3.8679016338726933e+002  3.8679016338726933e+002
  1.0980344284738454e+006  4.8002727244446718e+005  1.6913808028649498e+005  1.1704143160276471e+005  8.7371173920294081e+004  7.2840930172533524e+004  5.0114106264356858e+004  4.0772017427036873e+004  4.0317777805201455e+004  3.1249392336284967e+004  3.0011517853941787e+004  1.6842647134244431e+004  3.4474681930072657e+003  3.4474681930072657e+003
  2.1670506482272791e+006  7.6263821665058052e+005  1.2236709364198323e+005  2.7960724615979238e+004  2.5233262088425981e+004  2.2836986263866296e+004  9.9026953087211605e+003  8.8017570261774417e+003  7.7230950077486614e+003  6.8045069545450151e+003  6.4992202981324972e+003  6.1397713252288850e+003  5.3701438448680910e+003  5.3701438448680910e+003
  9.8380489544254774e+005  1.4442298648771213e+005  1.0009292479273694e+005  4.5956529001458883e+004  6.8972275509864885e+003  4.4550458257395994e+003  3.9931965384857995e+003  3.6297298259187855e+003  2.8238330768813466e+003  2.7394791107852070e+003  2.6902198394804936e+003  2.1464562173860522e+003  1.5646942551172797e+003  1.5646942551172797e+003
  1.4369861537719509e+006  3.8830397468397929e+005  1.5255959826498525e+005  4.0944130863698447e+004  2.0417982380179779e+004  1.5728660095154377e+004  5.3155718145739193e+003  3.9311500577633979e+003  2.9896651862997478e+003  2.5617581202374113e+003  2.2566060428716501e+003  2.1744186761306837e+003  1.1396854915288191e+003  1.1396854915288191e+003
  1.0744819103174750e+006  3.4685813583598688e+005  2.6705978833788203e+005  1.1725366160032924e+005  1.0454853150742449e+005  3.2508177887776212e+004  3.0908338884532233e+004  2.7643173376185274e+004  2.3293033495883355e+004  1.4767831682844648e+004  1.0970191549173198e+004  7.7848419254467954e+003  7.0293725973463443e+003  7.0293725973463443e+003
  8.3590728485666518e+005  6.0178260931498371e+005  3.6769026423698821e+005  9.1344379154163558e+004  8.6041065103115587e+004  4.0805322547414704e+004  3.3613863749436277e+004  3.0496244162144754e+004  2.8276785391603840e+004  2.3046696178371116e+004  2.0089565525758120e+004  1.6473090677144806e+004  1.2797486222790454e+004  1.2797486222790454e+004
  1.2749451303762086e+006  1.8499845728901157e+005  1.0827782831399915e+005  5.2738122419232874e+004  6.4057534104900169e+003  3.9577136237826271e+003  3.0884064424339886e+003  3.0032392598805463e+003  2.9432987425329684e+003  1.7732197921252437e+003  8.6788349755203353e+002  3.2509591688809996e+002  3.1479696781407438e+002  3.1479696781407438e+002
  8.5423100905738678e+005  2.2885261076698464e+005  6.1167722745641244e+004  2.2902508616313058e+004  9.0346569047788471e+003  8.2476048521151679e+003  7.6486177714508412e+003  7.3930581041365476e+003  7.3137956270821851e+003  4.8442783902599494e+003  4.6509565470260450e+003  4.0634978851035285e+003  4.0387874029382319e+003  4.0387874029382319e+003
  3.2189100869430311e+005  1.0374694291407042e+005  7.6686423827583567e+004  6.5549984119199697e+004  6.2235250673934424e+004  1.0378957340314104e+004  3.6947367844296950e+003  2.7108799770332289e+003  2.6714919729577277e+003  2.6337951706343110e+003  2.5958021520452912e+003  2.5785641868063212e+003  1.3933827644395515e+003  1.3933827644395515e+003
  8.4336413604062889e+005  4.8395226405654481e+004  3.1286601200716184e+004  1.9946620861141353e+004  1.2347371599328182e+004  1.1847772836551787e+004  6.5878126093880855e+003  5.4798050558133891e+003  3.0509049934960403e+003  2.7697352504162081e+003  2.0901721964086773e+003  1.4598792025921121e+003  1.0375691064239418e+003  1.0375691064239418e+003
  1.0614858962270434e+006  1.0641741477086022e+005  2.9468351982410910e+004  4.0075261560361305e+003  1.2684576763289224e+003  1.0680383874859031e+003  7.2767943862106222e+002  7.0881710176467504e+002  6.3924912271014182e+002  6.3745389888028421e+002  6.3452836627220040e+002  6.3306407142752596e+002  6.3107407842614020e+002  6.3107407842614020e+002
  1.0583457307958230e+006  6.2887785448611328e+004  1.0166907722516091e+004  4.4558067481861171e+003  2.6980545813560302e+003  2.1491802882307684e+003  2.0094921849940583e+003  1.9125381318840391e+003  1.7688819622095307e+003  1.2083295792954045e+003  1.1032780945368572e+003  1.0522518244154098e+003  1.0359004149636748e+003  1.0359004149636748e+003
  9.6583392621748929e+005  3.7687910146439756e+005  1.7786741272568988e+005  9.1082151748669188e+004  3.5456531977238672e+004  2.7372852958657677e+004  1.6700969949043221e+004  4.0977325007557429e+003  3.9422151163310082e+003  3.8112347068181662e+003  3.6187839576054112e+003  3.3550377952986992e+003  3.1734773445755200e+003  3.1734773445755200e+003
  4.7772044157016752e+006  4.6223338806860265e+005  1.8083072896140278e+004  7.3875718769263694e+003  3.3684468215231955e+003  3.1470537518798183e+003  3.1107879536267792e+003  2.9134547974789893e+003  2.8732369204019351e+003  2.8263348166894066e+003  2.7847860249488340e+003  2.7502506857825110e+003  2.3775108655769982e+003  2.3775108655769982e+003
  8.1434618716893473e+005  3.6119926690481429e+005  2.3203885053767834e+005  3.5514051917756165e+004  9.2451537991280657e+003  8.3997480629796191e+003  6.5124556390507769e+003  5.1317289943612668e+003  4.0227447897867787e+003  3.6217508614832486e+003  2.3951449964463109e+003  3.8334621661866913e+002  2.3794626240363004e+002  2.3794626240363004e+002
  4.6417187686307449e+006  1.6303108432354853e+006  6.8693400849037373e+005  4.1102493697464676e+005  8.8376761241447413e+004  6.6934343383243278e+004  5.4438089722122008e+004  4.7258432106809225e+004  2.8547656294862023e+004  2.0601201726853891e+004  1.8615604442248019e+004  1.6315548022940347e+004  9.8268466064400491e+003  9.8268466064400491e+003
  2.7371140918711061e+006  7.7702802049604594e+005  6.1425786196922258e+004  2.6821348344687452e+004  2.3266900316069572e+004  2.2638915756031085e+004  2.0862979929435522e+004  8.0469757938210059e+003  6.3934874586839142e+003  4.5364730594604671e+003  2.1205292427764807e+003  1.3612643474988458e+003  9.4741664758910429e+002  9.4741664758910429e+002
  2.9302951035554695e+005  9.2533682575767001e+004  4.2755855351060614e+004  2.2994590745440615e+004  1.2478529367717139e+004  7.3317006345328045e+003  6.9601720473163259e+003  6.5012760584561911e+003  6.2740065536169914e+003  6.1880672874922075e+003  5.9760072094161624e+003  1.8120090750231730e+003  1.4470906903647015e+003  1.4470906903647015e+003
  1.8404623874170261e+006  1.0902601495738598e+006  3.8007648359532357e+005  2.6470067408928688e+005  2.2157862768912921e+005  1.5207079378042246e+004  1.2058632474694232e+004  1.1630604681029496e+004  7.1366570652414412e+003  5.4249635220064129e+003  5.3578087031973582e+003  5.2524560637913828e+003  4.3045253165452996e+003  4.3045253165452996e+003
  5.2454490940256929e+006  7.8426343819544569e+005  2.8769310898908414e+005  1.2760130425339656e+005  7.4859846641554817e+004  4.7803816684443154e+004  3.4640947054289296e+004  3.3107744229359596e+004  2.9628343652084637e+004  1.6495260408918930e+004  3.9802273865592560e+003  3.8484936670143097e+003  3.2648510936759449e+003  3.2648510936759449e+003
  1.3269669340980069e+006  1.4290659700218614e+005  5.6863665770633779e+004  2.4365673820529002e+004  2.1838260385670805e+004  1.4413346877200616e+004  8.5946852940154458e+003  7.4938989494036650e+003  5.2150103626624823e+003  4.4914031722680829e+003  2.1484017080860058e+003  2.0872465695866094e+003  1.7586914563473283e+003  1.7586914563473283e+003
  1.2368847586964336e+006  3.7358425444345520e+005  2.4302616547338982e+005  1.1543608393829461e+005  2.8755761939789329e+004  2.7148453881248901e+004  2.6181401162151567e+004  2.4064392250164979e+004  2.1912231989828710e+004  1.8863031059714296e+004  1.4687950895933725e+004  1.2956434599519249e+004  1.2670609665788017e+004  1.2670609665788017e+004
  2.8464551861022031e+006  1.9751102559344776e+005  6.5821013923419101e+004  1.2006099844983153e+004  6.3391615392863605e+003  4.2112697477678585e+003  3.8093035535926956e+003  3.1943812947130564e+003  2.8400373188097137e+003  2.7411180080166632e+003  2.6555562975293215e+003  1.7376311748739245e+003  1.6821145662442982e+003  1.6821145662442982e+003
  2.1737674204769456e+006  9.3969236208026600e+005  3.3710541853064019e+005  2.5749070978238911e+005  5.0193212480488102e+004  3.4350459916586333e+004  2.3989646696306507e+004  2.0779842522990431e+004  1.4590913928062153e+004  9.8110232592963494e+003  8.3564274735026847e+003  5.8903518190743080e+003  5.0937542013853536e+003  5.0937542013853536e+003
  3.9403246773512877e+005  1.7500289157574534e+005  6.9287581730612728e+004  3.7817532198360052e+004  3.0942059325195063e+004  2.9276721252924854e+004  1.8209508470168545e+004  1.0436375526022695e+004  6.1910479740209048e+003  4.3561875522355040e+003  4.0440290103818261e+003  8.1482893488003538e+002  5.3646826036944276e+002  5.3646826036944276e+002
  2.8930618299021618e+006  9.8487857645825599e+005  2.3106526131233154e+005  1.7781164332430882e+004  1.4541746284870751e+004  1.2580552352525350e+004  8.6782153594968768e+003  5.8941273042539224e+003  5.1702398362722115e+003  4.8052453577214710e+003  3.0691733658574640e+003  2.7968491891945996e+003  2.3227909507770164e+003  2.3227909507770164e+003
  8.3009216323637515e+006  1.6493349538692518e+005  1.0803251033352120e+005  7.4037053725614751e+004  7.5559566759967820e+003  4.0186943088930193e+003  3.8093093464567319e+003  2.8291530067798794e+003  2.3693582016558394e+003  2.1937327801658321e+003  1.9506084632559541e+003  1.5464680173890338e+003  1.5164952338941275e+003  1.5164952338941275e+003
  2.3723282530984050e+006  2.8868810194051935e+005  2.2316110059936874e+005  8.2157536909356393e+004  5.7249232495456708e+004  1.1356467048378690e+003  8.3594344039159250e+002  8.3051059065947948e+002  8.2520399277208253e+002  7.9939953403096297e+002  7.8764660451171812e+002  7.8089642639966678e+002  7.5440671012488019e+002  7.5440671012488019e+002
  2.9257884723753331e+005  1.2479528727350186e+005  3.3299990914585840e+004  2.5635996367477939e+004  2.1790117116165042e+004  1.8532832993382566e+004  8.1703427467090078e+003  7.1188277187234162e+003  5.8712227259096426e+003  3.7153526121124314e+003  1.8210748332816511e+003  1.6314358260736544e+003  1.5660362467331106e+003  1.5660362467331106e+003
  5.7159908513655234e+006  6.1216821385566914e+005  2.7361618610468222e+005  1.2497012780535458e+005  5.1349727537067767e+004  2.9748154518913288e+004  1.5641233346520683e+004  2.4967505069131485e+003  2.3589293885930247e+003  2.3066176097150146e+003  2.3001707442064308e+003  2.1819860709111172e+003  2.0043596127159926e+003  2.0043596127159926e+003
  6.2391290506839717e+005  4.7191342010273243e+005  1.3878047511142591e+005  1.2329058276849019e+005  9.2035325724783746e+004  7.7636444265614831e+004  7.1536863569453795e+004  4.0046734313174798e+004  2.6720300834793481e+004  2.4366012463588337e+004  1.7923147718928045e+004  1.4977775521348871e+004  2.1310812013339855e+003  2.1310812013339855e+003
  4.4756284685326170e+005  1.9752589986962272e+005  3.7585159696981922e+004  2.5433208782314538e+004  1.2237158891052628e+004  1.1513828695366230e+004  1.0697492518462295e+004  1.0404287154225887e+004  7.3591353627282151e+003  6.8924087617462137e+003  5.2772353786936474e+003  4.2050242052261756e+003  2.3078213168949633e+003  2.3078213168949633e+003
