  1.4978429610216608e+000  1.1123584808403848e+000  9.5299080395443525e-001  4.6672922775405823e-001  3.6425227819586325e-001  3.6425227819586325e-001  3.6425227819586325e-001  3.6425227819586325e-001  3.6425227819586325e-001  3.6425227819586325e-001  3.6425227819586325e-001  3.6425227819586325e-001  3.6425227819586325e-001  3.6425227819586325e-001
  4.5181357892010965e-001  3.8158689058332129e-001  2.6569103729912058e-001  2.1853898163499252e-001  2.0156705984572909e-001  2.0156705984572909e-001  2.0156705984572909e-001  2.0156705984572909e-001  2.0156705984572909e-001  2.0156705984572909e-001  2.0156705984572909e-001  2.0156705984572909e-001  2.0156705984572909e-001  2.0156705984572909e-001
  1.8077664108045610e+000  8.9548778561243125e-001  8.4141768798076555e-001  8.0062619439422633e-001  7.7446094307924795e-001  7.6637882170143712e-001  7.6637882170143712e-001  7.6637882170143712e-001  7.6637882170143712e-001  7.6637882170143712e-001  7.6637882170143712e-001  7.6637882170143712e-001  7.6637882170143712e-001  7.6637882170143712e-001
  1.2070500078359601e+000  3.0867470605107883e-001  2.7733868720520150e-001  2.4020493435114076e-001  2.2244935534354227e-001  2.2167529760577054e-001  2.2167529760577054e-001  2.2167529760577054e-001  2.2167529760577054e-001  2.2167529760577054e-001  2.2167529760577054e-001  2.2167529760577054e-001  2.2167529760577054e-001  2.2167529760577054e-001
  1.0783561020327852e+000  4.9526879605423346e-001  3.7297790385332519e-001  3.6668161504530872e-001  3.3351716980132551e-001  3.3351716980132551e-001  3.3351716980132551e-001  3.3351716980132551e-001  3.3351716980132551e-001  3.3351716980132551e-001  3.3351716980132551e-001  3.3351716980132551e-001  3.3351716980132551e-001  3.3351716980132551e-001
  1.7819709408436211e+000  2.9332928573444406e-001  2.4978483231006976e-001  1.7444343618376479e-001  1.7444343618376479e-001  1.7140227400705044e-001  1.6763466039765262e-001  1.6763466039765262e-001  1.6763466039765262e-001  1.6763466039765262e-001  1.6763466039765262e-001  1.6763466039765262e-001  1.6763466039765262e-001  1.6763466039765262e-001
  1.6377230258763120e+000  9.6118284468479942e-001  9.1762444672895072e-001  8.1285170813293917e-001  7.0429298940553053e-001  6.8795016564126854e-001  6.8795016564126854e-001  6.8795016564126854e-001  6.8795016564126854e-001  6.8795016564126854e-001  6.8795016564126854e-001  6.8795016564126854e-001  6.8795016564126854e-001  6.8795016564126854e-001
  1.6211178739586103e+000  9.3299420579478465e-001  9.0904142370413865e-001  8.4630894585302485e-001  8.3127737975564742e-001  8.2745825564870756e-001  8.2745825564870756e-001  8.2745825564870756e-001  8.2745825564870756e-001  8.2745825564870756e-001  8.2745825564870756e-001  8.2745825564870756e-001  8.2745825564870756e-001  8.2745825564870756e-001
  1.7058820730255775e+000  2.8992785676086896e-001  1.9932090192878604e-001  1.5650729037974997e-001  1.4335545996209476e-001  1.4313736367830643e-001  1.4313736367830643e-001  1.4313736367830643e-001  1.4313736367830643e-001  1.4313736367830643e-001  1.4313736367830643e-001  1.4313736367830643e-001  1.4313736367830643e-001  1.4313736367830643e-001
  6.3452606814689716e-001  3.8280578105491259e-001  2.6162232331694213e-001  2.4796387642459194e-001  2.2324642577063969e-001  2.2324642577063969e-001  2.2324642577063969e-001  2.2324642577063969e-001  2.2324642577063969e-001  2.2324642577063969e-001  2.2324642577063969e-001  2.2324642577063969e-001  2.2324642577063969e-001  2.2324642577063969e-001
  8.5496847166632506e-001  3.9801237096321529e-001  3.3969182954456301e-001  2.1981197935951968e-001  2.0309412058236376e-001  2.0309412058236376e-001  2.0309412058236376e-001  2.0309412058236376e-001  2.0309412058236376e-001  2.0309412058236376e-001  2.0309412058236376e-001  2.0309412058236376e-001  2.0309412058236376e-001  2.0309412058236376e-001
  7.8641553042166379e-001  3.9205408422299115e-001  3.9205408422299115e-001  3.7354237932891010e-001  3.7078798703009852e-001  3.7078798703009852e-001  3.7078798703009852e-001  3.7078798703009852e-001  3.7078798703009852e-001  3.7078798703009852e-001  3.7078798703009852e-001  3.7078798703009852e-001  3.7078798703009852e-001  3.7078798703009852e-001
  7.2851285537194599e-001  2.9574249936626984e-001  2.5291809647478658e-001  1.9931519021224631e-001  1.9196954211361117e-001  1.9196954211361117e-001  1.9196954211361117e-001  1.9196954211361117e-001  1.9196954211361117e-001  1.9196954211361117e-001  1.9196954211361117e-001  1.9196954211361117e-001  1.9196954211361117e-001  1.9196954211361117e-001
  1.8961685407525692e+000  9.4242069732217715e-001  8.3713713216275210e-001  7.2643050531155495e-001  6.2038632042367681e-001  6.1877832556388057e-001  6.1877832556388057e-001  6.1877832556388057e-001  6.1877832556388057e-001  6.1877832556388057e-001  6.1877832556388057e-001  6.1877832556388057e-001  6.1877832556388057e-001  6.1877832556388057e-001
  4.5256835488112301e-001  2.6119839799184774e-001  1.8517712824200316e-001  1.6672791455812330e-001  1.5228193690427361e-001  1.5004139520397075e-001  1.5004139520397075e-001  1.5004139520397075e-001  1.5004139520397075e-001  1.5004139520397075e-001  1.5004139520397075e-001  1.5004139520397075e-001  1.5004139520397075e-001  1.5004139520397075e-001
  9.9741722302451308e-001  8.5952861089413091e-001  8.5467236842737293e-001  8.5195699512132705e-001  8.4242707494058777e-001  8.4157257841320643e-001  8.4157257841320643e-001  8.4157257841320643e-001  8.4157257841320643e-001  8.4157257841320643e-001  8.4157257841320643e-001  8.4157257841320643e-001  8.4157257841320643e-001  8.4157257841320643e-001
  3.8336562648623840e-001  3.4824766066708435e-001  3.2214630260205013e-001  2.5016436709256595e-001  2.0109291327503342e-001  2.0109291327503342e-001  2.0109291327503342e-001  2.0109291327503342e-001  2.0109291327503342e-001  2.0109291327503342e-001  2.0109291327503342e-001  2.0109291327503342e-001  2.0109291327503342e-001  2.0109291327503342e-001
  9.5691414603675184e-001  2.7504252790367900e-001  2.5271046799684882e-001  2.4034426281400556e-001  2.2593112666049819e-001  2.2593112666049819e-001  2.2593112666049819e-001  2.2593112666049819e-001  2.2593112666049819e-001  2.2593112666049819e-001  2.2593112666049819e-001  2.2593112666049819e-001  2.2593112666049819e-001  2.2593112666049819e-001
  1.2317638246197475e+000  4.6988509902348596e-001  3.0180390917325894e-001  2.2846704462904199e-001  2.2846704462904199e-001  2.2846704462904199e-001  2.2846704462904199e-001  2.2846704462904199e-001  2.2846704462904199e-001  2.2846704462904199e-001  2.2846704462904199e-001  2.2846704462904199e-001  2.2846704462904199e-001  2.2846704462904199e-001
  3.9670440117697581e-001  3.3042625732423403e-001  3.2800848246665737e-001  3.1688162868954350e-001  2.9847750959652330e-001  2.9542346946345788e-001  2.9542346946345788e-001  2.9542346946345788e-001  2.9542346946345788e-001  2.9542346946345788e-001  2.9542346946345788e-001  2.9542346946345788e-001  2.9542346946345788e-001  2.9542346946345788e-001
  1.4878895705926425e+000  3.4045194591817562e-001  2.7615649709059653e-001  2.0732444913210202e-001  1.9331753742835645e-001  1.9331753742835645e-001  1.9331753742835645e-001  1.9331753742835645e-001  1.9331753742835645e-001  1.9331753742835645e-001  1.9331753742835645e-001  1.9331753742835645e-001  1.9331753742835645e-001  1.9331753742835645e-001
  1.6326108481121082e+000  5.2357484230219598e-001  4.9676247122351924e-001  3.9404675033506464e-001  3.7697523171800640e-001  3.7251643643367061e-001  3.7251643643367061e-001  3.7251643643367061e-001  3.7251643643367061e-001  3.7251643643367061e-001  3.7251643643367061e-001  3.7251643643367061e-001  3.7251643643367061e-001  3.7251643643367061e-001
  8.8138301673802744e-001  4.7063884563044667e-001  4.0495761526585738e-001  4.0495761526585738e-001  4.0471893923995594e-001  4.0331562998608206e-001  4.0331562998608206e-001  4.0331562998608206e-001  4.0331562998608206e-001  4.0331562998608206e-001  4.0331562998608206e-001  4.0331562998608206e-001  4.0331562998608206e-001  4.0331562998608206e-001
  3.0774367936965064e-001  3.0774367936965064e-001  2.6294257466975068e-001  2.1228960147209364e-001  2.0196408409742617e-001  1.9544065477771255e-001  1.9544065477771255e-001  1.9544065477771255e-001  1.9544065477771255e-001  1.9544065477771255e-001  1.9544065477771255e-001  1.9544065477771255e-001  1.9544065477771255e-001  1.9544065477771255e-001
  8.7766794626759292e-001  4.9758755521042985e-001  4.5575982214427313e-001  4.3669797562779422e-001  4.2676244802873953e-001  4.2646820990103151e-001  4.2646820990103151e-001  4.2646820990103151e-001  4.2646820990103151e-001  4.2646820990103151e-001  4.2646820990103151e-001  4.2646820990103151e-001  4.2646820990103151e-001  4.2646820990103151e-001
  9.9929928927031142e-001  3.5129621569785741e-001  3.0733271333701850e-001  2.8470105277028779e-001  2.4586995450636095e-001  2.4586995450636095e-001  2.4586995450636095e-001  2.4586995450636095e-001  2.4586995450636095e-001  2.4586995450636095e-001  2.4586995450636095e-001  2.4586995450636095e-001  2.4586995450636095e-001  2.4586995450636095e-001
  5.5112619345891289e-001  4.0183041848217727e-001  3.8407755810408162e-001  3.7210062076678696e-001  3.7024043232963777e-001  3.7024043232963777e-001  3.7024043232963777e-001  3.7024043232963777e-001  3.7024043232963777e-001  3.7024043232963777e-001  3.7024043232963777e-001  3.7024043232963777e-001  3.7024043232963777e-001  3.7024043232963777e-001
  1.4536813725815136e+000  9.4478219972461375e-001  8.3468969030332119e-001  5.0160727479396883e-001  4.2957096877194090e-001  4.2561626881342818e-001  4.2561626881342818e-001  4.2561626881342818e-001  4.2561626881342818e-001  4.2561626881342818e-001  4.2561626881342818e-001  4.2561626881342818e-001  4.2561626881342818e-001  4.2561626881342818e-001
  6.5363854707243263e-001  4.5764978719671490e-001  4.2778016780880534e-001  3.4607380828151690e-001  3.0187797840949315e-001  3.0187797840949315e-001  3.0187797840949315e-001  3.0187797840949315e-001  3.0187797840949315e-001  3.0187797840949315e-001  3.0187797840949315e-001  3.0187797840949315e-001  3.0187797840949315e-001  3.0187797840949315e-001
  7.5321175122167006e-001  3.6564230950261845e-001  3.6211011676414273e-001  3.1373571246285792e-001  2.9651332396542784e-001  2.9651332396542784e-001  2.9651332396542784e-001  2.9651332396542784e-001  2.9651332396542784e-001  2.9651332396542784e-001  2.9651332396542784e-001  2.9651332396542784e-001  2.9651332396542784e-001  2.9651332396542784e-001
  1.6883371652772894e+000  1.4979162802590054e+000  1.3118743583036121e+000  1.0158018757983882e+000  9.8805830171795606e-001  8.8774419903984381e-001  8.8774419903984381e-001  8.8774419903984381e-001  8.8774419903984381e-001  8.8774419903984381e-001  8.8774419903984381e-001  8.8774419903984381e-001  8.8774419903984381e-001  8.8774419903984381e-001
  1.0418028739250076e+000  4.9969270336509908e-001  4.1618857879711868e-001  4.1255510131918527e-001  4.1255510131918527e-001  4.1255510131918527e-001  4.1255510131918527e-001  4.1255510131918527e-001  4.1255510131918527e-001  4.1255510131918527e-001  4.1255510131918527e-001  4.1255510131918527e-001  4.1255510131918527e-001  4.1255510131918527e-001
  5.6539718630142488e-001  5.6539718630142488e-001  2.6675513752707047e-001  2.2132834552326131e-001  1.9372835322974424e-001  1.9302673731544928e-001  1.9302673731544928e-001  1.9302673731544928e-001  1.9302673731544928e-001  1.9302673731544928e-001  1.9302673731544928e-001  1.9302673731544928e-001  1.9302673731544928e-001  1.9302673731544928e-001
  5.3146150964630579e-001  2.7282207167581873e-001  2.5915192058346292e-001  2.5492053861421482e-001  2.4449701129401546e-001  2.4449701129401546e-001  2.4449701129401546e-001  2.4449701129401546e-001  2.4449701129401546e-001  2.4449701129401546e-001  2.4449701129401546e-001  2.4449701129401546e-001  2.4449701129401546e-001  2.4449701129401546e-001
  4.2509574823657204e-001  2.7172705535622299e-001  2.2091506385595494e-001  1.6712284921595710e-001  1.6013603305577817e-001  1.5939209237308205e-001  1.5939209237308205e-001  1.5939209237308205e-001  1.5939209237308205e-001  1.5939209237308205e-001  1.5939209237308205e-001  1.5939209237308205e-001  1.5939209237308205e-001  1.5939209237308205e-001
  9.8933599585961929e-001  6.9270716116784570e-001  6.9270716116784570e-001  6.6596112171851019e-001  6.6274015159365263e-001  6.6240277557494665e-001  6.6240277557494665e-001  6.6240277557494665e-001  6.6240277557494665e-001  6.6240277557494665e-001  6.6240277557494665e-001  6.6240277557494665e-001  6.6240277557494665e-001  6.6240277557494665e-001
  1.1619524823929623e+000  2.8963244950637090e-001  2.2427450056420639e-001  2.0719297143432414e-001  2.0426831388795108e-001  2.0416754587472496e-001  2.0416754587472496e-001  2.0416754587472496e-001  2.0416754587472496e-001  2.0416754587472496e-001  2.0416754587472496e-001  2.0416754587472496e-001  2.0416754587472496e-001  2.0416754587472496e-001
  1.1648814589830181e+000  7.2325755288829896e-001  5.0591210961670185e-001  4.7595098099327515e-001  4.6770427222577382e-001  4.6651348208160925e-001  4.6651348208160925e-001  4.6651348208160925e-001  4.6651348208160925e-001  4.6651348208160925e-001  4.6651348208160925e-001  4.6651348208160925e-001  4.6651348208160925e-001  4.6651348208160925e-001
  8.0871242929424625e-001  4.2524889911192076e-001  4.1737101159537815e-001  3.9767554743298206e-001  3.9106377909865842e-001  3.9106377909865842e-001  3.9106377909865842e-001  3.9106377909865842e-001  3.9106377909865842e-001  3.9106377909865842e-001  3.9106377909865842e-001  3.9106377909865842e-001  3.9106377909865842e-001  3.9106377909865842e-001
  8.4992251026778831e-001  8.4992251026778831e-001  8.1041472378933577e-001  8.0069848335301685e-001  7.6987705858141453e-001  7.2131552473274496e-001  7.2131552473274496e-001  7.2131552473274496e-001  7.2131552473274496e-001  7.2131552473274496e-001  7.2131552473274496e-001  7.2131552473274496e-001  7.2131552473274496e-001  7.2131552473274496e-001
  6.4924029287271878e-001  4.8290260618409775e-001  4.1253824249815807e-001  2.8494126707414580e-001  2.5843383499795891e-001  2.5843383499795891e-001  2.5843383499795891e-001  2.5843383499795891e-001  2.5843383499795891e-001  2.5843383499795891e-001  2.5843383499795891e-001  2.5843383499795891e-001  2.5843383499795891e-001  2.5843383499795891e-001
  9.2404906758451943e-001  5.1755692584811186e-001  4.4188427148878873e-001  3.6793129373745614e-001  3.6793129373745614e-001  3.6793129373745614e-001  3.6793129373745614e-001  3.6793129373745614e-001  3.6793129373745614e-001  3.6793129373745614e-001  3.6793129373745614e-001  3.6793129373745614e-001  3.6793129373745614e-001  3.6793129373745614e-001
  7.6289517156033071e-001  3.5752086320553644e-001  2.8957919982690328e-001  2.6602321688187658e-001  2.6219778575773489e-001  2.6034751884571961e-001  2.6034751884571961e-001  2.6034751884571961e-001  2.6034751884571961e-001  2.6034751884571961e-001  2.6034751884571961e-001  2.6034751884571961e-001  2.6034751884571961e-001  2.6034751884571961e-001
  8.2348641702105851e-001  4.1651491448328670e-001  3.6859858285401970e-001  3.1247372103212001e-001  2.7768807389293215e-001  2.7768807389293215e-001  2.7768807389293215e-001  2.7768807389293215e-001  2.7768807389293215e-001  2.7768807389293215e-001  2.7768807389293215e-001  2.7768807389293215e-001  2.7768807389293215e-001  2.7768807389293215e-001
  4.1955125563549700e-001  3.8490905455114444e-001  3.3403282179415328e-001  3.0721757668766259e-001  2.9234407577905586e-001  2.9234407577905586e-001  2.9234407577905586e-001  2.9234407577905586e-001  2.9234407577905586e-001  2.9234407577905586e-001  2.9234407577905586e-001  2.9234407577905586e-001  2.9234407577905586e-001  2.9234407577905586e-001
  9.4923132497615370e-001  2.7009315333202721e-001  2.6853887456491066e-001  2.5404834678147381e-001  2.0176738422537710e-001  2.0176738422537710e-001  2.0176738422537710e-001  2.0176738422537710e-001  2.0176738422537710e-001  2.0176738422537710e-001  2.0176738422537710e-001  2.0176738422537710e-001  2.0176738422537710e-001  2.0176738422537710e-001
  1.1664720145304273e+000  2.1325814196143256e-001  1.7650199138779499e-001  1.7650199138779499e-001  1.5764253304018894e-001  1.5577041885626386e-001  1.5577041885626386e-001  1.5577041885626386e-001  1.5577041885626386e-001  1.5577041885626386e-001  1.5577041885626386e-001  1.5577041885626386e-001  1.5577041885626386e-001  1.5577041885626386e-001
  7.5397059798251576e-001  3.5568042153204260e-001  2.9747374371777369e-001  2.8409943666747495e-001  2.8409943666747495e-001  2.8409943666747495e-001  2.8409943666747495e-001  2.8409943666747495e-001  2.8409943666747495e-001  2.8409943666747495e-001  2.8409943666747495e-001  2.8409943666747495e-001  2.8409943666747495e-001  2.8409943666747495e-001
  9.6622159227831617e-001  2.7527062817489423e-001  1.9852955307192133e-001  1.7991038335958365e-001  1.7775533527856169e-001  1.7761078166199695e-001  1.7761078166199695e-001  1.7761078166199695e-001  1.7761078166199695e-001  1.7761078166199695e-001  1.7761078166199695e-001  1.7761078166199695e-001  1.7761078166199695e-001  1.7761078166199695e-001
  6.2761574445221413e-001  4.1870083436674577e-001  3.5117844175101709e-001  2.8767259619803554e-001  2.8438506182601486e-001  2.8415169136883378e-001  2.8415169136883378e-001  2.8415169136883378e-001  2.8415169136883378e-001  2.8415169136883378e-001  2.8415169136883378e-001  2.8415169136883378e-001  2.8415169136883378e-001  2.8415169136883378e-001
  7.3877396547754870e-001  3.7191540318781335e-001  3.1832317868020255e-001  3.0903112025566770e-001  2.9954833502824840e-001  2.9948887091973120e-001  2.9948887091973120e-001  2.9948887091973120e-001  2.9948887091973120e-001  2.9948887091973120e-001  2.9948887091973120e-001  2.9948887091973120e-001  2.9948887091973120e-001  2.9948887091973120e-001
