  2.3319338021734463e+010  3.5580544000331764e+009  1.1926788097476096e+009  9.7484836429419041e+007  3.9847066241305001e+005  1.5915320165342526e+004  5.8048087550072296e+001  1.8690442851155353e-001  9.0214991246284626e-006  1.7311720057477942e-008  0.0000000000000000e+000  0.0000000000000000e+000  0.0000000000000000e+000  0.0000000000000000e+000
  1.6683417183034611e+010  3.9496201226499348e+009  1.1646477137405832e+009  4.9442115969828695e+007  3.8888672694905254e+005  3.6680947028527862e+002  6.2144325310433146e-001  4.8265239030342855e-005  1.2326643172855256e-007  0.0000000000000000e+000  0.0000000000000000e+000  0.0000000000000000e+000  0.0000000000000000e+000  0.0000000000000000e+000
  1.6562494383876869e+010  3.0057889846678386e+009  7.6374057586657989e+008  1.2219185883802378e+008  2.8162737620983558e+005  4.4056941675206258e+002  6.2969777728770566e+000  3.1260737081026946e-003  1.6756959553276829e-007  3.6101653222431196e-008  0.0000000000000000e+000  0.0000000000000000e+000  0.0000000000000000e+000  0.0000000000000000e+000
  2.0702355637973057e+010  2.7416347173086753e+009  9.7255856317494678e+008  1.3123617607390669e+008  1.8525782717523153e+005  4.6971748342432011e+002  6.3045919225314151e-001  1.0142994239288328e-003  6.9105509794553655e-006  0.0000000000000000e+000  0.0000000000000000e+000  0.0000000000000000e+000  0.0000000000000000e+000  0.0000000000000000e+000
  1.5380760239377872e+010  4.0269741285619993e+009  1.1235580084011559e+009  3.5856566228424203e+008  1.3862032892294521e+006  1.9926949988234330e+004  9.4606796294574281e+001  4.0975272907010662e-001  9.7851577152141545e-006  6.1582952071148611e-007  0.0000000000000000e+000  0.0000000000000000e+000  0.0000000000000000e+000  0.0000000000000000e+000
  1.2232603823963999e+010  2.9265494063552151e+009  1.3324304091584036e+009  9.1525228747931436e+007  7.7656943560686556e+005  1.0514492566751616e+004  2.8585997664820297e+000  9.6053475830046864e-003  9.3256921189777131e-005  1.1670266530927620e-008  0.0000000000000000e+000  0.0000000000000000e+000  0.0000000000000000e+000  0.0000000000000000e+000
  1.6277234801971313e+010  4.4716605613493767e+009  1.4771119649052050e+009  6.0668645833765894e+007  1.3976677863298304e+005  3.3562072613167779e+003  3.8202370202445763e+000  1.4702758630846802e-004  4.3745222910729353e-007  0.0000000000000000e+000  0.0000000000000000e+000  0.0000000000000000e+000  0.0000000000000000e+000  0.0000000000000000e+000
  1.4300476573122704e+010  2.1114828406760478e+009  5.3111634806096601e+008  4.3434332597608916e+007  1.1353892819055822e+005  1.4391278490980307e+004  8.3294600454566989e+001  1.3496576153502815e-001  8.1046721618349693e-006  0.0000000000000000e+000  0.0000000000000000e+000  0.0000000000000000e+000  0.0000000000000000e+000  0.0000000000000000e+000
  2.3064670259600201e+010  3.5043323235912457e+009  9.7077146854296744e+008  5.3606744305784836e+007  7.3857303179972296e+004  2.4265667543966159e+004  1.1944425408906682e+001  1.1175386034884127e+000  6.5376674353956332e-004  3.4709509878894096e-004  1.6541896457056282e-006  0.0000000000000000e+000  0.0000000000000000e+000  0.0000000000000000e+000
  1.5820261391516516e+010  3.3497558800886869e+009  1.1118216390111573e+009  7.1199985385740936e+007  5.1793493886393378e+005  1.9031519004989790e+004  6.3593448613414125e+000  1.2495649830839284e-003  1.5266340341213436e-005  0.0000000000000000e+000  0.0000000000000000e+000  0.0000000000000000e+000  0.0000000000000000e+000  0.0000000000000000e+000
  9.3954092786497478e+009  1.6941641789326425e+009  3.2742068066066742e+008  1.8417324626758348e+007  7.7096015679470831e+004  2.2142506873551945e+004  3.2753423005987941e+000  9.2703155598883313e-004  1.4535450532093819e-007  0.0000000000000000e+000  0.0000000000000000e+000  0.0000000000000000e+000  0.0000000000000000e+000  0.0000000000000000e+000
  1.1052422771407736e+010  3.5302462318781772e+009  7.5379916916540289e+008  1.1252888021916260e+008  4.3931424142559746e+005  9.6481259305451931e+003  1.5172202763824004e+001  1.1972532309698636e-003  1.4079168408898113e-007  0.0000000000000000e+000  0.0000000000000000e+000  0.0000000000000000e+000  0.0000000000000000e+000  0.0000000000000000e+000
  2.4968854551356125e+010  5.6837198687212734e+009  1.0587954559290687e+009  7.2107890770538330e+007  7.1336361776398597e+004  1.9160170511284505e+003  1.1026355359837225e-001  3.3703991014846224e-002  1.3208310122081457e-005  3.9628744730180188e-006  0.0000000000000000e+000  0.0000000000000000e+000  0.0000000000000000e+000  0.0000000000000000e+000
  2.0873980532905903e+010  3.0825229211291633e+009  9.9028361992484093e+008  1.4250765736055422e+008  1.5185937786041237e+006  2.2780889866864458e+004  4.0092158777512407e+002  8.5861476854745433e-002  2.3855324013766221e-004  1.9871549739036709e-008  0.0000000000000000e+000  0.0000000000000000e+000  0.0000000000000000e+000  0.0000000000000000e+000
  1.7226602479552887e+010  3.8484955932979097e+009  7.6971530838465250e+008  5.2706062393269658e+007  2.4041976309776085e+005  2.8248325897704367e+003  4.3054084032070762e+001  3.2398978486014585e-003  7.3573374947955017e-008  0.0000000000000000e+000  0.0000000000000000e+000  0.0000000000000000e+000  0.0000000000000000e+000  0.0000000000000000e+000
  1.0712920601599113e+010  1.9060123114179125e+009  4.5267886185216033e+008  1.4016521164220128e+007  6.3558044779247342e+004  2.2567294179950350e+003  8.3661146420269006e+000  8.9046953530669271e-004  3.5618317610897066e-006  0.0000000000000000e+000  0.0000000000000000e+000  0.0000000000000000e+000  0.0000000000000000e+000  0.0000000000000000e+000
  1.8268491036708847e+010  4.0384076957887669e+009  1.4808315598834398e+009  4.1372481929183114e+008  1.2095592352306617e+006  2.1445276456736474e+002  3.9345174767097717e+001  1.9767851087095778e-002  3.1959906436895835e-006  0.0000000000000000e+000  0.0000000000000000e+000  0.0000000000000000e+000  0.0000000000000000e+000  0.0000000000000000e+000
  1.0412841725539749e+010  2.0293649966435099e+009  6.3185445413377750e+008  7.4915010212774351e+007  1.2348796932264139e+005  2.9854683546704127e+003  5.7982511082019528e-001  2.3723379626972019e-005  4.0291070035891607e-008  0.0000000000000000e+000  0.0000000000000000e+000  0.0000000000000000e+000  0.0000000000000000e+000  0.0000000000000000e+000
  2.6730585400329468e+010  5.3055996588794746e+009  1.6293779142731745e+009  1.4025575780203012e+008  5.9313162199962116e+005  1.5033530674246690e+003  1.0172010460558397e+001  5.3346676043588559e-003  2.1844843729468266e-006  0.0000000000000000e+000  0.0000000000000000e+000  0.0000000000000000e+000  0.0000000000000000e+000  0.0000000000000000e+000
  1.0425565142594805e+010  3.1964936315753055e+009  1.1537661326555014e+009  7.9434324639395386e+007  2.1386678427026657e+005  1.3306479001430273e+004  1.8781209618991710e+001  5.1720222324149745e-003  1.9818441700181211e-005  1.1918945119759883e-007  0.0000000000000000e+000  0.0000000000000000e+000  0.0000000000000000e+000  0.0000000000000000e+000
  1.3137430500989922e+010  2.4264210283192306e+009  9.9079306530987740e+008  1.9217845921102828e+008  7.6079128829202882e+005  4.5998116877652546e+002  2.9490341402144293e+002  1.9454107257757869e-002  7.8156361382752948e-007  0.0000000000000000e+000  0.0000000000000000e+000  0.0000000000000000e+000  0.0000000000000000e+000  0.0000000000000000e+000
  1.7306133401790794e+010  3.3961952569861178e+009  9.4947477440200758e+008  1.6802103763822365e+008  1.2142339617911240e+006  4.4081524573822787e+002  1.8794250416995339e+000  5.6590406205714316e-004  2.1569280443145544e-004  2.2292454104899662e-008  0.0000000000000000e+000  0.0000000000000000e+000  0.0000000000000000e+000  0.0000000000000000e+000
  1.2055286142900881e+010  2.6320324706758122e+009  9.7039205066649354e+008  6.9197543397147641e+007  2.2692984311733115e+005  1.2924782995036790e+004  1.5752649835166324e+000  2.2422469345144691e-003  2.9142808472215620e-004  3.2431614727101987e-008  0.0000000000000000e+000  0.0000000000000000e+000  0.0000000000000000e+000  0.0000000000000000e+000
  2.5978921485728485e+010  6.2108453259042492e+009  1.0990834704495194e+009  1.2928502209837393e+008  7.1417010171482572e+005  3.3785826172744717e+004  6.2322755184588516e+001  8.9628571251125777e-002  1.4131152333021646e-002  2.5692744998195849e-007  0.0000000000000000e+000  0.0000000000000000e+000  0.0000000000000000e+000  0.0000000000000000e+000
  1.7701147556648880e+010  3.9960457050187864e+009  1.0151507645136281e+009  1.1371444163147995e+008  7.0678873561869247e+005  3.2255836367966782e+004  7.2858648215897688e+000  1.0374515528042139e-003  3.8395073147512448e-006  0.0000000000000000e+000  0.0000000000000000e+000  0.0000000000000000e+000  0.0000000000000000e+000  0.0000000000000000e+000
  1.9921847066110916e+010  4.4686197278225842e+009  1.3181812883192031e+009  1.7516352694212535e+008  7.1512683610208053e+005  4.0545222054450028e+002  1.0755951808199114e+001  1.6410606747570000e-003  2.0594834217035896e-004  2.0768965214301716e-008  0.0000000000000000e+000  0.0000000000000000e+000  0.0000000000000000e+000  0.0000000000000000e+000
  1.7050385005594799e+010  3.9581510862601237e+009  1.4386297536806061e+009  1.8375694982421562e+008  1.7118110781539042e+005  3.1870119630636473e+004  2.9180839232678721e+001  1.4645347622263216e-002  4.6838987373121199e-006  0.0000000000000000e+000  0.0000000000000000e+000  0.0000000000000000e+000  0.0000000000000000e+000  0.0000000000000000e+000
  2.6124278658229912e+010  5.9895410191672001e+009  1.9260662062755344e+009  1.9416430912813574e+008  2.2439231668669973e+006  2.5521116501584766e+004  1.3334594995677861e+001  7.6040396414583711e-002  1.0311411926977598e-005  0.0000000000000000e+000  0.0000000000000000e+000  0.0000000000000000e+000  0.0000000000000000e+000  0.0000000000000000e+000
  2.1000023812673981e+010  3.9042216715295887e+009  1.8854726580959046e+009  1.3671814858671391e+008  7.6447506824249838e+004  1.5011232955588612e+004  5.9782489471958513e+000  7.0555160876864420e-002  3.5587349032084603e-005  6.8010848508492927e-008  0.0000000000000000e+000  0.0000000000000000e+000  0.0000000000000000e+000  0.0000000000000000e+000
  1.2242488511094072e+010  1.4030542664621403e+009  2.9193279157561445e+008  3.1997299257628620e+007  5.5131425388603035e+004  1.1009992008362187e+004  3.0840398894067960e+000  6.3058237765801550e-002  3.6692609398869536e-005  5.1204636974944151e-008  0.0000000000000000e+000  0.0000000000000000e+000  0.0000000000000000e+000  0.0000000000000000e+000
  1.9613263505230324e+010  2.5989782470048976e+009  4.5054919710721993e+008  3.7263458992906064e+007  3.3278068435916957e+005  1.1036351970929750e+003  9.8310702395512817e+002  1.0013326047442206e-002  1.2852669328822230e-007  0.0000000000000000e+000  0.0000000000000000e+000  0.0000000000000000e+000  0.0000000000000000e+000  0.0000000000000000e+000
  1.5708581897434690e+010  1.4529595930238552e+009  4.5722940119457632e+008  3.1122427278067514e+007  1.7694977002835347e+005  1.3144192911092307e+004  1.0340304701786117e+003  1.1221107100383591e+001  2.0980300185442502e-003  2.2325698978420405e-007  0.0000000000000000e+000  0.0000000000000000e+000  0.0000000000000000e+000  0.0000000000000000e+000
  2.7110672316153671e+010  8.0073157053233261e+009  2.2887825760961165e+009  1.8999437253421718e+008  2.0237021512381299e+006  2.4468060212045525e+003  1.1557735672662488e+002  1.3416167212790242e-001  1.9698107536214593e-005  2.5168731099256547e-008  0.0000000000000000e+000  0.0000000000000000e+000  0.0000000000000000e+000  0.0000000000000000e+000
  1.8061206640418987e+010  5.2037385392835035e+009  1.1670828176003578e+009  2.0771499782990369e+008  3.8767176251569255e+006  3.3731343153718015e+004  1.6292598467143964e+003  3.0376474570076084e-001  7.5091736795201314e-002  1.3711304859498341e-005  1.2108699820601032e-008  0.0000000000000000e+000  0.0000000000000000e+000  0.0000000000000000e+000
  1.3594177387875063e+010  3.3271237702201424e+009  2.1932881480963845e+009  7.9022019728523111e+008  8.3250344786874382e+006  1.9164210276871552e+002  8.7121195902329873e+000  7.6596583807031493e-004  3.2811414030220476e-008  0.0000000000000000e+000  0.0000000000000000e+000  0.0000000000000000e+000  0.0000000000000000e+000  0.0000000000000000e+000
  2.0408364609743538e+010  4.8224848263645201e+009  1.9508447111188288e+009  3.1465337301117182e+008  2.4946882593663614e+006  3.3238010462759310e+004  3.9682729871242032e+001  2.7847273684560037e-001  1.2171990960041512e-005  6.9740963226649910e-007  0.0000000000000000e+000  0.0000000000000000e+000  0.0000000000000000e+000  0.0000000000000000e+000
  1.0023413985427973e+010  1.7879464623728778e+009  5.0019726063475037e+008  6.3255999536258325e+007  1.7680680389952965e+005  1.1390373197542376e+003  1.0225567110735346e+002  2.1832869228703089e-001  3.8268301096877622e-005  3.9287016306843725e-008  0.0000000000000000e+000  0.0000000000000000e+000  0.0000000000000000e+000  0.0000000000000000e+000
  1.7511807571609730e+010  2.9702970872904363e+009  7.3416466699450457e+008  7.1307192412197232e+007  1.0122311323116325e+005  3.1685548839223633e+004  2.1827049627962447e+002  7.9605968838844490e+000  1.0475514193899471e-003  4.7671125003034831e-006  0.0000000000000000e+000  0.0000000000000000e+000  0.0000000000000000e+000  0.0000000000000000e+000
  1.8267004644106670e+010  3.8178703510691857e+009  9.8181355602006626e+008  1.2750198930905716e+008  1.4952254538598396e+006  1.2399072020096821e+003  7.9699693320093274e+000  1.0257607229968642e+000  5.0465627388689427e-003  1.2045671837768168e-007  0.0000000000000000e+000  0.0000000000000000e+000  0.0000000000000000e+000  0.0000000000000000e+000
  1.1453871070460258e+010  1.8515587632263985e+009  7.9328266157736826e+008  7.0310125840668470e+007  1.8500337214668217e+005  2.9569681530394999e+004  3.3892451734506324e+000  2.5093364344229485e-002  9.2457850891491944e-004  4.0485176441507065e-005  0.0000000000000000e+000  0.0000000000000000e+000  0.0000000000000000e+000  0.0000000000000000e+000
  1.6024498808087376e+010  2.2735004529112597e+009  6.5901417795332432e+008  1.2696352949682105e+008  3.6349696294247307e+005  6.0147016344065833e+003  1.9503698878267812e+001  3.9240172284280561e-003  1.9379621960524673e-006  0.0000000000000000e+000  0.0000000000000000e+000  0.0000000000000000e+000  0.0000000000000000e+000  0.0000000000000000e+000
  1.7177292589841904e+010  3.2241858969104085e+009  8.2909997522455692e+008  1.5971172053461745e+008  3.4462074333136849e+005  6.1970540196689190e+003  9.1343622836944860e-001  1.0090020174402525e-004  2.0661104827013332e-008  0.0000000000000000e+000  0.0000000000000000e+000  0.0000000000000000e+000  0.0000000000000000e+000  0.0000000000000000e+000
  1.5690289200656406e+010  3.7294189746682901e+009  7.0597667213804376e+008  5.0506934514257468e+007  3.6891987510300468e+005  3.3039426323900545e+004  2.8484180134892313e+001  3.1491681017143947e-003  3.0715708874140546e-006  0.0000000000000000e+000  0.0000000000000000e+000  0.0000000000000000e+000  0.0000000000000000e+000  0.0000000000000000e+000
  2.2980767120578266e+010  5.3281584177299891e+009  1.6371030307912025e+009  1.0157504999387658e+008  6.3427156604857661e+005  1.2840915176090455e+004  2.6267746214360727e+001  1.0736686235730986e-002  9.6287301175834727e-005  3.8948113001424645e-007  0.0000000000000000e+000  0.0000000000000000e+000  0.0000000000000000e+000  0.0000000000000000e+000
  1.4101559492528601e+010  2.5791764298423066e+009  3.7002595943711638e+008  4.4164874018049143e+007  5.4775156225680618e+005  6.5664530591705952e+003  4.6600178203836151e+000  4.4255392659522386e-003  2.5829253985136802e-003  1.6889839571376797e-007  0.0000000000000000e+000  0.0000000000000000e+000  0.0000000000000000e+000  0.0000000000000000e+000
  1.9574295696891567e+010  4.1776914345490050e+009  9.5748211307782948e+008  8.2749788342046142e+007  3.1562838704544358e+005  3.4068078685567736e+004  4.8879290748482504e+001  5.2351971779529549e-002  5.9176678996664123e-003  1.4407306139219145e-006  0.0000000000000000e+000  0.0000000000000000e+000  0.0000000000000000e+000  0.0000000000000000e+000
  1.0863369651498842e+010  2.0197256933913207e+009  3.6803539187467313e+008  2.4602350534731850e+007  1.9249960954096510e+004  1.5642736956377805e+003  1.2386172239135362e-001  4.4276263729159382e-002  2.3951886873874173e-006  0.0000000000000000e+000  0.0000000000000000e+000  0.0000000000000000e+000  0.0000000000000000e+000  0.0000000000000000e+000
  1.8345078164802929e+010  3.8984595186173735e+009  8.7758709080895436e+008  3.7284651173382409e+007  2.5081043091903146e+004  3.2626750485753655e+002  3.2553486213174438e+002  3.0453703986111691e-001  7.4991123632344170e-003  1.4775395527522051e-005  0.0000000000000000e+000  0.0000000000000000e+000  0.0000000000000000e+000  0.0000000000000000e+000
  1.8415623845472794e+010  3.3489449970739079e+009  6.9748034117808926e+008  1.2612332729335839e+008  2.4847786220424846e+005  2.0604867026436168e+004  5.6306211548779970e+001  5.1742423814260974e-002  5.5815385763935410e-005  6.8643828399217455e-008  0.0000000000000000e+000  0.0000000000000000e+000  0.0000000000000000e+000  0.0000000000000000e+000
  1.5482752824635101e+010  3.0167154984908748e+009  1.0749978189105442e+009  1.1687019645651093e+008  4.0498858199770137e+005  1.7311716647836431e+002  3.4532193036440617e-001  3.4656079853334631e-004  4.0904893694460043e-008  1.5315464452214655e-008  0.0000000000000000e+000  0.0000000000000000e+000  0.0000000000000000e+000  0.0000000000000000e+000
  2.0407163967867249e+010  3.3833973706234193e+009  7.8043153169101739e+008  5.6485971299413525e+007  9.2518425810911969e+004  5.6401373110302075e+003  6.5014493340698323e+000  5.6743423681098193e-003  1.5476159092031594e-006  0.0000000000000000e+000  0.0000000000000000e+000  0.0000000000000000e+000  0.0000000000000000e+000  0.0000000000000000e+000
