  3.1751046959046471e+003  1.0861884820389082e+002  2.9856148821929537e+001  2.4711054449616995e+001  1.7037304038242610e+001  1.6044159599643308e+001  1.5913504250173673e+001  1.5848365647730589e+001  1.5821645378136964e+001  1.5811553759182516e+001  1.5807797627161563e+001  1.5806509760503104e+001  1.5806126750328303e+001  1.5806126750328303e+001
  5.8345360597118874e+004  2.3011310492661114e+003  3.3145849382554138e+002  3.2098934381312574e+001  1.0943089055757582e+001  9.0394664583766371e+000  8.9900483401047495e+000  8.9772241038353968e+000  8.9742429077182351e+000  8.9729419209879779e+000  8.9713334113650944e+000  8.9709366883801067e+000  8.9707439166490985e+000  8.9707439166490985e+000
  8.0399526916363102e+003  5.3623322265041907e+002  4.1753473906577256e+001  2.0178207517477858e+001  1.1125802763878255e+001  9.6616570765943379e+000  9.0985801714523404e+000  8.9463703338924461e+000  8.9305800440349685e+000  8.9217804915722354e+000  8.9147681553506573e+000  8.9030383485574021e+000  8.8982673977150171e+000  8.8982673977150171e+000
  7.5139135706311063e+004  3.1960285599622694e+002  4.2790418373548164e+001  2.5014795087901803e+001  1.6363494664766449e+001  1.5088179258199489e+001  1.4735590571050807e+001  1.4608666054073637e+001  1.4569905752626028e+001  1.4539424417064538e+001  1.4500407325257356e+001  1.4449263277476575e+001  1.4422576831091646e+001  1.4422576831091646e+001
  1.1026238536075082e+005  2.6667498896462193e+003  1.0893736437755388e+002  1.8667857264636268e+001  5.3901229876944399e+000  5.0275077639967094e+000  5.0030113951847852e+000  4.9755863036814389e+000  4.9603483702658195e+000  4.9525906657586347e+000  4.9455745384532293e+000  4.9175895078562917e+000  4.9066133022199665e+000  4.9066133022199665e+000
  6.5840340928671840e+003  1.3902902293262332e+002  2.9635388483431370e+001  2.0547877769099841e+001  1.1661582704103466e+001  1.0594358526081123e+001  1.0513903343967286e+001  1.0458007888825932e+001  1.0423587114361908e+001  1.0418799391388575e+001  1.0413721974836335e+001  1.0410218538569325e+001  1.0409679890669395e+001  1.0409679890669395e+001
  6.0541327248281814e+004  1.7119596185084456e+003  1.9819728648831187e+002  3.2483917575362511e+001  1.5386091471752707e+001  1.3782451111271257e+001  1.2788953919806318e+001  1.2402512197117403e+001  1.2334544218878136e+001  1.2326209298857975e+001  1.2324953662094003e+001  1.2324380698533787e+001  1.2324190067569816e+001  1.2324190067569816e+001
  1.1858227996434306e+005  3.5957928124286154e+003  7.3427350303276853e+001  2.1104933231373707e+001  1.0714560261052839e+001  9.5448490935552854e+000  9.3781886114497865e+000  8.6185697424100454e+000  6.8918442351150588e+000  6.8575300703489575e+000  6.8451944246571657e+000  6.8273270081667761e+000  6.8042907868580187e+000  6.8042907868580187e+000
  3.3998472507730265e+004  2.4047560639467292e+002  3.2395208791450614e+001  2.0537572178046503e+001  1.1671287012750554e+001  1.0607557207828677e+001  1.0580381836722381e+001  1.0541878785229756e+001  1.0511744956457278e+001  1.0496619818847648e+001  1.0493843320353335e+001  1.0491799860721812e+001  1.0480781667709607e+001  1.0480781667709607e+001
  3.0080592898286974e+004  5.5633137635546836e+002  4.4278865133069985e+001  2.6953353127395530e+001  1.3836794580118521e+001  1.1873474193952234e+001  1.1684969961782826e+001  1.1482048016374847e+001  1.1406901605847452e+001  1.1394132325387091e+001  1.1389215824346138e+001  1.1387938527125925e+001  1.1386516518873577e+001  1.1386516518873577e+001
  1.5986336363101809e+005  8.3328348857686433e+002  4.7064335019764485e+001  2.5829217299913807e+001  1.4485031273323557e+001  1.1178069075490384e+001  1.0758899204654881e+001  1.0613983773798509e+001  1.0433596650725804e+001  1.0293199544273875e+001  1.0224685959315366e+001  1.0163825303877957e+001  1.0139616938386553e+001  1.0139616938386553e+001
  4.7929643477589532e+004  1.0887550083377714e+003  8.7181191482211034e+001  3.8994359071826466e+001  2.4338760572343517e+001  1.4055974237774535e+001  1.3017458254125813e+001  1.2983982077422525e+001  1.2972769506516443e+001  1.2969622615214803e+001  1.2965453490747677e+001  1.2958749452156781e+001  1.2944396834258214e+001  1.2944396834258214e+001
  1.4899356881118165e+004  3.9319323031098202e+002  5.2317081517482166e+001  2.8798039388642110e+001  1.8831943814896476e+001  1.7809535427816172e+001  1.7701709256863296e+001  1.7658520610832966e+001  1.7652026516227352e+001  1.7651714138273064e+001  1.7651256161222818e+001  1.7650506205411148e+001  1.7650406875216277e+001  1.7650406875216277e+001
  1.7917436949894200e+004  1.9978708584618221e+002  3.7349008530135052e+001  2.6157651585623398e+001  2.0410129615896722e+001  1.5828711186125702e+001  1.5308705717040311e+001  1.5205299953210670e+001  1.5082570438807807e+001  1.5047759368259904e+001  1.5009412608336334e+001  1.4951033814107632e+001  1.4905742388378940e+001  1.4905742388378940e+001
  6.1500235089694055e+004  1.6427443622357796e+003  2.1840093240737929e+002  2.6249045516881097e+001  1.5372246964326450e+001  1.3507085257089102e+001  1.2917015001874461e+001  1.2881731260736387e+001  1.2874166363496443e+001  1.2868647148564150e+001  1.2853874938369472e+001  1.2844593536786988e+001  1.2839141689326425e+001  1.2839141689326425e+001
  1.2267556540412546e+004  1.0952249569650849e+002  3.6811315840806856e+001  2.6513151086391190e+001  1.3920335910899666e+001  1.0811957960207565e+001  1.0712792274698131e+001  1.0628144584129586e+001  1.0589465771163987e+001  1.0578384630101482e+001  1.0574667671780844e+001  1.0571739028918955e+001  1.0569511802902070e+001  1.0569511802902070e+001
  2.8420783437149832e+004  7.7662614636984790e+002  7.5966738384636301e+001  3.6804150730955371e+001  2.4136690940582639e+001  2.2689911105481542e+001  2.2593197205139859e+001  2.2488283717063268e+001  2.2480536588022005e+001  2.2475252044133185e+001  2.2467898511621115e+001  2.2465651845436923e+001  2.2461117642782256e+001  2.2461117642782256e+001
  6.3780254337901853e+004  1.3162187508360394e+003  8.1850196269264416e+001  3.5150190293850073e+001  2.1935745554582581e+001  2.1092717354644492e+001  2.1013342131068384e+001  2.1008637099134603e+001  2.1007706773668815e+001  2.0998076537754287e+001  2.0994492109676685e+001  2.0993421489404000e+001  2.0993257833094958e+001  2.0993257833094958e+001
  1.3676432798358006e+005  1.0255109816925360e+003  1.0123224738293607e+002  2.7594879893877305e+001  1.2199624537167210e+001  1.0553490242005410e+001  1.0399488564655940e+001  1.0349781555720256e+001  1.0222010366797349e+001  9.9568453775480066e+000  9.8449052767409739e+000  9.8128580493057598e+000  9.8064912746413029e+000  9.8064912746413029e+000
  3.8085089215268796e+004  2.0591967138491100e+002  2.9831678270849807e+001  2.2729250642207035e+001  1.4177418509628751e+001  1.2287462183771822e+001  1.2163148311547729e+001  1.2114707008103323e+001  1.2066017360539718e+001  1.2040244907474062e+001  1.2018237072235252e+001  1.2006014662628786e+001  1.1988450568414464e+001  1.1988450568414464e+001
  7.4195027241496107e+004  1.5066289773172330e+003  1.3087644872350256e+002  3.5513019944495227e+001  2.5316479941625630e+001  1.8779512521218976e+001  1.8170942319406549e+001  1.7976771992784734e+001  1.7791398711321563e+001  1.7678772001505649e+001  1.7630040065089361e+001  1.7615056381655677e+001  1.7608984177536513e+001  1.7608984177536513e+001
  3.0447356114427977e+004  1.0641528685728395e+002  3.3455250728883357e+001  2.2432681812053488e+001  1.3090696464222674e+001  1.1832526291643262e+001  1.1741631165594981e+001  1.1703738904813235e+001  1.1680355198016969e+001  1.1674499034395012e+001  1.1673683733421058e+001  1.1672539499844561e+001  1.1672144828265573e+001  1.1672144828265573e+001
  2.5407443623401981e+004  7.2778890579937843e+002  1.1549658918312639e+002  3.7353159338813384e+001  2.2985499644126321e+001  2.0536972583249963e+001  1.9963863736587427e+001  1.9687524822853447e+001  1.9646506987134899e+001  1.9584800022633317e+001  1.9541806819062231e+001  1.9520761852596024e+001  1.9514502175266443e+001  1.9514502175266443e+001
  9.6796228679693741e+004  2.6906728809667438e+003  1.6907559592661801e+002  3.4260755454101854e+001  2.0729496752476734e+001  1.7196983073245519e+001  1.6865556251478893e+001  1.6837311817715545e+001  1.6835475899179073e+001  1.6834814418518363e+001  1.6833735914496174e+001  1.6831030303025727e+001  1.6829680260004579e+001  1.6829680260004579e+001
  8.4547382168202475e+003  3.0443989837085064e+002  3.8416276795194790e+001  2.6309909584898378e+001  1.6044740662817958e+001  1.3457639580018849e+001  1.3379129666887138e+001  1.3273558174992104e+001  1.3200100094493564e+001  1.3156140963972121e+001  1.3136123675769340e+001  1.3131947775242224e+001  1.3130016190560127e+001  1.3130016190560127e+001
  4.8525752191499072e+004  5.9991050752425735e+002  3.8851672441283426e+001  2.7888727426407286e+001  2.0513273877428674e+001  1.9132979565334836e+001  1.8973670241752870e+001  1.8915031970706650e+001  1.8896049365230056e+001  1.8872510928385509e+001  1.8785723186536870e+001  1.8764113116465978e+001  1.8739088813730632e+001  1.8739088813730632e+001
  2.1808288957666888e+005  8.2933213050739814e+003  1.7380452125438524e+002  4.1823113851487278e+001  1.8714858296070133e+001  1.5949635283020143e+001  1.5807148136024807e+001  1.5752335719918847e+001  1.5699790726098399e+001  1.5677895784675229e+001  1.5667017214391763e+001  1.5665341318341007e+001  1.5663810458081343e+001  1.5663810458081343e+001
  3.2545329165764429e+004  3.0881471452386245e+002  3.9964505017225520e+001  2.2549891747001993e+001  1.4325536080502161e+001  1.3303139151358891e+001  1.2754602302678450e+001  1.2466606672381886e+001  1.2374439146929717e+001  1.2241886912401242e+001  1.2195768489038528e+001  1.2163288248595563e+001  1.2148426371278674e+001  1.2148426371278674e+001
  1.9911891935525036e+004  2.8115823535001937e+002  5.0684932002669257e+001  3.8696186025570796e+001  3.1034837234495171e+001  2.3937564464487195e+001  2.3142344524940654e+001  2.2993736498042381e+001  2.2957236677356150e+001  2.2939760653262738e+001  2.2919121041777771e+001  2.2909967285283983e+001  2.2906898604970593e+001  2.2906898604970593e+001
  4.7385936385581452e+004  4.3034394947047713e+002  5.6224745304557700e+001  2.0900475091553517e+001  1.0441310779983269e+001  9.8484012879846432e+000  9.6921163529309524e+000  9.5799200992198621e+000  9.5615365095875404e+000  9.5487338801326587e+000  9.5441645755552145e+000  9.5439048960215587e+000  9.5433463750273404e+000  9.5433463750273404e+000
  2.1086545949892807e+004  4.5181198603805842e+002  8.3754010095398144e+001  3.2315860562506487e+001  1.7966339840947512e+001  1.1582331240485473e+001  1.1309400011929256e+001  1.0725736110792695e+001  1.0660166390636277e+001  1.0651021879757081e+001  1.0629315636957699e+001  1.0566638667262168e+001  1.0534061898686332e+001  1.0534061898686332e+001
  2.4356856699184701e+005  4.9504201859852446e+003  1.7749003673331526e+002  2.3798985369943011e+001  1.2594683303303782e+001  1.1678385484274486e+001  1.1577346233076469e+001  1.1530760479060746e+001  1.1519673714752344e+001  1.1486827752467889e+001  1.1470455289294250e+001  1.1439633989124331e+001  1.1414205498232832e+001  1.1414205498232832e+001
  1.0711703937725969e+005  3.5130991546447403e+003  1.2290919949595582e+002  3.5795514458082380e+001  1.9841867434741289e+001  1.8345674258004465e+001  1.8217598878491344e+001  1.8201531036867664e+001  1.8192768493940775e+001  1.8182331403808575e+001  1.8172641989987142e+001  1.8164363014444916e+001  1.8151644974634110e+001  1.8151644974634110e+001
  3.0081010149350783e+004  8.1546539458488996e+002  5.4813672911750018e+001  3.1263358467531816e+001  1.3175315546984166e+001  1.1266861721065425e+001  1.0797385429375254e+001  1.0731248928984769e+001  1.0647563219669564e+001  1.0602167044674843e+001  1.0558481549531280e+001  1.0512095670850840e+001  1.0401188231287733e+001  1.0401188231287733e+001
  4.3934003736843752e+003  8.4962912132977863e+001  2.6186312325764220e+001  1.6773361345162130e+001  1.1952082747257236e+001  1.0833221439483623e+001  1.0762377114193896e+001  1.0744670764678858e+001  1.0731446158345534e+001  1.0715982589562600e+001  1.0699393367325001e+001  1.0693125325807841e+001  1.0691292560771899e+001  1.0691292560771899e+001
  5.1902018551218782e+004  7.0582784715435855e+002  6.4068535762860165e+001  3.2598335736882746e+001  1.9511343042177714e+001  1.7900688695199733e+001  1.7330380700745536e+001  1.7216801574196325e+001  1.7168537659855701e+001  1.7162932161691970e+001  1.7151534010516116e+001  1.7134892582897919e+001  1.7127516527718853e+001  1.7127516527718853e+001
  4.2923413002585716e+004  3.9182403348596517e+002  4.8753144824997207e+001  2.5682262468462113e+001  1.4214500260807199e+001  1.2632178101917361e+001  1.2481103777394992e+001  1.1995672921000050e+001  1.1681744785892988e+001  1.1638286503731479e+001  1.1625403280091405e+001  1.1617974391540656e+001  1.1601046427186247e+001  1.1601046427186247e+001
  1.7131901869325901e+005  3.5911807679826752e+003  2.2206133702208149e+002  2.5619892348412122e+001  9.4589069878672944e+000  8.4662948377654175e+000  8.3759535252481783e+000  8.3661307708823642e+000  8.3620357204556512e+000  8.3599561737166823e+000  8.3579035302393550e+000  8.3574181162996410e+000  8.3573127213376210e+000  8.3573127213376210e+000
  1.5139711097234325e+005  9.7860183353686716e+002  3.6764001745225187e+001  2.6348240220594107e+001  1.4674253146019282e+001  1.3427386067659427e+001  1.3073766520388745e+001  1.2646178846339808e+001  1.2555563757332720e+001  1.2538882383658802e+001  1.2529233124556868e+001  1.2525260916229172e+001  1.2523285284134545e+001  1.2523285284134545e+001
  1.4105565017752759e+004  5.0931986174242184e+001  2.7061748926410701e+001  2.2131506744449780e+001  1.1443305316026908e+001  1.1087778068391799e+001  1.0725579393296130e+001  9.8482719443400129e+000  9.7470726540154828e+000  9.7370472447291831e+000  9.7301255397733257e+000  9.7057003579991488e+000  9.6767023509428327e+000  9.6767023509428327e+000
  4.9198195316306490e+004  1.6011727327396429e+003  7.5537888593068146e+001  3.6061460600769124e+001  2.8412545973634678e+001  2.6287573959050405e+001  2.5712815194782706e+001  2.5587497816506129e+001  2.5558518040237914e+001  2.5554292616219072e+001  2.5553955618127929e+001  2.5553847585412541e+001  2.5553818648709921e+001  2.5553818648709921e+001
  1.3844626453751570e+005  8.1076519992286048e+003  2.1821533952268624e+002  3.3813895701598994e+001  1.9003420765017381e+001  1.6138710268430941e+001  1.5095651962403963e+001  1.5006871692395634e+001  1.4967704454776140e+001  1.4955008776333671e+001  1.4950467388066727e+001  1.4946746749247723e+001  1.4943028795770260e+001  1.4943028795770260e+001
  1.3981407169760481e+004  8.5103966871668672e+002  7.5554908972369958e+001  3.6354458957835277e+001  2.4065796646930949e+001  2.2908678763234775e+001  2.2869253654519298e+001  2.2855423406393356e+001  2.2811129803561698e+001  2.2780530331243654e+001  2.2776393854024036e+001  2.2774940325155740e+001  2.2772922092991621e+001  2.2772922092991621e+001
  3.2865196148651732e+004  6.4796873513249329e+002  6.5607673672832789e+001  3.2303853343464880e+001  1.8958350443974041e+001  1.4638757699049847e+001  1.4542826554011981e+001  1.4525699992119144e+001  1.4523852670396309e+001  1.4520408250251648e+001  1.4515997195496539e+001  1.4511329467983160e+001  1.4510859776344205e+001  1.4510859776344205e+001
  8.9312614022069072e+004  7.7926055121254103e+002  7.5323829422855852e+001  3.3584388528736326e+001  2.2682682655945200e+001  1.9849044035066527e+001  1.9561435262754230e+001  1.9473211362761276e+001  1.9361418586986474e+001  1.9344533277674145e+001  1.9334849965988496e+001  1.9330762348730332e+001  1.9328684490839805e+001  1.9328684490839805e+001
  2.2135163295011804e+004  2.9166295187842638e+002  7.4249979338061166e+001  4.9371894092145794e+001  3.9786714726049013e+001  3.9416483489006168e+001  3.8903794202117979e+001  3.8541729931319423e+001  3.8458964780878659e+001  3.8297584113383664e+001  3.8198104883397491e+001  3.8071589716460267e+001  3.8050812231039345e+001  3.8050812231039345e+001
  2.8796962222620576e+004  2.2549966228716448e+002  8.4595777750816978e+001  4.7839667647785518e+001  3.5134465837244534e+001  3.2569393995484006e+001  3.2461079715747019e+001  3.2444978515862431e+001  3.2431296627484699e+001  3.2429405569472692e+001  3.2427864019644403e+001  3.2425931666699171e+001  3.2425382599709110e+001  3.2425382599709110e+001
  1.9329258733408478e+003  4.9817980190625576e+001  3.2743361879361601e+001  2.3252820144972020e+001  1.9643410221215845e+001  1.9024062334494147e+001  1.8959106092369893e+001  1.8914399832089657e+001  1.8899511166288676e+001  1.8888928894039282e+001  1.8877342880510696e+001  1.8873554378187919e+001  1.8870861435033930e+001  1.8870861435033930e+001
  1.1254343241110024e+004  2.6027800315522609e+002  5.3365563352649133e+001  3.1631902987719513e+001  1.9779117257429334e+001  1.8946957344970997e+001  1.8788836416268850e+001  1.7788684489184334e+001  1.7693988472471574e+001  1.7681181451697285e+001  1.7671917537339596e+001  1.7663382707663459e+001  1.7662032630433941e+001  1.7662032630433941e+001
  1.4900954044521499e+004  3.9835561486159031e+002  4.9154201265534084e+001  3.8103779915988753e+001  2.6327029020208556e+001  2.4284280204293509e+001  2.4046243229619449e+001  2.3999380517351028e+001  2.3987849347614656e+001  2.3979466047087499e+001  2.3976104025924315e+001  2.3973726111079486e+001  2.3972830657869508e+001  2.3972830657869508e+001
  6.0754283711519682e+004  1.5381682449862660e+003  2.5931150257626496e+002  6.1176967738400208e+001  4.4886622380169229e+001  3.3587567363738572e+001  3.2911111581043997e+001  3.2679527582811716e+001  3.2575515819475186e+001  3.2414087277698400e+001  3.2288901982099787e+001  3.2227150432417147e+001  3.2211359211983336e+001  3.2211359211983336e+001
