  1.8590422551353140e+002  1.0491986401222675e+002  9.8970320401683011e+001  9.5624770300501496e+001  9.4564752796943139e+001  9.2606895862654483e+001  5.6297980952651415e+001  5.1215034229755702e+001  4.8569242054954202e+001  3.4127066133366270e+001  3.3974218055360097e+001  2.8707848595461428e+001  2.5970210937328375e+001  2.5970210937328375e+001
  2.5156760474962266e+002  1.2579293074893326e+002  9.5739388962788098e+001  9.0419737165780134e+001  8.6366278277070023e+001  4.7037459478746541e+001  3.4483245050699452e+001  2.3641726573088590e+001  2.2364115810642261e+001  2.0402678841283659e+001  1.9039961534174381e+001  1.7930579308513870e+001  1.7566719305746119e+001  1.7566719305746119e+001
  1.5645262854266093e+002  5.8077512677704590e+001  3.7355531044392819e+001  3.2930885013513944e+001  3.1003849855009321e+001  3.0354708203138443e+001  2.8471805908682427e+001  2.7991309421944834e+001  2.7487128786887979e+001  2.6794769383467155e+001  2.6776372802468586e+001  2.6771070328777341e+001  2.6769502127528312e+001  2.6769502127528312e+001
  1.9944126272064659e+002  6.9190159539555680e+001  5.2648400128190133e+001  4.1449313988066706e+001  3.9428001000068889e+001  1.8368549152823789e+001  1.7952733977862408e+001  1.7737356692060757e+001  1.5362334956064842e+001  1.3760882142365745e+001  1.3366563266098638e+001  1.3071142558518659e+001  1.2965624814576586e+001  1.2965624814576586e+001
  1.9149180508705012e+002  1.0609823405542488e+002  9.7624131878003709e+001  9.5869542580436246e+001  9.4990310609035078e+001  9.3917407627253397e+001  9.2627884947108441e+001  9.2289666289945217e+001  8.4377648760150578e+001  2.9366960346691258e+001  2.8574090902328180e+001  2.8430877926066387e+001  2.8423702233873655e+001  2.8423702233873655e+001
  2.1426931756212571e+002  9.1906335922817107e+001  8.1371810355474508e+001  7.7563964862290504e+001  7.6368952611635905e+001  4.8990471382098121e+001  2.1643331415478769e+001  2.0465906777721102e+001  1.9402856337125286e+001  1.9011626497976067e+001  1.9004427332304203e+001  1.9002035614598299e+001  1.7095960450311622e+001  1.7095960450311622e+001
  2.6351228241211311e+002  9.5583199977093273e+001  7.2241559400665892e+001  5.7803359542501767e+001  5.4795774152782315e+001  4.7373842073525566e+001  4.5913885753252316e+001  2.7533036742150443e+001  2.2667177353659781e+001  2.2363394117908229e+001  2.2334708649059394e+001  2.2327020722549150e+001  2.2324710485298738e+001  2.2324710485298738e+001
  2.4630132853681880e+002  1.0274729848136735e+002  7.2749247530953653e+001  5.9997247655869160e+001  5.5834241351836226e+001  5.3292408179709582e+001  3.8100219859243225e+001  3.7470920014408875e+001  3.7375388797509459e+001  3.7345169998883648e+001  2.9243393498788919e+001  2.8879764137162056e+001  2.8782946870601108e+001  2.8782946870601108e+001
  2.1708129415366466e+002  1.0673814497918875e+002  9.1735501159331989e+001  8.4426256347719573e+001  8.0149268929461186e+001  7.4560718602139559e+001  4.3093989730324438e+001  2.4216777166686597e+001  2.3682803123215763e+001  2.3666477525824575e+001  2.3661736387943392e+001  2.1526400533506603e+001  1.9601893920724251e+001  1.9601893920724251e+001
  3.6288503974806554e+002  1.1521905840438762e+002  4.7663016104241706e+001  3.0480955979768396e+001  2.8913214727698232e+001  2.8484631752337464e+001  2.8417721707775627e+001  2.5937654521607556e+001  2.5134922180850026e+001  2.5104899810368124e+001  2.5102075011544230e+001  2.5101219848818118e+001  2.5100580131688503e+001  2.5100580131688503e+001
  2.8394930362906962e+002  1.1103278810847701e+002  8.7284149424843008e+001  7.7980589885388781e+001  7.5258698200450681e+001  7.4617785191042458e+001  3.4808896211113961e+001  2.2401134806033042e+001  2.0540006916664879e+001  2.0416403601679121e+001  2.0408800289624423e+001  2.0408283665574800e+001  2.0176982532383590e+001  2.0176982532383590e+001
  2.5221531881629380e+002  1.0159678696793344e+002  8.5891731442165792e+001  6.7738893121329056e+001  5.8253619722950134e+001  4.7040131398582389e+001  4.3441485284316968e+001  2.2466874718203371e+001  2.2072917977350698e+001  2.1950114950130683e+001  1.9436021841698903e+001  1.7741494731897774e+001  1.7241789049145154e+001  1.7241789049145154e+001
  2.4927278038138138e+002  9.7645958898068784e+001  8.1608716800965567e+001  7.3349039677789960e+001  5.6502311234501349e+001  4.9044119083985152e+001  2.6140167905880617e+001  2.5915903962548782e+001  2.5884559498135786e+001  2.5874347634245169e+001  2.5872968065269561e+001  2.5872719275401323e+001  2.5872612049249256e+001  2.5872612049249256e+001
  2.7977573680815067e+002  1.1278928206347609e+002  9.6572762681735412e+001  8.9613608630242197e+001  8.6815992282974094e+001  7.0627014092905938e+001  3.3525355874560319e+001  2.7358405758824119e+001  2.6547564961000717e+001  2.6399440334872679e+001  2.6179862613544174e+001  2.5057776741408134e+001  2.4837809437516171e+001  2.4837809437516171e+001
  4.0757221004941857e+002  1.3723746777374117e+002  9.7813360302220417e+001  8.9789364371172724e+001  8.8593710119382195e+001  2.9363636963646286e+001  2.2623462630457198e+001  2.1446278142038409e+001  2.1161411555530094e+001  2.0969014053895989e+001  2.0933804572359122e+001  2.0932924445448180e+001  2.0930685663125359e+001  2.0930685663125359e+001
  2.8721289857468628e+002  1.1235798404416596e+002  9.2094278947757402e+001  8.5717411133688302e+001  8.1773356927399846e+001  5.0869677065220003e+001  4.7828141843926915e+001  3.2607966098216139e+001  2.5682037026112994e+001  2.3725126131149182e+001  2.1651738743372334e+001  1.9434040521783118e+001  1.8872170274542896e+001  1.8872170274542896e+001
  2.6921953559735630e+002  9.6408141671772000e+001  7.0662249110880339e+001  5.8297885687971075e+001  5.5701510266343121e+001  4.0948762101128523e+001  4.0451055083321080e+001  4.0403442017838188e+001  2.5975097502984681e+001  1.7218060868812245e+001  1.6180994455664177e+001  1.6154707617455188e+001  1.6143145773949300e+001  1.6143145773949300e+001
  2.1450155051809270e+002  9.2416293589218640e+001  8.3178802879390332e+001  7.9270603626946695e+001  7.7908146909684092e+001  7.7040857618159180e+001  3.3404176816322433e+001  2.6714612992694128e+001  2.6339318215443427e+001  2.6271730173783453e+001  2.6262732789835809e+001  2.6262061336417673e+001  2.5862621673506737e+001  2.5862621673506737e+001
  3.4413200649372448e+002  1.4412769491817585e+002  1.0465257047099522e+002  9.3660777824828301e+001  9.0724948886349239e+001  8.7200350702583364e+001  2.0731812931866671e+001  1.9722242425031709e+001  1.9617058266752338e+001  1.9605791196940118e+001  1.9550428745097634e+001  1.9415997699832133e+001  1.9396708687168939e+001  1.9396708687168939e+001
  2.4519827499792018e+002  9.3968328039534754e+001  6.9345672812255543e+001  5.6226597246845813e+001  5.2220619028217698e+001  5.0661437602524529e+001  3.3549889125805976e+001  3.3124221163765696e+001  2.5518697164525065e+001  2.4994563796930606e+001  2.4986830394752815e+001  2.4206933815666389e+001  2.2958973725001442e+001  2.2958973725001442e+001
  3.2415630448235424e+002  1.1313091943174072e+002  8.4220975463202194e+001  7.8629635583727804e+001  7.1471886527072002e+001  3.3880907649223445e+001  2.5554797365561626e+001  2.4970755544807162e+001  2.3762727731370205e+001  2.1438455651633831e+001  2.0260837670017054e+001  2.0233086643986326e+001  2.0218056580988787e+001  2.0218056580988787e+001
  2.7129496777248505e+002  1.1015142773638718e+002  8.9313814564452741e+001  8.4925831543630466e+001  8.3389423092054585e+001  3.6649272893856050e+001  3.5813660391100711e+001  3.4162640374981947e+001  3.0509473340358682e+001  3.0289725329210796e+001  3.0285758813143957e+001  2.8572154256971999e+001  2.6135186701355906e+001  2.6135186701355906e+001
  2.3745341765350895e+002  1.1160494259651205e+002  8.6194958490867521e+001  7.2260519672189957e+001  6.3409923114380263e+001  5.3428140478986052e+001  3.3033461944671444e+001  2.5277145613343919e+001  2.3873819797075612e+001  2.3858631774077821e+001  2.2310567296133740e+001  1.9963549259917727e+001  1.9113167784283632e+001  1.9113167784283632e+001
  3.4237179535985297e+002  9.3973188901062485e+001  5.5678571712908024e+001  3.2331004136619867e+001  2.6485370315482214e+001  2.5992127484099456e+001  2.3984212260701042e+001  2.2215499733933939e+001  2.1449020233219926e+001  2.1175753041210100e+001  2.1129882225300889e+001  2.1123010110687801e+001  2.1105509732003384e+001  2.1105509732003384e+001
  1.6892213371662547e+002  8.8341369375586737e+001  7.5136634809456837e+001  6.9142554770740162e+001  6.3183120502568499e+001  4.8924683186814036e+001  2.8756360598185438e+001  2.7053622643235713e+001  2.6004698281249148e+001  2.5735479505104877e+001  2.5722886623585055e+001  2.3560300424119760e+001  2.1372154726030658e+001  2.1372154726030658e+001
  3.5687269016558321e+002  1.3479386924164282e+002  1.0191018960142492e+002  9.2938967963122877e+001  9.1462690756066422e+001  3.6545144231468385e+001  2.8340121634784282e+001  2.8079297970715515e+001  2.7941401400927589e+001  2.6149098326492776e+001  2.4070507119716240e+001  2.3348746351288810e+001  2.3243424526806848e+001  2.3243424526806848e+001
  2.0062898965530894e+002  1.1746429669076974e+002  1.0469629499068287e+002  8.4188068486568454e+001  2.9458625673791857e+001  2.8553271072700909e+001  2.8454988468850388e+001  2.8282399879211880e+001  2.8276513784727740e+001  2.8276318411079046e+001  2.8275758868467165e+001  2.8127410112470670e+001  2.6871345321293575e+001  2.6871345321293575e+001
  3.2923001881393702e+002  9.7465925532098254e+001  3.9846276661496859e+001  2.4990876356610897e+001  2.1459893803796149e+001  1.9620082690334129e+001  1.9123122227476642e+001  1.9080611038698635e+001  1.8885992457263001e+001  1.8867428663962528e+001  1.8864194712766903e+001  1.8863897467382230e+001  1.8863811583355300e+001  1.8863811583355300e+001
  2.1622206899161847e+002  1.0223274576584572e+002  8.1517316623062698e+001  7.4204566197472559e+001  7.0954421652628980e+001  6.9563047429476228e+001  4.2994712304266841e+001  2.9148267673100236e+001  2.6840030001215382e+001  2.6771495926592706e+001  2.6759083201324074e+001  2.6758385416074134e+001  2.6758122241194542e+001  2.6758122241194542e+001
  1.4825834898859603e+002  8.5261152536489817e+001  7.2210628132873808e+001  6.7022744913984752e+001  6.3371529453569110e+001  2.5363529638931368e+001  2.3596920657868850e+001  2.3176432565585628e+001  2.2896470481829510e+001  2.1111308928526341e+001  1.8873994801885374e+001  1.8339159158816074e+001  1.8098890839631395e+001  1.8098890839631395e+001
  2.7587791260448512e+002  6.3970672907742937e+001  3.8140538982112730e+001  3.3482776929346301e+001  3.0894529702473392e+001  2.9178186545055496e+001  2.8262188437231316e+001  2.8116383439461288e+001  2.6227166784537303e+001  2.4350848852851186e+001  2.3703908244311151e+001  2.3586232353094147e+001  2.3553329756874064e+001  2.3553329756874064e+001
  3.1872799768219375e+002  9.2546184415909465e+001  3.3771591766625079e+001  2.1666251586091676e+001  1.7119938207674750e+001  1.6666794803881885e+001  1.6180272828882835e+001  1.5571421912651886e+001  1.5243784173310814e+001  1.4954222058988307e+001  1.4890476981992151e+001  1.4885925872447160e+001  1.4884646599801954e+001  1.4884646599801954e+001
  3.8934088838323032e+002  1.2351744665904494e+002  9.6911036357433886e+001  8.5904476597327175e+001  8.3890660361983691e+001  1.9854865846627490e+001  1.6912083282781396e+001  1.6623758838127969e+001  1.6611615241588424e+001  1.6485361749527328e+001  1.6378758574008543e+001  1.6375515893177180e+001  1.6374480416625602e+001  1.6374480416625602e+001
  2.5967509419985799e+002  1.0282667299605737e+002  4.6467977303886073e+001  2.6776923894633001e+001  2.4879653974008534e+001  2.3532354698110794e+001  2.3341213266304749e+001  2.3008610126541498e+001  2.2956625651750301e+001  2.2432657326335175e+001  2.1521547029155045e+001  2.1453176673537882e+001  2.1449978168911912e+001  2.1449978168911912e+001
  2.4024612896586814e+002  7.3313221074206467e+001  4.2450065577446139e+001  3.2540461095450610e+001  2.9613509174285582e+001  2.8278628140623823e+001  2.6364525239411250e+001  2.5236757700685985e+001  2.4341635037699007e+001  2.3523236933466933e+001  2.3493785396524572e+001  2.3436249073311501e+001  2.3398987758115936e+001  2.3398987758115936e+001
  3.1385205897207652e+002  1.1990472293886819e+002  8.7541574095342185e+001  8.0331459005914439e+001  7.8675106840362105e+001  3.2989901256417397e+001  2.7601913706210098e+001  2.6696056726956385e+001  2.6681732962958222e+001  2.6591567874260136e+001  2.5650159398000596e+001  2.3808232903482804e+001  2.3267906882085981e+001  2.3267906882085981e+001
  2.1546742719084159e+002  7.1953772245777145e+001  4.2585553047349549e+001  2.9678211742149415e+001  2.7715542012058677e+001  2.5912109105612672e+001  2.4596002039732184e+001  2.2753039791832407e+001  2.2121999765203554e+001  2.1999562211800367e+001  2.1913959061683954e+001  2.1908301922294413e+001  2.1907240204651771e+001  2.1907240204651771e+001
  2.4396987607245865e+002  1.0402849838792508e+002  7.2181916818100262e+001  5.2305303508626366e+001  4.5524016042784979e+001  3.4026338375861087e+001  2.6613453929839579e+001  2.6468086036119985e+001  2.5060530249099656e+001  2.4969894323925701e+001  2.2793797856779292e+001  2.1003510882124829e+001  2.0764055521097362e+001  2.0764055521097362e+001
  2.3673735547340812e+002  9.8059798959358204e+001  4.5188219422270322e+001  2.5525174895329201e+001  2.2452882372984959e+001  2.2338725480032508e+001  2.2336122773348052e+001  2.2334431851977115e+001  2.2333458309546813e+001  2.2331134064919979e+001  2.2328323488003662e+001  2.2327665965512551e+001  2.2327589126129396e+001  2.2327589126129396e+001
  3.6546456518319883e+002  1.3582453600061899e+002  6.6681124618500689e+001  3.2340259251216366e+001  2.5805371757423927e+001  2.4596331820434671e+001  2.3969990991919985e+001  2.2525583899382355e+001  2.2099620432392840e+001  2.1118642212455143e+001  2.0298358859145537e+001  2.0259050241209934e+001  2.0206134126230154e+001  2.0206134126230154e+001
  2.2213852884502330e+002  9.7851329366473465e+001  7.7706944710968855e+001  7.2918435834374350e+001  6.9452840112738841e+001  2.8717216940099888e+001  2.8498623099658062e+001  2.6315807220126544e+001  2.6273380474596479e+001  2.6180760487406587e+001  2.4521730571731723e+001  2.2353486611160861e+001  2.2081221428720482e+001  2.2081221428720482e+001
  2.2831464016257314e+002  7.3258712577990536e+001  5.3154797967793684e+001  4.1706618696789064e+001  3.2379178817621778e+001  2.8009889676538478e+001  2.6373596107819367e+001  2.6082772029349144e+001  2.6074568366270569e+001  2.6073457900167114e+001  2.6071968308511714e+001  2.6003529941405532e+001  2.4628679712751136e+001  2.4628679712751136e+001
  3.7368453714168436e+002  1.0374982052004407e+002  7.5623245636097181e+001  6.8213214689467804e+001  5.7835088559810629e+001  4.6528209241609829e+001  4.5798871137686774e+001  2.4789375143123607e+001  2.2784084144311691e+001  2.2248593256341110e+001  2.2217989026983332e+001  2.1853655425082479e+001  1.9132055213705371e+001  1.9132055213705371e+001
  2.2735824544643083e+002  1.2482112267918092e+002  1.0564692558428351e+002  1.0186269025459796e+002  1.0047653672370461e+002  9.6143234034124816e+001  9.5528242896534721e+001  5.2737454295809357e+001  2.8965459080214487e+001  2.8497936096050353e+001  2.8377349297592446e+001  2.6918355612513551e+001  2.6018067563255045e+001  2.6018067563255045e+001
  3.7015374070461030e+002  1.3291267326465504e+002  7.1283623057124487e+001  5.2294638841860206e+001  4.7940813949489666e+001  2.8442227159280037e+001  2.6973455501838089e+001  2.6386269087794290e+001  2.6099458796244562e+001  2.5668074023779127e+001  2.3843765906013914e+001  2.1518489723531047e+001  2.1021227301667977e+001  2.1021227301667977e+001
  3.4455658865838041e+002  1.1845870640711496e+002  8.1199798802164878e+001  7.3517638770563053e+001  6.9529723389111268e+001  3.1820221946300990e+001  2.5416949109189773e+001  2.3433513191342627e+001  2.2674334999058374e+001  2.1997222044187311e+001  1.9874400831550247e+001  1.7985718983498828e+001  1.7764021724098257e+001  1.7764021724098257e+001
  2.8714092500933521e+002  1.0852000091254922e+002  5.5012467719831420e+001  2.9740504017900776e+001  2.5622473959657782e+001  2.4611198057466027e+001  2.4304058972772737e+001  2.4287124431150232e+001  2.2438758634308670e+001  2.1837309280137333e+001  2.1744561550782919e+001  2.1737652601234458e+001  2.1736360180838119e+001  2.1736360180838119e+001
  2.7318289958266359e+002  1.1848076775683262e+002  1.0111560842982703e+002  9.4833421732889974e+001  9.3768479630277398e+001  9.2459462180554965e+001  9.1940535622892412e+001  5.0127385000058212e+001  3.6449861625942958e+001  2.4987287940538408e+001  2.3717339940579677e+001  2.3699601993588885e+001  2.3518604430668347e+001  2.3518604430668347e+001
  2.9552546502641508e+002  1.0101272289847429e+002  6.0998901580739130e+001  5.1778706653392192e+001  4.7598458690952384e+001  3.3235525187539679e+001  2.6836655800428161e+001  2.5115661267007226e+001  2.5069045178332317e+001  2.5045745757810664e+001  2.5043053983034724e+001  2.5032495831887445e+001  2.4889882127542023e+001  2.4889882127542023e+001
  2.8710201449843498e+002  1.1259795996377215e+002  9.5932404917947224e+001  8.8057853039189467e+001  8.5825337953755025e+001  8.2543904843357041e+001  8.1278254559779498e+001  7.9620367004407626e+001  7.7983455474077118e+001  3.4677485332348851e+001  3.3103863635752532e+001  3.3088668238425953e+001  2.9538227674877135e+001  2.9538227674877135e+001
  2.3192929909000941e+002  9.5779664063848486e+001  8.3162641065784328e+001  7.9339559799346034e+001  7.6881238807410909e+001  7.5358653851150848e+001  3.3207879903350204e+001  3.2867255267387691e+001  2.7802362718821541e+001  2.4366976727924111e+001  2.2807769184773178e+001  2.0379735687637094e+001  1.9129148278944058e+001  1.9129148278944058e+001
