  1.6768430130619918e+003  6.4970732108238826e+002  4.4533916329829663e+002  3.4546302745057528e+002  3.3575763466654553e+002  3.0097065269292489e+002  2.8525056711824391e+002  2.8360448478779654e+002  2.7787160495418129e+002  2.7236579359542975e+002  2.7233034371342183e+002  2.7233007696593040e+002  2.7127687832374750e+002  2.7127687832374750e+002
  1.4993869887978035e+003  6.2007300910957883e+002  5.1347182265509309e+002  2.3563967743099511e+002  2.1893071674201428e+002  2.1884658280981648e+002  2.1884619221668981e+002  2.1884510357343243e+002  2.1884467017757879e+002  2.1884462211552227e+002  2.1884462209894036e+002  2.1884462000104895e+002  2.1884461154468772e+002  2.1884461154468772e+002
  3.0258418009036095e+003  3.1139603450463756e+002  2.4128954287519855e+002  2.2857619253325083e+002  2.2718560724923873e+002  2.2694206872163932e+002  2.2693994920064142e+002  2.2693993869406631e+002  2.2693993838875713e+002  2.2693993836486925e+002  2.2693993834419916e+002  2.2693993831184252e+002  2.2693993828479142e+002  2.2693993828479142e+002
  1.2489810100328177e+003  6.6498406782628808e+002  4.5100316636276739e+002  2.6758109862750052e+002  2.3244583758522822e+002  2.3173870249760421e+002  2.3173073097584984e+002  2.3158971918886073e+002  2.3158650536928008e+002  2.3158649383669081e+002  2.3158646783249378e+002  2.3158646236307368e+002  2.3158646220901028e+002  2.3158646220901028e+002
  2.5516797399993266e+003  1.4064709912736325e+003  2.6142907200797117e+002  2.3929233944342150e+002  2.3784193490451526e+002  2.3714043811712736e+002  2.3713723971927357e+002  2.3713629949353299e+002  2.3713298161982857e+002  2.3713297579144637e+002  2.3713297531882699e+002  2.3713297421081643e+002  2.3713297414214730e+002  2.3713297414214730e+002
  3.0805483181227328e+003  9.5149609541078280e+002  5.2589384199295637e+002  4.8062536431745320e+002  2.9378973708937519e+002  2.8270432812974195e+002  2.8221090248564997e+002  2.8218787724574804e+002  2.8218784799141849e+002  2.8218766088081338e+002  2.8218764241091048e+002  2.8218764235123490e+002  2.8218764235123490e+002  2.8218764235123490e+002
  1.4062922995257664e+004  4.3033152623656224e+002  2.7695658461656831e+002  2.2644475524003383e+002  2.2519210023373080e+002  2.2518649512089405e+002  2.2518644320571912e+002  2.2518637382805309e+002  2.2518637381187955e+002  2.2518637377001960e+002  2.2518636769685918e+002  2.2518636418463484e+002  2.2518636410830550e+002  2.2518636410830550e+002
  4.2017573925577598e+006  3.1579308969574794e+006  1.8801278582265608e+006  1.7252831691096765e+006  1.7245382295748824e+006  1.7245382294297605e+006  1.7245382294297605e+006  1.7245382294297605e+006  1.7245382294297605e+006  1.7245382294297605e+006  1.7245382294297605e+006  1.7245382294297605e+006  1.7245382294297605e+006  1.7245382294297605e+006
  9.7579843259705149e+002  4.0724424981361244e+002  3.4827458137796702e+002  2.4141297363247213e+002  2.4007751706088538e+002  2.4005850459007888e+002  2.4005838448577788e+002  2.4005836519361264e+002  2.4005836376583375e+002  2.4005701843895258e+002  2.4005449603865009e+002  2.4005449498387998e+002  2.4005449498323469e+002  2.4005449498323469e+002
  3.2136106452724434e+003  1.1635891499969052e+003  4.2556797010432592e+002  2.4777643278805863e+002  2.3610286779005492e+002  2.3600527211454619e+002  2.3600455006386301e+002  2.3599908636550117e+002  2.3599907931330199e+002  2.3599907931292682e+002  2.3599907931292682e+002  2.3599907897276444e+002  2.3599907838904801e+002  2.3599907838904801e+002
  1.3584396438568619e+003  3.7124917570005300e+002  3.3015974243844084e+002  2.4889376237699571e+002  2.4757847257301455e+002  2.4756646267368706e+002  2.4756626458630672e+002  2.4756626452925229e+002  2.4756626051072135e+002  2.4756130843618757e+002  2.4755996412168543e+002  2.4755996284862886e+002  2.4755996284429148e+002  2.4755996284429148e+002
  3.4750170602819535e+003  6.3011636369693952e+002  4.4560647533288147e+002  3.1288899293939176e+002  2.7811401718382376e+002  2.5999341517495031e+002  2.5998544565079374e+002  2.5998395936864108e+002  2.5922016430584972e+002  2.5911851218913307e+002  2.5911766666179710e+002  2.5911572395195935e+002  2.5909565272789314e+002  2.5909565272789314e+002
  1.1179194953306665e+003  6.1893014942703758e+002  3.0443179464995728e+002  2.2438691952710997e+002  2.2388949514737851e+002  2.2387986510208884e+002  2.2387970452929630e+002  2.2387959320972914e+002  2.2377286157925437e+002  2.2377228586699312e+002  2.2377220809946493e+002  2.2377218264031944e+002  2.2377218215467292e+002  2.2377218215467292e+002
  1.5560423162625575e+003  8.2115808816537992e+002  3.4884902496983568e+002  2.4167957908229573e+002  2.3880930675610762e+002  2.3877535865382060e+002  2.3877516642277578e+002  2.3877514489704117e+002  2.3877514468288791e+002  2.3877514465044305e+002  2.3877514456380959e+002  2.3877514452860578e+002  2.3877514450405943e+002  2.3877514450405943e+002
  2.9099968714490584e+004  2.4238473250474999e+003  1.2340370625636697e+003  4.6076594960067905e+002  3.0470093458294787e+002  2.8493837372832513e+002  2.8436694536046298e+002  2.8422213897090523e+002  2.8417706745639862e+002  2.8416704502768789e+002  2.8416474290155020e+002  2.8416474274535858e+002  2.8416474267436433e+002  2.8416474267436433e+002
  3.0747161632015714e+003  8.2545836506490286e+002  5.8442948263517246e+002  5.5028122142887696e+002  5.4656123184527632e+002  5.0243521978285435e+002  2.2321105302037813e+002  2.2294577298547347e+002  2.2294521326791983e+002  2.2294112402192150e+002  2.2294076386262441e+002  2.2294076376341854e+002  2.2294076376338171e+002  2.2294076376338171e+002
  2.2539975296686771e+003  7.0753515480693386e+002  3.4869009396390129e+002  3.2381730948501990e+002  2.2923745788640463e+002  2.2633685889805020e+002  2.2632967530193946e+002  2.2632956650292272e+002  2.2632942820714879e+002  2.2632929264311360e+002  2.2632928471901505e+002  2.2632927392305692e+002  2.2632927392305146e+002  2.2632927392305146e+002
  2.0270539469897030e+004  3.7671539776588816e+002  3.3967022742730114e+002  2.7256778428450298e+002  2.3475456451392120e+002  2.3466558624336722e+002  2.3466229623871777e+002  2.3465925469989816e+002  2.3465912657751824e+002  2.3433489691095247e+002  2.3432885271204441e+002  2.3432858994056915e+002  2.3431638311269353e+002  2.3431638311269353e+002
  5.4515163487992686e+003  5.6431501325435511e+002  3.3029913433902129e+002  2.7849698099977832e+002  2.4707236414823456e+002  2.2569952927445729e+002  2.2561019933983380e+002  2.2318631984520425e+002  2.2311061067602941e+002  2.2311056796538787e+002  2.2311056796538787e+002  2.2311056796538787e+002  2.2311056796538787e+002  2.2311056796538787e+002
  4.1610834041698948e+006  3.6060522382296794e+006  3.5566894658232969e+006  3.5540509910732987e+006  3.5540387309853286e+006  3.5540387309800005e+006  3.5540387309800005e+006  3.5540387309800005e+006  3.5540387309800005e+006  3.5540387309800005e+006  4.8969011612882960e+003  3.1065852230964902e+002  2.7120268221439483e+002  2.7120268221439483e+002
  1.5371138440141058e+003  7.7997954729188086e+002  4.0245195172776630e+002  3.6411553397293392e+002  3.4176184748202104e+002  3.3648621451218833e+002  3.3648621451218833e+002  3.3648621451218833e+002  3.3648621451218833e+002  3.3648621451218833e+002  3.3648621451218833e+002  3.3648621451218833e+002  3.3648621451218833e+002  3.3648621451218833e+002
  7.9949320899519444e+003  3.6292473332381260e+003  2.8520075126554912e+002  2.2312380665558658e+002  2.2074304868974559e+002  2.2068333799226366e+002  2.2068322754373276e+002  2.2068321550122846e+002  2.2068321539548015e+002  2.2068321536377516e+002  2.2068321517857521e+002  2.2049376057800191e+002  2.2049265377128131e+002  2.2049265377128131e+002
  2.5772645268862152e+003  7.2295459210294302e+002  5.5380424455297680e+002  5.0059116974365952e+002  4.6344728779525667e+002  2.3930117682026048e+002  2.3804236829094316e+002  2.3804101559059654e+002  2.3803126403477791e+002  2.3689103592897891e+002  2.3333831415170607e+002  2.3329074646434674e+002  2.2990123769899446e+002  2.2990123769899446e+002
  1.1289418206199493e+003  7.1071227580290724e+002  5.2254779582359834e+002  5.0094360655893115e+002  4.9955733153950223e+002  2.9729249709331452e+002  2.9724256423161387e+002  2.9724247948027187e+002  2.9720537009300051e+002  2.9567523361031863e+002  2.7965552981953942e+002  2.7628513119712125e+002  2.7620820368335990e+002  2.7620820368335990e+002
  3.3805502667543315e+003  2.9241356818633167e+003  2.9902408227101841e+002  2.4656532071793981e+002  2.2713300731034451e+002  2.2536417271487608e+002  2.2532590828382490e+002  2.2532581996533827e+002  2.2532581964257361e+002  2.2532581964187784e+002  2.2532581964027804e+002  2.2532581963890880e+002  2.2532581930597598e+002  2.2532581930597598e+002
  2.3239033092527268e+004  1.5300341928984080e+003  9.8459028781182224e+002  6.9001057984592080e+002  4.3262321592431954e+002  2.6126936749388915e+002  2.2880014190048496e+002  2.2652110178237217e+002  2.2651822938940632e+002  2.2651807737182207e+002  2.2650548692270468e+002  2.2650544488765718e+002  2.2650544487752995e+002  2.2650544487752995e+002
  2.1581093347920341e+003  4.5357278640574214e+002  2.7080081003611303e+002  2.3853833500467863e+002  2.3549291333403335e+002  2.3490920282656498e+002  2.3490798181745049e+002  2.3490589486576027e+002  2.3490578803625112e+002  2.3490576813527650e+002  2.3490527490096747e+002  2.3490515789784376e+002  2.3490514690376676e+002  2.3490514690376676e+002
  4.0442962881002150e+003  8.0106689864161626e+002  6.1995085392107285e+002  2.5332339622865311e+002  2.4779897519872111e+002  2.4568757696917055e+002  2.4568498964074979e+002  2.4568356580696309e+002  2.4568276248992015e+002  2.4568128722368238e+002  2.4568083807746734e+002  2.4568082972535694e+002  2.4568082965555550e+002  2.4568082965555550e+002
  1.5377166149334207e+003  9.3477576150270852e+002  5.8169545266500472e+002  4.6657096818837135e+002  4.6030759225380825e+002  2.9001221732903105e+002  2.7224638429132665e+002  2.7069918705999135e+002  2.7069438373125331e+002  2.6725832214533239e+002  2.5501317961262248e+002  2.5259753519935703e+002  2.5246836899281834e+002  2.5246836899281834e+002
  2.8808509836570393e+003  1.3593091760819743e+003  3.9812161011476110e+002  2.8848428873001694e+002  2.2708356324184842e+002  2.2550455552223366e+002  2.2549577005728770e+002  2.2548856598983093e+002  2.2548844436730769e+002  2.2548844414870018e+002  2.2548844378404465e+002  2.2521401463538086e+002  2.2501549321078210e+002  2.2501549321078210e+002
  2.6081673715059696e+003  8.8752055974904215e+002  5.3503577410498747e+002  2.4478220624385403e+002  2.2814774108231222e+002  2.2796737060926034e+002  2.2794464622140777e+002  2.2794463237754280e+002  2.2794463090971385e+002  2.2794463011174594e+002  2.2794463008398179e+002  2.2794463000353244e+002  2.2794462999069856e+002  2.2794462999069856e+002
  1.5689956091299791e+003  7.3299811452619633e+002  6.7162298190462070e+002  2.7329505141430127e+002  2.6371207243915069e+002  2.6276547932711583e+002  2.6272603683992247e+002  2.6272603249623353e+002  2.6272601805917748e+002  2.6272601782396077e+002  2.6272582367347331e+002  2.6272581592847382e+002  2.6272581339329781e+002  2.6272581339329781e+002
  2.1096420643424572e+003  1.6290662086756465e+003  4.1320632820928995e+002  2.9492222456040281e+002  2.6761597796265733e+002  2.6186980858213883e+002  2.5934699183552812e+002  2.5907700964970309e+002  2.5904514705635847e+002  2.5904256715821339e+002  2.5904255601088471e+002  2.5899697285621824e+002  2.5848351223888858e+002  2.5848351223888858e+002
  1.3968348049631040e+003  4.9997161749967199e+002  3.9855785629762158e+002  2.6269210782394111e+002  2.2711299877607235e+002  2.2700573541582798e+002  2.2700568695265201e+002  2.2700558196027441e+002  2.2700557920583333e+002  2.2700557670945682e+002  2.2700553241212947e+002  2.2700463157047216e+002  2.2700449928851458e+002  2.2700449928851458e+002
  1.8151514818423329e+003  6.1176412406029976e+002  5.6138000195449786e+002  5.3252272161553765e+002  3.2955121528386735e+002  2.2674916644868927e+002  2.2657438678625840e+002  2.2656264055453948e+002  2.2655594783067409e+002  2.2655165653939730e+002  2.2654357715299739e+002  2.2652499343350155e+002  2.2652438169316110e+002  2.2652438169316110e+002
  4.4634421949845218e+003  2.7167933893379868e+003  1.7628398266014465e+003  6.2994013173517033e+002  3.7812519281146888e+002  2.2918056536232734e+002  2.2912697429038417e+002  2.2912442192280650e+002  2.2818089975160865e+002  2.2793880117306435e+002  2.2793601152674455e+002  2.2784206703226346e+002  2.2783929697511849e+002  2.2783929697511849e+002
  2.1970338705223912e+003  7.9464648211524081e+002  4.3042518405760438e+002  4.1754045245095540e+002  3.3012487369243081e+002  2.7581408410091854e+002  2.7449812297740846e+002  2.7449548379946054e+002  2.7446278717564701e+002  2.7412349199118580e+002  2.7412304575241615e+002  2.7412303727984226e+002  2.7412280561399621e+002  2.7412280561399621e+002
  3.2461455963690489e+004  8.4792849841815178e+002  2.9083337402128609e+002  2.2775746476091444e+002  2.2493899602252895e+002  2.2489548401619322e+002  2.2489526633551350e+002  2.2489526534896595e+002  2.2489526528610168e+002  2.2489526480275708e+002  2.2489526380440793e+002  2.2489516419971278e+002  2.2489500727638597e+002  2.2489500727638597e+002
  4.9166290796367293e+003  8.3769624848866670e+002  3.6242101923974769e+002  3.1071141701850456e+002  2.9388751171683998e+002  2.8969760839719993e+002  2.8969681128969523e+002  2.8969680306993814e+002  2.8969679241270887e+002  2.8969679200826522e+002  2.8969679200601149e+002  2.8969652865218450e+002  2.8968708410770250e+002  2.8968708410770250e+002
  8.4872424938083486e+002  5.9552876600264699e+002  4.5219636060208450e+002  2.4340764160809567e+002  2.3865172543296330e+002  2.3840565829088109e+002  2.3840432066681706e+002  2.3840430612970795e+002  2.3840363121026803e+002  2.3840322747202663e+002  2.3840318603217838e+002  2.3840317822919815e+002  2.3840295460162770e+002  2.3840295460162770e+002
  2.8982885700994648e+003  5.7151159108541287e+002  3.2890817157795209e+002  2.5525820572677958e+002  2.5017599386382608e+002  2.2269329980648490e+002  2.2248545686612533e+002  2.2248439783536787e+002  2.2248435628987136e+002  2.2248427749597477e+002  2.2248426033980695e+002  2.2248426033682154e+002  2.2248426033651549e+002  2.2248426033651549e+002
  1.5093044374383944e+003  5.7894088092079710e+002  3.0073184392625762e+002  2.3847740251983669e+002  2.3321144220200540e+002  2.3277064320959335e+002  2.3191241997445877e+002  2.3185961534587659e+002  2.3185498547320412e+002  2.3185458148686121e+002  2.3185456227223631e+002  2.3185455952279517e+002  2.3185406229390719e+002  2.3185406229390719e+002
  5.3029727586491208e+002  4.1809198710015608e+002  3.0796634433675990e+002  2.2730597576205582e+002  2.2479135078980607e+002  2.2472707005841949e+002  2.2472686939300411e+002  2.2472685723848235e+002  2.2472685609186419e+002  2.2471705486295741e+002  2.2471598137782166e+002  2.2471589856768014e+002  2.2471589856768014e+002  2.2471589856768014e+002
  6.4654999530044370e+003  1.9898206943861487e+003  7.2537547780434306e+002  6.2439575735428389e+002  5.5155583065699875e+002  4.4001260281778559e+002  3.7679901048824559e+002  3.5674327761312816e+002  3.3299895158131540e+002  2.3762836953656279e+002  2.3683585465179976e+002  2.3681134047435216e+002  2.3645873355280219e+002  2.3645873355280219e+002
  3.0812451509107268e+003  5.5997164032135242e+002  4.8286199761479929e+002  4.0855785212954288e+002  3.0579470573710660e+002  3.0503215347889136e+002  3.0502111601608431e+002  3.0502041827668836e+002  3.0502029894259977e+002  3.0502029893027520e+002  3.0502029887635854e+002  3.0473614893813283e+002  3.0473556071129178e+002  3.0473556071129178e+002
  3.7509382225754134e+003  6.4966535894139270e+002  4.5296730546064464e+002  2.5401380012771187e+002  2.2498795769056233e+002  2.2468908015982652e+002  2.2468832806431510e+002  2.2468830108370548e+002  2.2468750727621591e+002  2.2468743207188936e+002  2.2468742974208499e+002  2.2468742974110228e+002  2.2468742974083625e+002  2.2468742974083625e+002
  1.3265166593595150e+003  9.1847262302916261e+002  4.9013715734119432e+002  3.6915627235460624e+002  2.7126511671630806e+002  2.6538477773787145e+002  2.3002692050628411e+002  2.2837189068872658e+002  2.2837157976372919e+002  2.2837022308598034e+002  2.2837020827623064e+002  2.2837020526231163e+002  2.2837020525530079e+002  2.2837020525530079e+002
  3.1997865354497162e+003  3.1262149941632470e+002  2.7186960787089720e+002  2.6311120269513867e+002  2.6111284309244957e+002  2.5939901662122566e+002  2.5932770695961563e+002  2.5932342477647171e+002  2.5932342087225470e+002  2.5932243330102801e+002  2.5932233948104431e+002  2.5932233866566503e+002  2.5932232910791799e+002  2.5932232910791799e+002
  1.7290382021244186e+003  6.9666380748672145e+002  4.3206035466849926e+002  2.5511339935253136e+002  1.9609982808481072e+002  1.9030233208673280e+002  1.9030231791381402e+002  1.9030231421325243e+002  1.9030231421113513e+002  1.9030231420598921e+002  1.9030231386148944e+002  1.9030230733300687e+002  1.9030149131229655e+002  1.9030149131229655e+002
  7.3057812672840664e+003  4.6249584190442556e+002  3.4748086737058293e+002  2.6018081237842398e+002  2.5491816824784837e+002  2.5106476581576726e+002  2.3499794963661407e+002  2.3415386395311634e+002  2.3415094882288940e+002  2.3414764242557158e+002  2.3411822063903264e+002  2.3409663298802570e+002  2.3409618564117409e+002  2.3409618564117409e+002
  1.6861050363776940e+003  5.0342511239971782e+002  4.1838504526953511e+002  3.1891240213495485e+002  2.3464549820501634e+002  2.3150664164290674e+002  2.1936034537998694e+002  2.1924277607237309e+002  2.1924259459522091e+002  2.1924259041486857e+002  2.1924257098864473e+002  2.1883551747026877e+002  2.1883169483750135e+002  2.1883169483750135e+002
