  6.1748061538382542e+008  2.1630224319517130e+008  1.1746394204626246e+008  4.4893377016061455e+007  1.6444074679502394e+007  5.2739723519442333e+006  2.9463190093173343e+006  2.4903176158940755e+006  1.9480499985104757e+006  1.6946493902058429e+006  1.0619321945191480e+006  9.2194541312439099e+005  8.6498510390770226e+005  8.6498510390770226e+005
  2.0831377508643907e+008  6.7706825474355385e+007  4.9015070864196852e+007  3.7330841362302408e+007  8.4672655568665341e+006  3.0877394441815498e+006  1.5516382464432865e+006  1.3311480461425700e+006  1.0178138627978831e+006  8.4807017629621318e+005  7.6571765735180501e+005  6.6908716357731586e+005  5.7475391431130073e+005  5.7475391431130073e+005
  5.7472469185384500e+008  2.1878418234850198e+008  1.5191680762359414e+008  7.8361368384259567e+007  2.6591668242161419e+007  5.0004959551413041e+006  2.0799514911261713e+006  1.5002998508642644e+006  1.3145247597333088e+006  1.1256742347068670e+006  1.0746044315028191e+006  1.0351812468569455e+006  9.9184338385658234e+005  9.9184338385658234e+005
  3.4611873274088603e+008  1.5511589814962310e+008  1.0490736759688379e+008  5.6085377063605480e+007  1.1247098547539171e+007  5.8011478320021825e+006  4.3320690332127651e+006  3.0856099326963765e+006  2.4296276812717989e+006  1.5756039442299886e+006  1.2452824456817543e+006  9.1187864572613407e+005  7.0844750923192559e+005  7.0844750923192559e+005
  5.4764987886702371e+008  2.5957955985089582e+008  1.7883001648690975e+008  8.6745743579375237e+007  2.9155933948686790e+007  1.5932787066705363e+007  5.6125213748002127e+006  2.5436875549571691e+006  1.8730145894979059e+006  1.3095047051571792e+006  1.1542035053109205e+006  9.6113860342893307e+005  7.2246138124573301e+005  7.2246138124573301e+005
  3.3921348219919735e+008  1.3382665056255421e+008  9.0785961433207616e+007  2.8452365323019836e+007  8.9936134322888628e+006  4.1717682782671400e+006  2.0477771368043681e+006  1.2235246298227191e+006  8.9587476620353025e+005  7.6930139289551845e+005  6.7479490063489939e+005  6.2112914628179569e+005  5.8686874492385751e+005  5.8686874492385751e+005
  6.6581128561678600e+008  3.4445543743311751e+008  2.4429531613720086e+008  1.0604633345148957e+008  1.7368640630761638e+007  6.7662950642475672e+006  5.1097607567962753e+006  4.2632306484055696e+006  3.3206292830388560e+006  2.1206783957238523e+006  1.6666807246915153e+006  1.5021722303650272e+006  1.4132788818230401e+006  1.4132788818230401e+006
  3.2041783720797223e+008  9.7350369457933158e+007  6.2853722639692716e+007  2.6648046722134985e+007  1.1734682109102083e+007  3.4604539652293972e+006  2.4231585274785883e+006  1.5399584391775832e+006  1.2858823640467902e+006  1.1759102610316423e+006  1.0064895120293752e+006  7.8230151394835778e+005  7.1947616782284516e+005  7.1947616782284516e+005
  6.3439671927533531e+008  1.7749058566821578e+008  8.5544680296275690e+007  4.6422400114107281e+007  1.3758631231993631e+007  4.9911145061260760e+006  2.1855764329252709e+006  1.5533600446578404e+006  1.0316467705669811e+006  6.3238973098814196e+005  5.6941787880457588e+005  5.0206934633509465e+005  3.8228168784658652e+005  3.8228168784658652e+005
  6.9651412751743436e+008  2.7243478647630870e+008  1.8083190171358311e+008  7.1973018031741023e+007  1.4293253578825189e+007  2.9635330503470236e+006  2.0283944116606710e+006  1.7922918906337419e+006  1.7193549990068725e+006  1.1267195323696421e+006  9.0404707722962205e+005  8.7426703267723322e+005  8.4519851619892486e+005  8.4519851619892486e+005
  4.9939684092908704e+008  1.4855686415026730e+008  5.9524608288328320e+007  3.0040975416419145e+007  7.6789105119215688e+006  3.6040941785441292e+006  2.3254650243636779e+006  1.0743778900094270e+006  7.5773487611449661e+005  5.5932336631234840e+005  4.7329147223149828e+005  4.0841618926863122e+005  3.3777644470989401e+005  3.3777644470989401e+005
  8.6777857796207154e+008  3.5492145021903253e+008  1.9773549684073269e+008  1.3389619779151641e+008  2.5921234905304041e+007  8.0523001843464365e+006  4.1750365427460657e+006  2.8217906313005341e+006  2.4298215805742186e+006  1.6850792295036947e+006  1.4680270924729202e+006  1.1159218653859221e+006  7.3926851488853013e+005  7.3926851488853013e+005
  5.1685017822777164e+008  1.9669695246687073e+008  1.2869196275719883e+008  8.4060594914895877e+007  2.3749529543569013e+007  6.0567739291617805e+006  4.3379590427002730e+006  2.9624285560164838e+006  2.2694176091802442e+006  1.7909749304661823e+006  1.4956858268338460e+006  1.3725320247272947e+006  1.2638857629204269e+006  1.2638857629204269e+006
  4.5729850327559340e+008  9.7095939841045395e+007  5.2411222766121306e+007  3.4261884272704504e+007  2.0490751310418084e+007  5.8485045959922699e+006  4.4044908189408090e+006  1.8734369451779681e+006  1.0950364949693461e+006  8.0771389135169704e+005  7.3308995888001018e+005  6.7928746185774880e+005  6.3749086935005942e+005  6.3749086935005942e+005
  4.5394987223856258e+008  8.1764532191348076e+007  3.3047964592792481e+007  2.2341060816739291e+007  5.6490716926673632e+006  3.8670051212218385e+006  2.7214359843229749e+006  2.2227813582798219e+006  1.9756120217392852e+006  1.6370261200919850e+006  1.4448214048432386e+006  1.3723832043466843e+006  1.0937316898100309e+006  1.0937316898100309e+006
  7.3425162213574588e+008  2.0644611859856585e+008  6.6275302638738848e+007  2.6255681643285859e+007  6.5621593867191346e+006  3.2659892802633420e+006  1.9305595289969274e+006  1.3233133297856092e+006  8.7344031914825283e+005  7.0195244715313450e+005  5.4863626219083811e+005  4.7080358520693053e+005  4.2135204223524424e+005  4.2135204223524424e+005
  4.9393530551707691e+008  2.3514313946422580e+008  1.1888827578890683e+008  6.2205818493612863e+007  1.7748397472768839e+007  5.7577490165624423e+006  3.9159445972522423e+006  2.8507872549008038e+006  2.6109054494909765e+006  2.3134410008633262e+006  2.1120913502200753e+006  1.9797199846928811e+006  1.8454714430784516e+006  1.8454714430784516e+006
  4.6740729957068288e+008  1.5371912702640787e+008  9.9747689170750603e+007  4.7923137177043773e+007  2.2754463484107960e+007  9.4877629641594402e+006  6.4520270399540691e+006  4.1835582012591162e+006  2.5732111183009124e+006  2.1952378133523869e+006  1.9769624666325646e+006  1.4508083307003486e+006  1.2899404375324198e+006  1.2899404375324198e+006
  4.7774944630074036e+008  1.7070825206110671e+008  1.2764373449909683e+008  5.9444775943601817e+007  8.4822130203510243e+006  2.5832255834753630e+006  1.8660031771674638e+006  1.7207333046904982e+006  1.4830874816307232e+006  1.3118325905170867e+006  7.6380645397798100e+005  5.1665273584562360e+005  4.6339955008651648e+005  4.6339955008651648e+005
  8.1827329883980286e+008  1.8558645014325947e+008  8.8713385787670448e+007  4.6569036880367793e+007  1.7430632164827738e+007  5.5550553779407768e+006  4.5952620163622778e+006  4.2267977457551705e+006  2.6301503297192017e+006  1.8678529961777453e+006  1.6338204601073256e+006  9.0890045313265547e+005  8.1815959406243986e+005  8.1815959406243986e+005
  7.6926529696071279e+008  3.0804883362884378e+008  1.0411785786031598e+008  5.0854218174573749e+007  1.5134102008122714e+007  5.0956767296191929e+006  3.4084058736931714e+006  2.8366841825958812e+006  1.8362549913524997e+006  1.4781456386571033e+006  1.0984731136995184e+006  6.1695428220997239e+005  4.5587771422516485e+005  4.5587771422516485e+005
  7.0752384645147562e+008  2.3084823357890633e+008  1.2578354744301525e+008  3.7229485393625416e+007  1.5345475816248586e+007  6.2976931213210374e+006  5.1855600196034564e+006  4.1585292279133406e+006  1.4840336057802611e+006  1.0363086697353399e+006  8.8635395658349979e+005  8.2263864673125383e+005  7.7513275429005909e+005  7.7513275429005909e+005
  6.5858720968337262e+008  3.0927343712821972e+008  1.9488327988055807e+008  5.8344402596584059e+007  1.4673106704353452e+007  3.9118294955458362e+006  2.2483454493373754e+006  1.7479950045973274e+006  1.3378825168839039e+006  8.2077021768125286e+005  6.7823117335901549e+005  6.2822914818336046e+005  6.0424307008669013e+005  6.0424307008669013e+005
  3.7649273993691152e+008  1.6408885519452423e+008  5.3291032037487559e+007  2.8733331358737305e+007  1.2848897507660598e+007  4.5709659322081050e+006  1.4920673240415354e+006  8.6486003712826280e+005  6.5393465115861292e+005  5.2533715177988040e+005  4.7510816436996078e+005  4.4709201597449917e+005  4.1245550165259198e+005  4.1245550165259198e+005
  4.4358503404726833e+008  1.4915920977603987e+008  5.7723912639992304e+007  2.8344143441725925e+007  1.5201667499940896e+007  7.6855764430003986e+006  2.5297741703424831e+006  1.4942216147619036e+006  1.0586171324355265e+006  9.2272607433919527e+005  8.5535793987211818e+005  7.8524074872697250e+005  7.0183931301154662e+005  7.0183931301154662e+005
  6.7165659358766568e+008  2.4817056684691286e+008  1.4105995805727419e+008  5.8985817625205830e+007  2.2056843833495706e+007  5.4139261780831199e+006  2.7452587332661892e+006  1.8305127931223563e+006  1.2464116959334719e+006  9.9505220571991417e+005  8.7982419660049386e+005  7.4151761520440853e+005  5.9241403601348295e+005  5.9241403601348295e+005
  6.8737039951999557e+008  2.6327965511811563e+008  1.3851514809099233e+008  7.6682797107081190e+007  1.1986632785310129e+007  5.1878530706859482e+006  3.7186694768435881e+006  3.1328870508234948e+006  2.5954206289166948e+006  2.0649944007474775e+006  1.8914022098344234e+006  1.7882159603783214e+006  1.6760453657589881e+006  1.6760453657589881e+006
  4.2782359917114908e+008  1.6498528649493155e+008  1.2851685580281569e+008  9.1493406799401283e+007  2.9788334701711975e+007  5.5446063564268956e+006  3.7676759257099628e+006  3.1683465896905009e+006  2.8868766216226043e+006  2.6291227720831735e+006  2.5736733138029110e+006  2.2469523461864493e+006  1.9965161368379598e+006  1.9965161368379598e+006
  3.6640659647377628e+008  1.8563500358261612e+008  1.3628748626498660e+008  5.5880128248114556e+007  2.7914201019148480e+007  2.0663599819730967e+007  2.4105027865943834e+006  1.2527197076137937e+006  9.0048076803265256e+005  7.9861629364081018e+005  6.4768124479137186e+005  6.1346900947656913e+005  5.7597681070373452e+005  5.7597681070373452e+005
  8.0095168451605189e+008  2.2984342190736642e+008  1.4157536845707998e+008  7.4789105052098081e+007  1.9934011733357221e+007  6.2179342551764483e+006  3.3121145020792815e+006  2.2209360299502709e+006  1.9266055103425432e+006  1.7636835993838303e+006  1.2978538661143079e+006  1.1828207130486812e+006  1.0181975127116692e+006  1.0181975127116692e+006
  8.0272265491215968e+008  3.9478492366367346e+008  1.7922159933048666e+008  3.7443514599347696e+007  1.6214840126135202e+007  6.2056667271138281e+006  2.4395000692252624e+006  1.4514037820087711e+006  1.0878826219591761e+006  9.4943733535828569e+005  8.5827592473365716e+005  6.6633961815090082e+005  5.5873944152282807e+005  5.5873944152282807e+005
  9.8730520889478993e+008  2.7482028772519475e+008  1.0807142184979407e+008  2.7358663092497803e+007  9.3407060082465876e+006  4.7836919028726751e+006  3.5018492947431877e+006  2.3980861811426054e+006  1.5583808619425944e+006  1.2714807948594457e+006  1.1278026929912746e+006  9.6924557777423668e+005  8.4621055017716577e+005  8.4621055017716577e+005
  7.2785748775997865e+008  2.0686657316029143e+008  1.4604754554245657e+008  4.4097298609365411e+007  1.1864049115578696e+007  3.1051484644356035e+006  2.2884150238549858e+006  1.5847446225382350e+006  1.2853206190966684e+006  1.1129113772422357e+006  9.9707884014080523e+005  9.1938415834957501e+005  8.4114451865460793e+005  8.4114451865460793e+005
  6.0472741026643479e+008  1.7370691927312455e+008  6.5814153600004613e+007  1.7078866924280487e+007  6.0333701834872561e+006  4.1116926789481812e+006  2.6841748232657989e+006  2.2294799201060557e+006  1.5219780667954518e+006  1.2483342664053272e+006  1.1434441437697322e+006  1.0794110821677183e+006  1.0405233855816611e+006  1.0405233855816611e+006
  4.0785881939317870e+008  2.0172693120429090e+008  1.0040902742091247e+008  5.3870233112843767e+007  2.2320245414709330e+007  4.1507963863665126e+006  2.9919852575307577e+006  2.2058957938035359e+006  2.0651143195489079e+006  1.9222962998351138e+006  1.7728710873265481e+006  1.6432678602439219e+006  1.5530321367516916e+006  1.5530321367516916e+006
  1.0100700539818025e+009  3.7408407650115156e+008  2.3502498220825705e+008  1.2989959933753984e+008  4.6402407435565747e+007  7.9007571539581995e+006  3.8887848848500126e+006  3.3152324288866385e+006  2.7902351000620592e+006  1.8779121063889638e+006  1.6725025701239235e+006  1.5616983514537052e+006  1.3296947342549001e+006  1.3296947342549001e+006
  7.7123448635086799e+008  2.5186267114639923e+008  9.4854707375023544e+007  3.6253478397228487e+007  1.0813444500979448e+007  2.9371923145977138e+006  1.1406156751923987e+006  1.0110273225709897e+006  9.3537897397869325e+005  8.8217247720199416e+005  7.9076857265506079e+005  7.0550527416595595e+005  6.4085627441556903e+005  6.4085627441556903e+005
  3.6386013000076503e+008  1.9239889112825313e+008  1.3033453236970507e+008  4.5665117408993341e+007  2.5464181257658418e+007  6.7347239264443219e+006  4.0707804105884288e+006  2.8052535776769514e+006  2.3333006173265553e+006  1.8190759759033285e+006  1.6878578659105694e+006  1.6294847068646830e+006  1.5741902148512122e+006  1.5741902148512122e+006
  7.2385482469516957e+008  1.7678622595472586e+008  9.5037661780475214e+007  5.7093039672703668e+007  2.2332672444978580e+007  6.7924769339202028e+006  4.7571440607360536e+006  3.7811853351615234e+006  3.3464561637911941e+006  1.6613525296439563e+006  9.1727932538102451e+005  7.8281861469683610e+005  6.2993385560005542e+005  6.2993385560005542e+005
  4.6227565894326431e+008  1.3183957839746305e+008  9.3925897975586280e+007  3.6769512282586418e+007  9.5057253555982914e+006  3.7786932720331931e+006  2.8375074568482880e+006  2.3680308800869430e+006  2.1697291949999901e+006  1.9837245556957081e+006  1.5956212529665567e+006  1.4144825558981469e+006  1.2004402287436484e+006  1.2004402287436484e+006
  6.5789856548012257e+008  2.3343989225210142e+008  9.8785951268031016e+007  3.5760125643872045e+007  8.5216002450376153e+006  2.8710739548733286e+006  2.0006260913162469e+006  1.6773724101360925e+006  1.4866021769529763e+006  1.3876983401860888e+006  1.3281122091924455e+006  1.2417664000117776e+006  1.1404247014899002e+006  1.1404247014899002e+006
  4.4776699826439607e+008  2.5160582360777926e+008  1.7141695034773636e+008  1.1223024106987517e+008  1.4944455380223788e+007  6.4517118422727566e+006  3.7065949263656447e+006  2.8037820353206564e+006  1.9011209966345853e+006  7.5289542893349624e+005  5.7812752074867603e+005  4.7175568088689819e+005  3.6181287776744232e+005  3.6181287776744232e+005
  3.6374285376695788e+008  2.1944724701119423e+008  1.6376072892422384e+008  5.4616856000313088e+007  2.0489645638794132e+007  6.3570350983513258e+006  3.4156031088941940e+006  2.0246729752342391e+006  1.4412107709185455e+006  9.4990692673456063e+005  8.3918574823267630e+005  7.5149434711694776e+005  6.0410662541877490e+005  6.0410662541877490e+005
  6.4250704391492558e+008  2.6906036887732697e+008  1.6988631863865560e+008  6.7602345466174349e+007  1.6991117453777954e+007  3.3414326609592531e+006  1.5186842307625099e+006  1.0032334390590253e+006  7.4880875542652211e+005  5.9324782564322266e+005  5.5510974691840750e+005  4.9355474450782954e+005  4.6438717534804845e+005  4.6438717534804845e+005
  5.4548268851948655e+008  2.3447833845082971e+008  8.9426128264013827e+007  3.3446668573903564e+007  1.1435838296970725e+007  2.9621427531484035e+006  1.8542724779159811e+006  1.2277729178590931e+006  9.0534869053742639e+005  7.1748163040258153e+005  6.5388364763227839e+005  6.0509543018434546e+005  5.1821466010297003e+005  5.1821466010297003e+005
  7.5390891459088135e+008  2.4711524939187378e+008  1.3444297148098445e+008  2.8707245761715557e+007  9.6002579660677370e+006  4.8446736325106295e+006  2.8566095981784579e+006  1.9608401754231909e+006  1.4374574207213346e+006  1.1175521286118696e+006  1.0618951208157977e+006  1.0257358033673720e+006  9.6813756169206987e+005  9.6813756169206987e+005
  9.1735502105768287e+008  2.3338816457362893e+008  1.1411387333079663e+008  4.4185903770928279e+007  1.2538312970406881e+007  2.5526904070445523e+006  1.8229762017226035e+006  1.0242579064964162e+006  7.3554130181699677e+005  5.8391047341088450e+005  4.8187283346427628e+005  4.1790854584069259e+005  3.4293043203262653e+005  3.4293043203262653e+005
  6.7996538436891961e+008  2.9382764037391657e+008  1.4276195155048689e+008  6.3073531504446194e+007  3.6053313653128408e+007  8.4675104666269496e+006  3.2095680806792732e+006  2.3936335477205301e+006  1.6536560122996054e+006  1.4965472735236767e+006  1.1933667652452942e+006  1.0244390395632443e+006  9.6485800402475148e+005  9.6485800402475148e+005
  9.3519558082824397e+008  3.1605856398950917e+008  1.0922537856710875e+008  1.8565713410588045e+007  7.2356781161810206e+006  3.4741501754830349e+006  2.7620818955267528e+006  2.1721468853842141e+006  1.8503104278152934e+006  1.4911531657749703e+006  1.0677678740875169e+006  7.7064294827409845e+005  6.4641411773212324e+005  6.4641411773212324e+005
  6.1364224186233079e+008  2.1099322380837199e+008  1.3699211298010728e+008  4.4819599464649916e+007  1.2265216350755706e+007  3.7716444050031528e+006  1.8195091011871479e+006  1.1279587920241933e+006  8.9199038031673746e+005  6.9624193602539483e+005  6.2064197655745433e+005  5.6058962570346170e+005  4.3126383795070800e+005  4.3126383795070800e+005
  4.7419944033450037e+008  1.5060707633584711e+008  6.4129168531320482e+007  3.3824483892569169e+007  1.1497483945600882e+007  3.9098491067172787e+006  2.9936117904234580e+006  2.3413794016754632e+006  1.7767964757141231e+006  1.5719636850506293e+006  1.4877413297565484e+006  1.3456118204515290e+006  1.1837637396115412e+006  1.1837637396115412e+006
