  1.1795159795462314e+002  5.4278552107204177e+001  2.1698244637393373e+001  4.2065006521534087e-001  3.2842546240408410e-001  3.2842546240408410e-001  3.2842546240408410e-001  3.2842546240408410e-001  3.2842546240408410e-001  3.2842546240408410e-001  3.2842546240408410e-001  3.2842546240408410e-001  3.2842546240408410e-001  3.2842546240408410e-001
  1.5054542872214688e+002  5.9571823959034646e+001  2.9377582458758070e+001  1.0023258786195584e+000  4.1714270838883749e-001  4.1682957998614256e-001  4.1469000634265285e-001  4.1304467864688377e-001  4.1304467864688377e-001  4.1304467864688377e-001  4.1304467864688377e-001  4.1304467864688377e-001  4.1304467864688377e-001  4.1304467864688377e-001
  1.3702164998761464e+002  5.6364947810900048e+001  2.6553658623744695e+001  1.1487325874161343e+000  1.0921849373432906e+000  1.0718271219604958e+000  1.0718271219604958e+000  1.0718271219604958e+000  1.0718197000398959e+000  1.0677268384874878e+000  1.0677268384874878e+000  1.0677268384874878e+000  1.0677268384874878e+000  1.0677268384874878e+000
  1.4289430743433854e+002  4.4440370993835131e+001  1.9096571506510600e+001  4.0061385206968225e-001  3.2678742180883091e-001  3.2288956267348112e-001  3.2288956267348112e-001  3.2288956267348112e-001  3.2288956267348112e-001  3.2288956267348112e-001  3.2288956267348112e-001  3.2288956267348112e-001  3.2288956267348112e-001  3.2288956267348112e-001
  1.4729557736824904e+002  5.3837535896738018e+001  2.3206045726642742e+001  1.2599187207404157e+000  1.1605904220107277e+000  1.1332628727045631e+000  1.1199477490758909e+000  1.1199477490758909e+000  1.1199477490758909e+000  1.1199477490758909e+000  1.1199477490758909e+000  1.1199477490758909e+000  1.1199477490758909e+000  1.1199477490758909e+000
  1.0876442948276758e+002  4.0080864339091704e+001  1.4136946997455198e+001  3.2205658786415370e-001  2.5960792764817597e-001  2.5127845504653123e-001  2.5127845504653123e-001  2.5127845504653123e-001  2.5127845504653123e-001  2.5127845504653123e-001  2.5127845504653123e-001  2.5127845504653123e-001  2.5127845504653123e-001  2.5127845504653123e-001
  1.7886988323668470e+002  7.4642105339951286e+001  3.1142760630182011e+001  1.5412898928226241e+001  3.8451248602996202e-001  3.7486948113564722e-001  3.6679500091781847e-001  3.6679500091781847e-001  3.6679500091781847e-001  3.6679500091781847e-001  3.6679500091781847e-001  3.6679500091781847e-001  3.6679500091781847e-001  3.6679500091781847e-001
  1.6025240024385744e+002  5.3046999227148262e+001  2.7332707627613672e+001  1.0511438015737440e+000  8.9764419339212509e-001  8.9109436118019403e-001  8.9109436118019403e-001  8.9005867862783816e-001  8.9005867862783816e-001  8.9005867862783816e-001  8.9005867862783816e-001  8.9005867862783816e-001  8.9005867862783816e-001  8.9005867862783816e-001
  1.9442100396888031e+002  6.2548133825427612e+001  2.4798024827148538e+001  5.1870714367100845e-001  4.0443540582305104e-001  3.7857302125098613e-001  3.7857302125098613e-001  3.7857302125098613e-001  3.7857302125098613e-001  3.7857302125098613e-001  3.7857302125098613e-001  3.7857302125098613e-001  3.7857302125098613e-001  3.7857302125098613e-001
  1.4791974339600119e+002  5.7720489795616459e+001  2.3793743244414827e+001  8.9673332510551518e-001  8.3760988765266120e-001  8.2552069592134103e-001  8.2552069592134103e-001  8.2552069592134103e-001  8.2087510774385919e-001  8.2018989363768924e-001  8.2018989363768924e-001  8.2018989363768924e-001  8.2018989363768924e-001  8.2018989363768924e-001
  1.4913178766659576e+002  4.6964682272826167e+001  2.3468889155244142e+001  1.2955377738655898e+000  9.5517497904711490e-001  9.4108705708822527e-001  9.3988882374537752e-001  9.3978536511599486e-001  9.3978536511599486e-001  9.3978536511599486e-001  9.3978536511599486e-001  9.3978536511599486e-001  9.3978536511599486e-001  9.3978536511599486e-001
  1.7090681421581803e+002  6.3580901941926186e+001  2.7664585307040170e+001  5.5724088472379663e-001  3.3672634460276640e-001  3.3672634460276640e-001  3.2757641343437172e-001  3.2757641343437172e-001  3.2496926181147501e-001  3.2346688082225228e-001  3.2346688082225228e-001  3.2346688082225228e-001  3.2346688082225228e-001  3.2346688082225228e-001
  1.5452246620033975e+002  5.2845122625037902e+001  2.2463450097444138e+001  3.8545819057185327e-001  3.0905378820398255e-001  3.0767500336128251e-001  3.0352131467952859e-001  3.0181700138791712e-001  3.0155221087761674e-001  3.0155221087761674e-001  3.0155221087761674e-001  3.0155221087761674e-001  3.0155221087761674e-001  3.0155221087761674e-001
  1.1981999761982615e+002  4.6777421629395349e+001  2.3475408906327175e+001  3.9773179785697721e-001  3.9698790094303149e-001  3.8967910384940296e-001  3.8737175545156788e-001  3.8737175545156788e-001  3.8737175545156788e-001  3.8737175545156788e-001  3.8737175545156788e-001  3.8737175545156788e-001  3.8737175545156788e-001  3.8737175545156788e-001
  1.5713992039859886e+002  6.1623791561676398e+001  2.4210463047530311e+001  1.0367578338912153e+000  9.6241284512439051e-001  9.6078226536155853e-001  9.6078226536155853e-001  9.5918344602637262e-001  9.5918344602637262e-001  9.5775589694835617e-001  9.5775589694835617e-001  9.5775589694835617e-001  9.5775589694835617e-001  9.5775589694835617e-001
  1.0460802192231381e+002  3.2788207776063928e+001  1.4554870637342219e+001  3.8747400770853346e-001  3.7449532333243951e-001  3.7023180347205198e-001  3.6858644716335220e-001  3.6858644716335220e-001  3.6858644716335220e-001  3.6858644716335220e-001  3.6858644716335220e-001  3.6858644716335220e-001  3.6858644716335220e-001  3.6858644716335220e-001
  1.2763866055390918e+002  4.2561051881183630e+001  1.4080473801196376e+001  3.4632780463016388e-001  3.1165613132566250e-001  3.0422339754409222e-001  3.0323343976874639e-001  3.0323343976874639e-001  3.0323343976874639e-001  3.0323343976874639e-001  3.0323343976874639e-001  3.0323343976874639e-001  3.0323343976874639e-001  3.0323343976874639e-001
  1.8964985501456908e+002  6.8194164589034472e+001  2.8585881384031836e+001  4.9988470417156350e-001  3.6523870961627836e-001  3.6523870961627836e-001  3.6441969903626159e-001  3.6441969903626159e-001  3.5997341138613592e-001  3.5997341138613592e-001  3.5997341138613592e-001  3.5997341138613592e-001  3.5997341138613592e-001  3.5997341138613592e-001
  1.0558866907264360e+002  3.9809500085597165e+001  2.2319516003315130e+001  3.9782825185830006e-001  3.5484333863360007e-001  3.3971965603291210e-001  3.3819547927964777e-001  3.3819547927964777e-001  3.3819547927964777e-001  3.3819547927964777e-001  3.3819547927964777e-001  3.3819547927964777e-001  3.3819547927964777e-001  3.3819547927964777e-001
  1.4207053838893785e+002  5.4087895255725471e+001  2.8192189027069844e+001  4.2366523866553507e-001  3.6102256015965395e-001  3.5149983142991914e-001  3.4906528911574242e-001  3.4906528911574242e-001  3.4906528911574242e-001  3.4906528911574242e-001  3.4906528911574242e-001  3.4906528911574242e-001  3.4906528911574242e-001  3.4906528911574242e-001
  1.3893454829073903e+002  4.8161266889234867e+001  1.6737994147279096e+001  9.7950810634165464e-001  9.3382341945675762e-001  9.2921212244868912e-001  9.2921212244868912e-001  9.2921212244868912e-001  9.2921212244868912e-001  9.2921212244868912e-001  9.2921212244868912e-001  9.2921212244868912e-001  9.2921212244868912e-001  9.2921212244868912e-001
  1.6522379898209829e+002  4.5466420538876037e+001  2.0592788273266478e+001  4.1253643207119239e-001  3.5223712648144101e-001  3.4208723239544270e-001  3.4208723239544270e-001  3.4208723239544270e-001  3.4208723239544270e-001  3.4208723239544270e-001  3.4208723239544270e-001  3.4208723239544270e-001  3.4208723239544270e-001  3.4208723239544270e-001
  1.4076612141039664e+002  4.0344971034335003e+001  1.3290194868884100e+001  1.0836528642350913e+000  1.0694005657587695e+000  1.0075995830507054e+000  9.8442450110269419e-001  9.8442450110269419e-001  9.8442450110269419e-001  9.8442450110269419e-001  9.8442450110269419e-001  9.8442450110269419e-001  9.8442450110269419e-001  9.8442450110269419e-001
  1.1989223138565194e+002  4.1421901379947258e+001  1.9346244742759382e+001  3.6903973465769013e-001  3.2688225336096366e-001  3.2583931128601762e-001  3.1909595643764987e-001  3.1909595643764987e-001  3.1909595643764987e-001  3.1909595643764987e-001  3.1909595643764987e-001  3.1909595643764987e-001  3.1909595643764987e-001  3.1909595643764987e-001
  1.7305423716230280e+002  6.2871416820643162e+001  3.1785875905422699e+001  4.5052767069751098e-001  3.5153786897376449e-001  3.4475995505272294e-001  3.4475995505272294e-001  3.4475995505272294e-001  3.4475995505272294e-001  3.4475995505272294e-001  3.4475995505272294e-001  3.4475995505272294e-001  3.4475995505272294e-001  3.4475995505272294e-001
  1.4373499765644874e+002  5.0683969946921252e+001  1.3884998458708878e+001  9.4965966131712776e-001  8.9263660911046827e-001  8.8003814409762526e-001  8.8003814409762526e-001  8.8003814409762526e-001  8.8003814409762526e-001  8.8003814409762526e-001  8.8003814409762526e-001  8.8003814409762526e-001  8.8003814409762526e-001  8.8003814409762526e-001
  1.6942515738038901e+002  7.9475641236676893e+001  3.9262171898750921e+001  1.4090508451647565e+001  9.2018722379316387e-001  8.9088046192478032e-001  8.8686912039975141e-001  8.8686912039975141e-001  8.8686912039975141e-001  8.8686912039975141e-001  8.8686912039975141e-001  8.8686912039975141e-001  8.8686912039975141e-001  8.8686912039975141e-001
  1.2690780326851927e+002  4.4248555750192736e+001  1.9480677782771181e+001  4.0726134925557744e-001  3.8453585250090327e-001  3.7971213924561198e-001  3.7664636938734475e-001  3.7640318801913963e-001  3.7640318801913963e-001  3.7640318801913963e-001  3.7640318801913963e-001  3.7640318801913963e-001  3.7640318801913963e-001  3.7640318801913963e-001
  1.1395763312869053e+002  4.9874074174405905e+001  1.9797195594267123e+001  2.9244615793459161e-001  2.6091731750443614e-001  2.4749256143331877e-001  2.3340817393500402e-001  2.3340817393500402e-001  2.3340817393500402e-001  2.3340817393500402e-001  2.3340817393500402e-001  2.3340817393500402e-001  2.3340817393500402e-001  2.3340817393500402e-001
  1.6331604009900252e+002  5.5738281363000851e+001  2.3760264539572290e+001  5.0714185499396081e-001  3.9806283277016519e-001  3.8936239934764671e-001  3.8936239934764671e-001  3.8936239934764671e-001  3.8936239934764671e-001  3.8936239934764671e-001  3.8936239934764671e-001  3.8936239934764671e-001  3.8936239934764671e-001  3.8936239934764671e-001
  1.3808182959523924e+002  5.4055150632208097e+001  2.3545999030386611e+001  4.3075429909504237e-001  4.1337974552175183e-001  4.0104518623138574e-001  3.9704656128856186e-001  3.9704656128856186e-001  3.9704656128856186e-001  3.9704656128856186e-001  3.9704656128856186e-001  3.9704656128856186e-001  3.9704656128856186e-001  3.9704656128856186e-001
  1.3862201700893092e+002  4.6987187508129182e+001  2.4590528620993609e+001  1.3327705190472443e+000  1.1834059794941822e+000  1.1634120176265697e+000  1.1487174501419304e+000  1.1487174501419304e+000  1.1454720856891072e+000  1.1454720856891072e+000  1.1454720856891072e+000  1.1454720856891072e+000  1.1454720856891072e+000  1.1454720856891072e+000
  1.6798660613449897e+002  5.9887696160968289e+001  2.4231794696194356e+001  1.1064580931702039e+000  1.0628833367250081e+000  1.0351085735633205e+000  1.0351085735633205e+000  1.0288113544074804e+000  1.0288113544074804e+000  1.0288113544074804e+000  1.0288113544074804e+000  1.0288113544074804e+000  1.0288113544074804e+000  1.0288113544074804e+000
  1.4784241822840841e+002  6.0959799022129346e+001  1.9007148114658776e+001  4.0877938096241451e-001  3.1865056631022526e-001  3.0040289074077009e-001  3.0040289074077009e-001  3.0040289074077009e-001  3.0040289074077009e-001  3.0040289074077009e-001  3.0040289074077009e-001  3.0040289074077009e-001  3.0040289074077009e-001  3.0040289074077009e-001
  1.5243797529111998e+002  7.5623267646534259e+001  3.6920846241307117e+001  4.4136276404583441e-001  3.0124748549565084e-001  3.0124748549565084e-001  2.9789889356607091e-001  2.9789889356607091e-001  2.9789889356607091e-001  2.9789889356607091e-001  2.9789889356607091e-001  2.9789889356607091e-001  2.9789889356607091e-001  2.9789889356607091e-001
  1.8483076329292771e+002  7.7725543736170494e+001  3.5658099270894581e+001  1.3027811059125725e+000  1.1802066670782096e+000  9.7078400872601378e-001  9.5503929032634005e-001  9.3591775070035510e-001  9.3591775070035510e-001  9.3591775070035510e-001  9.3591775070035510e-001  9.3591775070035510e-001  9.3591775070035510e-001  9.3591775070035510e-001
  1.6307235716191599e+002  4.7247288969084821e+001  1.3788128109148829e+001  3.5170750204429169e-001  3.5170750204429169e-001  3.4471470776293245e-001  3.4471470776293245e-001  3.4471470776293245e-001  3.4471470776293245e-001  3.4471470776293245e-001  3.4471470776293245e-001  3.4471470776293245e-001  3.4471470776293245e-001  3.4471470776293245e-001
  1.3528533520506426e+002  5.2838389038519836e+001  2.4788985562492371e+001  4.2216814632388378e-001  3.3101650710591457e-001  3.3101650710591457e-001  3.2802432466633036e-001  3.2802432466633036e-001  3.2802432466633036e-001  3.2802432466633036e-001  3.2802432466633036e-001  3.2802432466633036e-001  3.2802432466633036e-001  3.2802432466633036e-001
  1.3145285266031419e+002  4.5186919790429556e+001  1.9474523095495897e+001  1.0331661426494065e+000  1.0086211620844097e+000  1.0066142605619461e+000  1.0058828813184846e+000  1.0058828813184846e+000  1.0058828813184846e+000  1.0058828813184846e+000  1.0058828813184846e+000  1.0058828813184846e+000  1.0058828813184846e+000  1.0058828813184846e+000
  1.6207846896854812e+002  5.7949512567907959e+001  3.2887556980768295e+001  1.3131173695174539e+001  8.7863664279598197e-001  8.7354074731069886e-001  8.7354074731069886e-001  8.6792689714275184e-001  8.6792689714275184e-001  8.6637407490889018e-001  8.6637407490889018e-001  8.6637407490889018e-001  8.6637407490889018e-001  8.6637407490889018e-001
  1.6080477098718484e+002  5.5678449178877599e+001  2.6877968829915062e+001  1.3397843472198474e+000  1.1933912217327816e+000  1.1868178802624243e+000  1.1868178802624243e+000  1.1868178802624243e+000  1.1868178802624243e+000  1.1868178802624243e+000  1.1868178802624243e+000  1.1868178802624243e+000  1.1868178802624243e+000  1.1868178802624243e+000
  1.4146971821719694e+002  5.2979525875795389e+001  2.5613283402574780e+001  3.6293309925395079e-001  2.8156093585175768e-001  2.8156093585175768e-001  2.7599904913222417e-001  2.7358569126204202e-001  2.7358569126204202e-001  2.7358569126204202e-001  2.7358569126204202e-001  2.7358569126204202e-001  2.7358569126204202e-001  2.7358569126204202e-001
  1.5019996054015951e+002  6.8485238939893861e+001  3.3269879284718627e+001  8.2936110346690839e-001  3.3712547780305613e-001  3.1920931931199448e-001  3.1772589203114876e-001  3.1249228235947157e-001  3.1249228235947157e-001  3.1249228235947157e-001  3.1249228235947157e-001  3.1249228235947157e-001  3.1249228235947157e-001  3.1249228235947157e-001
  1.2909597846117185e+002  4.6967942501671132e+001  2.0945728344662029e+001  3.6566251780800485e-001  3.5209537897617338e-001  3.4796060028861575e-001  3.4796060028861575e-001  3.4796060028861575e-001  3.4796060028861575e-001  3.4796060028861575e-001  3.4796060028861575e-001  3.4796060028861575e-001  3.4796060028861575e-001  3.4796060028861575e-001
  1.2770706183927678e+002  4.3040717872582036e+001  1.6876507579040663e+001  3.9339928266394963e-001  3.4261142940817990e-001  3.4182241411963332e-001  3.3597289664635355e-001  3.3597289664635355e-001  3.3597289664635355e-001  3.3597289664635355e-001  3.3597289664635355e-001  3.3597289664635355e-001  3.3597289664635355e-001  3.3597289664635355e-001
  1.4289468791544141e+002  5.1175208218479838e+001  2.5913072107909102e+001  3.9243205189836772e-001  3.0978808518420919e-001  3.0978808518420919e-001  3.0978808518420919e-001  3.0936152656408922e-001  3.0824013750816448e-001  3.0824013750816448e-001  3.0824013750816448e-001  3.0824013750816448e-001  3.0824013750816448e-001  3.0824013750816448e-001
  1.8590537754448223e+002  6.6845561542138284e+001  2.2301113791508897e+001  1.1931104792365659e+000  1.1624891947183187e+000  1.1222712745450281e+000  1.1222712745450281e+000  1.1222712745450281e+000  1.1222712745450281e+000  1.1222712745450281e+000  1.1222712745450281e+000  1.1222712745450281e+000  1.1222712745450281e+000  1.1222712745450281e+000
  1.6889769652282416e+002  5.5031612324667094e+001  2.9541939219302776e+001  4.6083169787766565e-001  3.3613403340291370e-001  2.9129577121034345e-001  2.8700135633016544e-001  2.8597633920230692e-001  2.8597633920230692e-001  2.8597633920230692e-001  2.8597633920230692e-001  2.8597633920230692e-001  2.8597633920230692e-001  2.8597633920230692e-001
  1.5064774361225886e+002  5.1033020279791117e+001  2.1374544832945958e+001  5.6059995950386110e-001  3.0120984508880611e-001  3.0020925293683831e-001  2.9590731802431947e-001  2.9588141956583058e-001  2.9588141956583058e-001  2.9588141956583058e-001  2.9588141956583058e-001  2.9588141956583058e-001  2.9588141956583058e-001  2.9588141956583058e-001
  1.3045124882848768e+002  4.4135163367576752e+001  1.9241045608091326e+001  3.4860055217291119e-001  2.8033764306360354e-001  2.8033764306360354e-001  2.7896394575668637e-001  2.7896394575668637e-001  2.7896394575668637e-001  2.7896394575668637e-001  2.7896394575668637e-001  2.7896394575668637e-001  2.7896394575668637e-001  2.7896394575668637e-001
  1.3932855540790524e+002  3.8893126021899434e+001  1.2315483928239246e+000  3.6776298587483325e-001  3.5022951337873565e-001  3.5022951337873565e-001  3.4222987692919560e-001  3.3941953406429093e-001  3.3941953406429093e-001  3.3941953406429093e-001  3.3941953406429093e-001  3.3941953406429093e-001  3.3941953406429093e-001  3.3941953406429093e-001
