  8.7349498942480516e+006  1.8452050242434484e+006  6.1439942744609504e+005  8.4648237267382981e+004  5.0365246872859832e+004  3.0262730205158674e+004  1.7476317695548103e+004  1.5366111694153791e+004  8.4046924008326641e+003  7.4580099322407350e+003  6.0374998636313294e+003  5.6983443563806177e+003  4.6224714651563218e+003  4.6224714651563218e+003
  4.6725238358239410e+006  1.0010079774633794e+006  2.4441504786124968e+005  5.8469523491580374e+004  1.8976300383072616e+004  1.6437263611701681e+004  1.4838083524754351e+004  1.2011180418749194e+004  1.1455306755253538e+004  9.3032670807758241e+003  7.6042084026595421e+003  6.5113946167017166e+003  5.2076373617002710e+003  5.2076373617002710e+003
  9.1631895259204358e+006  1.6012557663693179e+006  5.5610244407462864e+005  2.8088337683637626e+005  2.2512506972350227e+004  1.0145953681943092e+004  8.6159462131976743e+003  8.0661482205484681e+003  7.7529685893823444e+003  7.3322096859758840e+003  5.2357192949569962e+003  3.8668521940795890e+003  3.0200463438406159e+003  3.0200463438406159e+003
  1.4272687318336600e+007  8.3716458853526076e+005  3.1768967033676570e+005  1.6976907941553878e+005  8.9771536242047689e+004  6.9453349201240882e+004  1.8614918387722977e+004  1.1596350544476154e+004  7.3683205410387782e+003  4.5878710147466836e+003  4.2213322955141975e+003  3.5068356290227430e+003  3.1356591919983839e+003  3.1356591919983839e+003
  3.6082085120775024e+006  9.2609409760334319e+005  5.4061745441041107e+005  1.5886214966076572e+005  1.4132834663074141e+005  5.2313897968019977e+004  2.2720912631162137e+004  1.6059534867122980e+004  1.0335263174832407e+004  6.2881842724178978e+003  4.1814855001112937e+003  2.6490387013510626e+003  2.4318115794426176e+003  2.4318115794426176e+003
  4.3587722092091097e+006  1.8752239787007421e+006  3.0195255225670873e+005  1.9292982558975689e+005  4.1070508006363300e+004  3.2658536586309390e+004  2.8707578446986809e+004  2.0087046091489497e+004  1.4547116867242792e+004  1.0169268900058070e+004  5.9481348224962458e+003  4.2882910141497150e+003  4.0496705149952440e+003  4.0496705149952440e+003
  1.8442338210748099e+006  5.5343249227296887e+005  2.3793966615791945e+005  1.8585782650451828e+005  1.2458659296328173e+005  9.5287229885393914e+004  8.9487017190685074e+004  5.8620824149719891e+004  1.9278537698514738e+004  1.4441025689206062e+004  8.6673569059197489e+003  3.3582833697163769e+003  3.1007447537656881e+003  3.1007447537656881e+003
  2.0866246732779939e+007  2.8242519114948022e+006  9.6686825893924152e+005  6.0682553003347013e+005  2.3289773050672794e+005  1.0529692264322149e+005  4.0700238248673020e+004  2.5921879880972952e+004  1.2826652307015485e+004  8.1859971627826235e+003  6.7665529362483394e+003  5.6344796187074589e+003  2.7276461487047618e+003  2.7276461487047618e+003
  3.7686313359613898e+006  1.4369065963526056e+006  4.9667125212338829e+005  2.0637588395392202e+005  1.8128722494490046e+005  1.6464376375569479e+005  9.2108641785302811e+004  7.0556210746869634e+004  4.2539130617803086e+004  1.4005625487672980e+004  7.9610507038225514e+003  5.7459938475478948e+003  4.9222478482238785e+003  4.9222478482238785e+003
  2.2705625131810005e+006  5.4012171488473460e+005  2.7941768790660131e+004  1.1996498533451228e+004  8.1517350054269446e+003  7.4337889245281967e+003  6.7789614736839321e+003  6.5014345408927220e+003  6.0677280052701672e+003  5.8670281426573565e+003  5.3940414721579900e+003  3.2133995628193425e+003  2.9027133418150152e+003  2.9027133418150152e+003
  2.1587384466889878e+006  6.1290495727380353e+005  3.5517366878830723e+005  2.1054120425636071e+005  1.0254405175646783e+005  5.8682020850395333e+004  4.4403254032954326e+004  2.7617721732253805e+004  1.6465808690790989e+004  1.5278177380680638e+004  1.3791268270264745e+004  1.3080187266942163e+004  1.1155841734568779e+004  1.1155841734568779e+004
  7.2242240336972130e+006  1.3448645132458610e+006  1.8843656503481165e+005  6.5587284163131088e+004  4.5758502804461154e+004  2.7413451431020723e+004  1.9349351932766192e+004  1.0922704597675671e+004  9.2892110893438330e+003  7.2177809172568159e+003  6.9062270255031799e+003  6.1706106570141828e+003  5.8320107772242900e+003  5.8320107772242900e+003
  2.1607437854660470e+006  5.2377101838905411e+005  4.4975374490209715e+005  1.5221314059205455e+005  1.4418024207068354e+005  1.0692615921104288e+005  4.9975267720131204e+004  3.3709993900155045e+004  2.8614805036260692e+004  2.5035108740240197e+004  2.3931553808943925e+004  2.1277160853519512e+004  1.6730858676577529e+004  1.6730858676577529e+004
  2.9317564457582202e+007  7.7110485146978218e+005  3.4006051579999045e+005  1.1730921405044572e+005  9.5663045707766923e+003  7.7721594680170492e+003  6.2506058584723633e+003  4.3570731831970443e+003  2.7002211135657453e+003  2.3633003832998133e+003  2.1958174818472285e+003  1.3169764440702897e+003  1.0467702536856259e+003  1.0467702536856259e+003
  8.7616691263320725e+006  1.3993401283797589e+006  2.2177082790785198e+005  5.4891274433027291e+004  4.0133945408909836e+004  2.7695832476144999e+004  2.5872025818101811e+004  2.3310499892437587e+004  1.9988910403413625e+004  1.7320957751117498e+004  1.6157233477010199e+004  1.5080350975573427e+004  1.1492646980437859e+004  1.1492646980437859e+004
  1.0236300220070496e+007  5.8679693099228684e+006  2.4212258415012658e+006  4.2200413604077365e+005  1.8693664001148622e+005  1.5870926928327407e+005  1.3883063078827536e+005  1.0904513830053339e+005  9.0956594678278489e+004  6.0445239292211729e+004  3.8276392072563336e+004  3.4830184555249019e+004  3.3227070929215544e+004  3.3227070929215544e+004
  8.0361112856553039e+006  4.6897383437651619e+006  2.6766292838773914e+006  1.0284013791449942e+006  1.8756531312717689e+005  1.3111799402208810e+005  5.5247308971369217e+004  5.1945587269125113e+004  4.6728165026408082e+004  4.3345893341835115e+004  3.5119078863762334e+004  3.2057463889738421e+004  3.0141731805529573e+004  3.0141731805529573e+004
  3.3846287077409420e+006  2.4963502817424312e+006  1.8403018252722565e+006  8.9744965536856093e+004  3.2409883203875550e+004  2.1201846533359076e+004  1.8801508411134462e+004  1.7355003476132057e+004  1.5414616054477752e+004  1.2431185841847926e+004  1.1710955721814658e+004  9.2669732170075804e+003  5.5298575079891107e+003  5.5298575079891107e+003
  8.9073182042544633e+006  3.5013243671186245e+006  2.0865616940969713e+006  4.6417688737408596e+005  1.1122101290445811e+005  8.1585768651916078e+004  1.1518275706566768e+004  5.5133366450363083e+003  4.3212256221974176e+003  3.4503482055825134e+003  3.1161450105207186e+003  2.8432224583088046e+003  2.4412087420168191e+003  2.4412087420168191e+003
  4.0992086366778836e+006  6.7653445116799744e+005  4.9630837795055110e+005  1.3348492409842098e+005  1.5151473728745350e+004  7.2978118173912735e+003  1.2503933454305538e+003  1.1260874158241736e+003  1.1168318246078165e+003  1.0541648429086854e+003  1.0412464188420408e+003  1.0264182848429518e+003  1.0184512443267113e+003  1.0184512443267113e+003
  4.7448119157366762e+006  1.2299910789443115e+006  5.7988366742723773e+005  1.8037628836406948e+005  1.0358719907448547e+005  8.9568790505679281e+004  3.9854168829498660e+004  2.9898636216857831e+004  2.5849258699488884e+004  2.3922388224676015e+004  6.9405184599052536e+003  4.1602164938820761e+003  3.3906734295669567e+003  3.3906734295669567e+003
  2.5983255688166232e+006  6.7656547948255320e+005  1.4500310606066143e+005  4.3386032893428652e+004  1.3222405045003572e+004  5.6403707178833638e+003  2.4588378656281548e+003  2.0034354828333517e+003  1.5047560696553592e+003  1.1466029570355872e+003  1.1314941272630895e+003  1.1189674325703600e+003  1.0913738350992344e+003  1.0913738350992344e+003
  1.5879628336372636e+007  3.0351115370400716e+006  1.4865756223574011e+006  7.7024269149817282e+005  5.8220380207242626e+004  5.3698716585736576e+004  3.8266017483230622e+004  1.5997085802195943e+004  1.0039786172487826e+004  7.1555328443205035e+003  5.7435032490058747e+003  4.8784866503260655e+003  3.7386058876568322e+003  3.7386058876568322e+003
  3.1095836569858743e+006  6.9447204813863058e+005  1.6495585594467426e+005  3.9569382424408068e+004  1.2803714743010092e+004  1.1273495227371790e+004  9.4355734693977101e+003  7.1467455138133373e+003  6.7685808402776456e+003  5.5293739185770510e+003  4.6532704425321608e+003  3.9882623917051296e+003  3.7214622212437425e+003  3.7214622212437425e+003
  5.0000441137222024e+006  8.2333112823245756e+005  2.2650320928821483e+005  3.1939611200833751e+004  2.0930374818593798e+004  1.8116701195696671e+004  1.5871690785434672e+004  1.4578048661948289e+004  1.4242290057108788e+004  1.3436651012900742e+004  1.0511973082089948e+004  9.3231128456117876e+003  8.9839468047365663e+003  8.9839468047365663e+003
  4.1703679584255288e+006  6.6110788749802334e+005  1.4054280087753123e+005  7.4398099342431888e+004  7.1071561459996432e+004  5.0889738832741612e+004  2.9892386597601973e+004  2.3904991692379965e+004  1.9346608669463378e+004  1.7032939873447980e+004  1.4115249297480437e+004  1.0828170039756558e+004  7.0356291266326334e+003  7.0356291266326334e+003
  1.4494683156918623e+007  4.2191073035418363e+006  1.2003449236246087e+006  5.4025411667966412e+005  8.1517045080437005e+004  3.4749306910916741e+004  1.3270307947361629e+004  1.1141110585791728e+004  8.3549855032694504e+003  6.9877847477822015e+003  6.3432675593325139e+003  6.0552059701029266e+003  5.7362487405295251e+003  5.7362487405295251e+003
  9.2674632386838868e+006  1.5828182573100987e+006  5.3084524165657745e+005  1.6849263095085212e+005  1.4286741164254735e+005  9.0496419437514138e+004  4.9915842138167216e+004  2.6504170549938965e+004  2.0403775800661122e+004  1.9025175596462181e+004  1.7332734689409652e+004  1.5395355006258495e+004  1.4143157183658433e+004  1.4143157183658433e+004
  5.0889642709847931e+006  8.4036478915152862e+005  1.2488578260780248e+005  1.7936344528753696e+004  1.1553899307693748e+004  8.4610009426358229e+003  7.7801223001248218e+003  5.7120448749673869e+003  2.2106310045531054e+003  1.6153264071027152e+003  1.0962098349358967e+003  9.5801692610670307e+002  9.3722764344154621e+002  9.3722764344154621e+002
  2.7653916839462188e+006  1.1894175314488839e+006  6.7607981859753293e+005  2.4125286904134357e+005  1.6374008637609839e+005  1.1410924359379392e+005  7.7182142547650401e+003  5.6217008998168803e+003  5.0660863900850909e+003  4.0521391704082471e+003  3.7602889836593731e+003  3.1203677858293631e+003  2.8920668132282690e+003  2.8920668132282690e+003
  9.8147358770998958e+006  2.3448361066410472e+006  8.7653715617844637e+005  1.2535152222324102e+005  9.8410955441035592e+004  5.4077659304160872e+004  2.4442778013036066e+004  1.9838646039756110e+004  1.1093842005830787e+004  8.6337861969382939e+003  6.4639960543113257e+003  5.9367678459654671e+003  5.3200237328899248e+003  5.3200237328899248e+003
  1.4151864376462730e+007  4.9976463035123087e+006  2.4929040392083717e+006  1.3162696500611305e+006  1.2270991332220771e+005  7.0815928270753109e+004  4.8753368543708762e+004  2.5495015205069529e+004  2.4782961953841641e+004  2.0170076837872828e+004  9.0792576198322058e+003  7.3731342011172310e+003  4.7807827065852080e+003  4.7807827065852080e+003
  7.4205319355084077e+006  5.3979809303315319e+006  3.8460303366578403e+006  1.8895597934500123e+006  1.6761501415380021e+005  1.4490380970463404e+005  1.2459721269411837e+005  9.9335037233687704e+004  7.7231440747871951e+004  6.7542859734192491e+004  6.0960548943950278e+004  5.5936035114841230e+004  4.8542798391455610e+004  4.8542798391455610e+004
  5.9961307629771829e+006  1.1289887351854218e+006  4.5204447637035308e+005  2.4282975776650911e+005  1.9969621069858633e+004  8.8778222773638154e+003  7.4675799968181254e+003  6.4488793982788029e+003  5.8820560785204607e+003  4.4892471223014945e+003  2.6502807633786906e+003  1.6804269901587759e+003  1.6504695379119648e+003  1.6504695379119648e+003
  4.5238927605192121e+006  2.2404793705093614e+006  9.1794586949597660e+005  1.6209941219938383e+005  5.3377172561926353e+004  4.6179995386373841e+004  2.4573935231863874e+004  2.2490626707122297e+004  1.6645082368840012e+004  9.0597248219884259e+003  7.6779519281625726e+003  6.6499136578944872e+003  4.7091236087468988e+003  4.7091236087468988e+003
  1.6988653672383116e+006  6.4943417218653159e+005  4.6741078959530126e+005  9.2551654296895809e+004  7.7638920911816647e+004  4.5681789384929107e+004  2.1396065683788642e+004  1.6399587199089066e+004  9.4011685865701384e+003  4.9562984047796490e+003  4.0956274950829938e+003  2.3806931890359174e+003  2.2051363095303091e+003  2.2051363095303091e+003
  3.2328823041175320e+006  1.3220657871957009e+006  4.9125931283593120e+005  2.1192486062948901e+005  1.5131030578964241e+005  1.3790096460324869e+005  9.8518522290574110e+004  2.4974135238048653e+004  8.9865211394502821e+003  8.5109379191641456e+003  7.5069186866787095e+003  7.2201197979704302e+003  5.9977815417495767e+003  5.9977815417495767e+003
  6.9828224343714816e+006  2.1140970798995872e+006  2.3307894210093206e+005  6.5027603790308873e+004  1.3280611007325071e+004  1.1383851049166242e+004  9.2069962784166728e+003  5.2888846753518537e+003  4.6527539746673792e+003  4.1093112173398586e+003  3.5276677398575521e+003  2.9159701889526696e+003  2.2664973033584274e+003  2.2664973033584274e+003
  7.5456974212321853e+006  2.1570172860958115e+006  7.9954824972766510e+005  5.5396723113059264e+005  2.7675944819650642e+004  2.0931476640013720e+004  1.7431231689775352e+004  1.5454699753217610e+004  1.0402574161241879e+004  6.0522710387172656e+003  2.5449968946973549e+003  2.4031565592885872e+003  2.2417140277160074e+003  2.2417140277160074e+003
  1.2669388611610273e+007  4.1682227731068181e+006  2.5344201305350834e+006  4.7016722590473818e+005  1.1010113690668208e+004  4.9786140736859479e+003  4.4718190355548095e+003  4.0401931926503512e+003  3.7022935777282992e+003  3.5601737355511650e+003  2.9944967506988232e+003  2.0799647211518227e+003  1.9217425874626106e+003  1.9217425874626106e+003
  1.3797448667904751e+007  1.5273726594645041e+006  6.6346295373095432e+005  5.4333673148548731e+005  1.6649079439494462e+005  1.1693887324808622e+005  6.1705845976039433e+004  2.1399284811717200e+004  1.0092386770629617e+004  9.7635261106819144e+003  8.1679893504447627e+003  6.7042420343584035e+003  6.1424711891024581e+003  6.1424711891024581e+003
  5.8679934938303726e+006  1.1304734570333387e+006  7.7480021877355501e+005  5.1646049629821535e+005  5.7933774484844307e+003  3.5519861041581044e+003  3.4877015280702835e+003  3.3686275775736585e+003  3.2359735488574115e+003  3.1786545339653740e+003  3.1000795517458655e+003  2.8392192393377591e+003  2.2816025059658300e+003  2.2816025059658300e+003
  6.2712153651210377e+006  1.8683842947754546e+006  3.3760711056627083e+005  1.3694271775385248e+005  1.1680638279557308e+005  7.0594092804158514e+004  3.1241854953858667e+004  4.5343524542630221e+003  2.2210291531339794e+003  1.8923596052789944e+003  1.6989077916180818e+003  1.6463269530019684e+003  1.6139887975455713e+003  1.6139887975455713e+003
  2.5589422087640218e+006  1.0171762781881542e+006  5.3965919186873140e+005  1.9967368507084982e+004  4.2596322207509347e+003  3.0902553180307068e+003  2.6856106338089512e+003  2.4434891074014149e+003  2.3430238242961614e+003  2.1699131596669886e+003  1.7677213143259814e+003  1.5311392899257130e+003  1.5143307317710478e+003  1.5143307317710478e+003
  1.0603883597461769e+007  5.7393962352685081e+006  1.9117206094820038e+006  1.0782732462294186e+006  1.3849080106690326e+004  1.0252323966989123e+004  9.7735354511436472e+003  8.5191010801956490e+003  4.8928835685322310e+003  3.7615163342273354e+003  3.5935591258589047e+003  3.5309645885494447e+003  3.5029933580828592e+003  3.5029933580828592e+003
  1.7992141839609339e+006  5.3473915973626333e+005  3.1362053333041869e+005  1.8212189059671850e+005  9.1184300186968248e+004  8.3551711035144544e+004  5.7534171752296810e+004  2.7905277038515553e+004  2.0757876244998995e+004  1.7194478966676194e+004  1.3326523342553741e+004  1.2539412496043444e+004  1.1690703778376317e+004  1.1690703778376317e+004
  8.2925461527277399e+006  4.6985677483660338e+005  3.2142973951552174e+005  1.4283512787345995e+005  5.4086756713167306e+004  3.2762712338746685e+004  2.9409779933257887e+004  1.5055874505378317e+004  1.1357098588095680e+004  9.5745286133263417e+003  6.2749265082945722e+003  4.3941283586096124e+003  3.5837914364650151e+003  3.5837914364650151e+003
  6.8487505886205984e+006  3.4500787543057599e+006  1.7236787890099885e+006  1.0633423719847540e+006  1.2614636821905689e+005  1.4285506052531360e+004  6.3243088705614437e+003  5.8938886663657031e+003  5.3534184694799123e+003  3.6545298528257445e+003  2.9212529123750555e+003  2.7496832843266884e+003  2.1648123976227057e+003  2.1648123976227057e+003
  9.4582831793552283e+006  1.0388826593009277e+006  1.9757331260606137e+005  6.5384815306491291e+004  3.2067569972460420e+004  6.4984857607251288e+003  2.7076492295894768e+003  2.5405498558377058e+003  2.4276677746105461e+003  1.5323302159222085e+003  1.1103889941432112e+003  1.0275245259220978e+003  9.7995537492581661e+002  9.7995537492581661e+002
  6.4766876591016157e+006  1.0583112077821912e+006  5.5034941669198091e+005  1.9204763082395020e+005  1.3724889467753528e+005  2.2496835003120741e+004  2.0702141861882126e+004  1.4741337823044516e+004  1.3973037283381354e+004  1.3191814828599709e+004  1.2505601663070149e+004  1.1476858363284653e+004  9.0930634073088731e+003  9.0930634073088731e+003
  7.0031741825127853e+006  1.2186150409454196e+006  7.2840161307314422e+005  4.5601278635396482e+005  2.5022488807664331e+005  6.8192212732215034e+004  4.9323583072175126e+004  4.1629793393745189e+004  2.4892886701303087e+004  1.1999499996421673e+004  8.3894331676842176e+003  5.5552506668247152e+003  5.0841162116436963e+003  5.0841162116436963e+003
