  2.7061271288468242e+002  2.0741954932788508e+002  1.4773433140857856e+002  1.1392218992388371e+002  1.1144439401178295e+002  1.1143509181909462e+002  1.1143509133675821e+002  1.1143509133674957e+002  1.1143509133674957e+002  1.1143509133674934e+002  1.1143509133674934e+002  1.1143509133674934e+002  1.1143509133674934e+002  1.1143509133674934e+002
  3.0029948612061503e+002  2.5498215163627378e+002  1.9467749892797201e+002  1.2612455316744888e+002  1.1252197770931980e+002  1.1242987117157554e+002  1.1242986248428610e+002  1.1242986248357693e+002  1.1242986248357693e+002  1.1242986248357693e+002  1.1242986248357693e+002  1.1242986248357693e+002  1.1242986248357693e+002  1.1242986248357693e+002
  3.1213705466384204e+002  2.6707652795327431e+002  2.0795568481907708e+002  1.3845799147578316e+002  1.3280971224783855e+002  1.3280179119542174e+002  1.3280179003771491e+002  1.3280179003762828e+002  1.3280179003762828e+002  1.3280179003762828e+002  1.3280179003762828e+002  1.3280179003762828e+002  1.3280179003762782e+002  1.3280179003762782e+002
  2.8435168080309268e+002  2.2802627890610393e+002  1.5246099482813247e+002  1.0645457471485213e+002  1.0376824795164839e+002  1.0376550673287250e+002  1.0376550665960212e+002  1.0376550665960212e+002  1.0376550665960212e+002  1.0376550665960212e+002  1.0376550665960212e+002  1.0376550665960190e+002  1.0376550665960190e+002  1.0376550665960190e+002
  2.8433350426569996e+002  1.7582945993625492e+002  1.2704062773253963e+002  1.0681907527393264e+002  1.0347655943354914e+002  1.0347542897513983e+002  1.0347542895564129e+002  1.0347542895564129e+002  1.0347542895564129e+002  1.0347542895564118e+002  1.0347542895564118e+002  1.0347542895564118e+002  1.0347542895564118e+002  1.0347542895564118e+002
  2.8949998106075645e+002  2.0646750315594238e+002  1.6726398452347541e+002  1.4701715370847649e+002  1.4428464748773285e+002  1.4426765917665705e+002  1.4426765745330999e+002  1.4426765745328134e+002  1.4426765745328123e+002  1.4426765745328112e+002  1.4426765745328112e+002  1.4426765745328112e+002  1.4426765745328112e+002  1.4426765745328112e+002
  3.2330479399857813e+002  2.6598683084330878e+002  1.7770040946999052e+002  9.8396804536293530e+001  8.3594337055677101e+001  8.3576203642511587e+001  8.3576196335335112e+001  8.3576196334712449e+001  8.3576196334712449e+001  8.3576196334712449e+001  8.3576196334712449e+001  8.3576196334712449e+001  8.3576196334712449e+001  8.3576196334712449e+001
  2.8493019134282190e+002  2.3627207756888561e+002  1.2470003001921509e+002  8.3980819588175223e+001  7.9608079495584548e+001  7.9596502594233357e+001  7.9596502402462534e+001  7.9596502402460032e+001  7.9596502402459919e+001  7.9596502402459919e+001  7.9596502402459919e+001  7.9596502402459919e+001  7.9596502402459919e+001  7.9596502402459919e+001
  3.0614935983095666e+002  2.3154177816969468e+002  1.5372885348398881e+002  1.2243958532230749e+002  1.1046186419366529e+002  1.1044007244836052e+002  1.1044007150662708e+002  1.1044007150661571e+002  1.1044007150661571e+002  1.1044007150661571e+002  1.1044007150661571e+002  1.1044007150661571e+002  1.1044007150661571e+002  1.1044007150661571e+002
  2.7744312343613637e+002  2.1186028432277044e+002  1.3885428107708776e+002  9.3381109485636671e+001  8.0698565980714420e+001  8.0591489768732572e+001  8.0591481839178414e+001  8.0591481839164771e+001  8.0591481839164771e+001  8.0591481839164771e+001  8.0591481839164771e+001  8.0591481839164771e+001  8.0591481839164771e+001  8.0591481839164771e+001
  2.8253819436103868e+002  2.1015747948464468e+002  1.6590803129553058e+002  9.8858775814074988e+001  9.0562460969259178e+001  9.0540956548542567e+001  9.0540955947278235e+001  9.0540955947274142e+001  9.0540955947274142e+001  9.0540955947274142e+001  9.0540955947274142e+001  9.0540955947274142e+001  9.0540955947274142e+001  9.0540955947274142e+001
  3.0297149732311323e+002  2.0870668855444865e+002  1.5559038034712285e+002  1.1570694829561648e+002  1.0747162910846907e+002  1.0745515905932336e+002  1.0745515879682989e+002  1.0745515879682898e+002  1.0745515879682898e+002  1.0745515879682898e+002  1.0745515879682898e+002  1.0745515879682898e+002  1.0745515879682898e+002  1.0745515879682898e+002
  2.7742068832089308e+002  2.0452596739823457e+002  1.4143713167051453e+002  1.0810124491947988e+002  1.0661382123107683e+002  1.0660544250568944e+002  1.0660544210347393e+002  1.0660544210347075e+002  1.0660544210347075e+002  1.0660544210347075e+002  1.0660544210347075e+002  1.0660544210347075e+002  1.0660544210347075e+002  1.0660544210347075e+002
  2.7907785762459866e+002  1.7940659657014317e+002  9.9682308850885988e+001  6.0308417924073296e+001  5.6734301091273210e+001  5.6730821506078655e+001  5.6730821489586788e+001  5.6730821489586333e+001  5.6730821489586333e+001  5.6730821489586333e+001  5.6730821489586333e+001  5.6730821489586333e+001  5.6730821489586333e+001  5.6730821489586333e+001
  2.5100676962131638e+002  1.6709228288148176e+002  1.1939599402194472e+002  9.3386104960634725e+001  9.0861727883859089e+001  9.0540937301916074e+001  9.0540833852574451e+001  9.0540833847868043e+001  9.0540833847867816e+001  9.0540833847867816e+001  9.0540833847867816e+001  9.0540833847867816e+001  9.0540833847867816e+001  9.0540833847867816e+001
  2.4341675872199767e+002  1.7774473018268895e+002  1.2564454136614825e+002  9.4472736346891111e+001  8.6622442329712953e+001  8.6561241138711239e+001  8.6561241082208198e+001  8.6561241082084848e+001  8.6561241082084734e+001  8.6561241082084734e+001  8.6561241082084734e+001  8.6561241082084734e+001  8.6561241082084734e+001  8.6561241082084734e+001
  3.3735962611626132e+002  2.4527057762170398e+002  1.3575448593612896e+002  7.7190619155201148e+001  7.3794579321272408e+001  7.3771725212710521e+001  7.3771725142931359e+001  7.3771725142921923e+001  7.3771725142921923e+001  7.3771725142921923e+001  7.3771725142921468e+001  7.3771725142921468e+001  7.3771725142921468e+001  7.3771725142921468e+001
  2.6469306527554954e+002  1.4869551676471053e+002  1.1594381281917561e+002  8.1921048242632423e+001  7.9600821729261725e+001  7.9596563210082195e+001  7.9596563175501046e+001  7.9596563175500478e+001  7.9596563175500478e+001  7.9596563175500478e+001  7.9596563175500478e+001  7.9596563175500478e+001  7.9596563175500478e+001  7.9596563175500478e+001
  2.8507131006958275e+002  2.3025163537155731e+002  1.9282153311608045e+002  1.0280311433121085e+002  8.5628312598568300e+001  8.5566310716811699e+001  8.5566307442475704e+001  8.5566307442421930e+001  8.5566307442421930e+001  8.5566307442421930e+001  8.5566307442421930e+001  8.5566307442421930e+001  8.5566307442421930e+001  8.5566307442421930e+001
  3.2022163802026967e+002  2.3334108929974718e+002  1.4871089473283723e+002  8.7073542639724110e+001  7.9023179962667314e+001  7.8601644234197693e+001  7.8601619277324630e+001  7.8601619277302461e+001  7.8601619277302461e+001  7.8601619277302461e+001  7.8601619277302461e+001  7.8601619277302461e+001  7.8601619277302461e+001  7.8601619277302461e+001
  3.1807598631241626e+002  2.2490054158170733e+002  1.6622372130228064e+002  1.2953786920441416e+002  1.2636204292119885e+002  1.2635927996504131e+002  1.2635927994347549e+002  1.2635927994346753e+002  1.2635927994346753e+002  1.2635927994346753e+002  1.2635927994346753e+002  1.2635927994346753e+002  1.2635927994346753e+002  1.2635927994346753e+002
  3.0753372991059405e+002  2.2294591583089277e+002  1.3828704148768065e+002  1.1390118441008451e+002  1.0957104807938424e+002  1.0944507196249253e+002  1.0944507187319675e+002  1.0944507187319653e+002  1.0944507187319653e+002  1.0944507187319653e+002  1.0944507187319653e+002  1.0944507187319653e+002  1.0944507187319653e+002  1.0944507187319653e+002
  2.7095080640164451e+002  1.8896097949958767e+002  1.2765667542061055e+002  9.2856234030670748e+001  8.8887918169813815e+001  8.8870699525993132e+001  8.8870698698318847e+001  8.8870698698290425e+001  8.8870698698290198e+001  8.8870698698290198e+001  8.8870698698290198e+001  8.8870698698290198e+001  8.8870698698290198e+001  8.8870698698290198e+001
  3.9280089554655206e+002  2.9547270732629545e+002  1.9457272346709328e+002  1.3369494389191914e+002  1.2838817832090831e+002  1.2834907023167273e+002  1.2834907018421143e+002  1.2834907018420654e+002  1.2834907018420654e+002  1.2834907018420654e+002  1.2834907018420654e+002  1.2834907018420654e+002  1.2834907018420654e+002  1.2834907018420654e+002
  3.0813217967101264e+002  1.9286505436497032e+002  1.1388180661640854e+002  8.3609633490876377e+001  8.0924321641450092e+001  8.0911178903842824e+001  8.0911178796200147e+001  8.0911178796199920e+001  8.0911178796199920e+001  8.0911178796199920e+001  8.0911178796199920e+001  8.0911178796199920e+001  8.0911178796199920e+001  8.0911178796199920e+001
  2.6784620774195514e+002  2.4116353878412406e+002  1.7408738919603798e+002  8.7505121131366536e+001  7.2671775526130432e+001  7.2631896124685454e+001  7.2631895207095681e+001  7.2631895207095340e+001  7.2631895207095340e+001  7.2631895207095340e+001  7.2631895207095340e+001  7.2631895207095340e+001  7.2631895207095340e+001  7.2631895207095340e+001
  3.3586227778300872e+002  2.8834036857601791e+002  2.1736236764652097e+002  1.4392942081547187e+002  1.3633610405365005e+002  1.3630869799599805e+002  1.3630869776303552e+002  1.3630869776303007e+002  1.3630869776303007e+002  1.3630869776303007e+002  1.3630869776303007e+002  1.3630869776303007e+002  1.3630869776303007e+002  1.3630869776303007e+002
  3.0442004773106873e+002  2.6277679901217516e+002  2.1269395536998820e+002  1.2273617167725706e+002  1.1259612803696007e+002  1.1242988826843475e+002  1.1242988323367399e+002  1.1242988323361703e+002  1.1242988323361703e+002  1.1242988323361703e+002  1.1242988323361703e+002  1.1242988323361703e+002  1.1242988323361703e+002  1.1242988323361703e+002
  2.7997765082664500e+002  1.8003169060544474e+002  1.4168232428611645e+002  9.3701715448230630e+001  7.3744431090448415e+001  7.3626834249658373e+001  7.3626834067477148e+001  7.3626834067474192e+001  7.3626834067474192e+001  7.3626834067474192e+001  7.3626834067474192e+001  7.3626834067474192e+001  7.3626834067474192e+001  7.3626834067474192e+001
  2.7309448821423757e+002  2.1507693194331830e+002  1.3967466667259669e+002  9.0656038623079894e+001  8.5650600769545690e+001  8.5566227169502781e+001  8.5566226472676135e+001  8.5566226472667381e+001  8.5566226472667381e+001  8.5566226472667381e+001  8.5566226472667381e+001  8.5566226472667381e+001  8.5566226472667381e+001  8.5566226472667381e+001
  2.7192432077099011e+002  1.9962150891535816e+002  1.4813509462542265e+002  1.0570348402838385e+002  1.0050765181559359e+002  1.0049053164913141e+002  1.0049053140476212e+002  1.0049053140474985e+002  1.0049053140474985e+002  1.0049053140474985e+002  1.0049053140474985e+002  1.0049053140474985e+002  1.0049053140474985e+002  1.0049053140474985e+002
  2.6360693916204900e+002  2.0914284413892005e+002  1.3563042781493948e+002  9.7211220035333440e+001  9.3546264671799804e+001  9.2531017731922589e+001  9.2530853872878879e+001  9.2530853864746632e+001  9.2530853864746632e+001  9.2530853864746632e+001  9.2530853864746632e+001  9.2530853864746632e+001  9.2530853864746632e+001  9.2530853864746632e+001
  2.7007649434864379e+002  2.0879196653201711e+002  1.3725539283891453e+002  1.1063893987824440e+002  1.0560763874807117e+002  1.0546536740643876e+002  1.0546536726655131e+002  1.0546536726654222e+002  1.0546536726654222e+002  1.0546536726654222e+002  1.0546536726654222e+002  1.0546536726654222e+002  1.0546536726654222e+002  1.0546536726654222e+002
  2.8878200951101053e+002  1.9727246156557601e+002  1.4231164051335122e+002  1.0781753294649707e+002  1.0549584300343236e+002  1.0546526118455813e+002  1.0546526087936104e+002  1.0546526087935695e+002  1.0546526087935695e+002  1.0546526087935695e+002  1.0546526087935695e+002  1.0546526087935695e+002  1.0546526087935695e+002  1.0546526087935695e+002
  2.9449852545964654e+002  2.0536735071571047e+002  1.3917577759323592e+002  9.6568692150327706e+001  8.7398022911959970e+001  8.7379038378524797e+001  8.7379037156679942e+001  8.7379037156639015e+001  8.7379037156638560e+001  8.7379037156638560e+001  8.7379037156638560e+001  8.7379037156638560e+001  8.7379037156638560e+001  8.7379037156638560e+001
  2.7378740867057354e+002  2.0486872809918304e+002  1.4603662123223660e+002  9.9524663590405112e+001  9.6540105690374958e+001  9.6510781351127662e+001  9.6510781183951167e+001  9.6510781183951167e+001  9.6510781183950598e+001  9.6510781183950598e+001  9.6510781183950598e+001  9.6510781183950598e+001  9.6510781183950598e+001  9.6510781183950598e+001
  1.9702832406683672e+002  1.3288049314957527e+002  9.2371018207942825e+001  7.4115509236680964e+001  7.2635423648320739e+001  7.2631875115177195e+001  7.2631875010381123e+001  7.2631875010381123e+001  7.2631875010381123e+001  7.2631875010381123e+001  7.2631875010381123e+001  7.2631875010381123e+001  7.2631875010381009e+001  7.2631875010381009e+001
  2.5029856343947927e+002  2.3294708662956418e+002  1.8645278681728564e+002  1.5489655084044762e+002  1.4250835997218076e+002  1.4242386321089555e+002  1.4242386222833261e+002  1.4242386222831465e+002  1.4242386222831465e+002  1.4242386222831442e+002  1.4242386222831419e+002  1.4242386222831419e+002  1.4242386222831419e+002  1.4242386222831419e+002
  2.4624608624847178e+002  1.6644202092949945e+002  9.7942039843675957e+001  7.1046055723249310e+001  6.7665070353752753e+001  6.7657076293652949e+001  6.7657069605379206e+001  6.7657069603838181e+001  6.7657069603838181e+001  6.7657069603838181e+001  6.7657069603838181e+001  6.7657069603838181e+001  6.7657069603838181e+001  6.7657069603838181e+001
  2.6381903855695782e+002  1.3101052077128702e+002  1.0140282785394527e+002  6.0528010715436153e+001  5.5724856978893740e+001  5.5717611407078152e+001  5.5717611387786064e+001  5.5717611387785723e+001  5.5717611387785723e+001  5.5717611387785723e+001  5.5717611387785723e+001  5.5717611387785723e+001  5.5717611387785723e+001  5.5717611387785723e+001
  2.9168350333310241e+002  2.0103651217671006e+002  1.4562282732438166e+002  1.2346432095857313e+002  1.2140892813873734e+002  1.2138417810068916e+002  1.2138417782914098e+002  1.2138417782913825e+002  1.2138417782913825e+002  1.2138417782913825e+002  1.2138417782913825e+002  1.2138417782913825e+002  1.2138417782913825e+002  1.2138417782913825e+002
  2.9587956809739808e+002  2.0634001052498547e+002  1.6216436148295270e+002  8.9516750774191451e+001  7.0949188041628645e+001  7.0641967501965837e+001  7.0641966971834336e+001  7.0641966971832517e+001  7.0641966971832517e+001  7.0641966971832517e+001  7.0641966971832517e+001  7.0641966971832517e+001  7.0641966971832517e+001  7.0641966971832517e+001
  2.6364064654273761e+002  1.9633177172380169e+002  1.1290291509553992e+002  7.6723022579411577e+001  7.0949117946895512e+001  7.0641962224658528e+001  7.0641961934017786e+001  7.0641961934013352e+001  7.0641961934013352e+001  7.0641961934013352e+001  7.0641961934013352e+001  7.0641961934013352e+001  7.0641961934013352e+001  7.0641961934013352e+001
  3.2112892459291766e+002  2.5828926636893311e+002  1.9268261528895187e+002  1.0470115236809420e+002  9.6554305948264187e+001  9.6528912675589254e+001  9.6528910129471342e+001  9.6528910129252154e+001  9.6528910129252154e+001  9.6528910129252154e+001  9.6528910129252154e+001  9.6528910129252154e+001  9.6528910129252040e+001  9.6528910129252040e+001
  2.8110353881915194e+002  2.2717044486966074e+002  1.6161090561880951e+002  9.3970432218985025e+001  8.8389429063751550e+001  8.8373813414516803e+001  8.8373813341287473e+001  8.8373813341285313e+001  8.8373813341285313e+001  8.8373813341285313e+001  8.8373813341285313e+001  8.8373813341285313e+001  8.8373813341285313e+001  8.8373813341285313e+001
  2.9331583713951090e+002  1.9457062024123115e+002  1.1610200185473548e+002  5.9842186527418221e+001  5.3741248212244955e+001  5.3727701197843430e+001  5.3727698311508902e+001  5.3727698311418408e+001  5.3727698311418408e+001  5.3727698311418408e+001  5.3727698311418408e+001  5.3727698311418408e+001  5.3727698311418180e+001  5.3727698311418180e+001
  3.3138179644754496e+002  2.7124967929734657e+002  1.9233937546245681e+002  1.2776119992357985e+002  1.2540669606754568e+002  1.2536368030676135e+002  1.2536367878566227e+002  1.2536367878566080e+002  1.2536367878566045e+002  1.2536367878566045e+002  1.2536367878566034e+002  1.2536367878566034e+002  1.2536367878566034e+002  1.2536367878566034e+002
  2.5888119026605818e+002  2.0743282174523938e+002  1.5816893223983720e+002  1.1430480267319263e+002  1.1093162282604294e+002  1.1091278170300995e+002  1.1091278159864930e+002  1.1091278159863327e+002  1.1091278159863327e+002  1.1091278159863327e+002  1.1091278159863327e+002  1.1091278159863327e+002  1.1091278159863327e+002  1.1091278159863327e+002
  2.8683665799070036e+002  1.6555039996626442e+002  9.4383153414956155e+001  7.2283919606667155e+001  7.1638665814157662e+001  7.1636860223266922e+001  7.1636860218066545e+001  7.1636860218066317e+001  7.1636860218066317e+001  7.1636860218066317e+001  7.1636860218066317e+001  7.1636860218066317e+001  7.1636860218066317e+001  7.1636860218066317e+001
  3.1245634167276057e+002  2.2230035773280645e+002  2.0852437994458342e+002  1.1467884116750781e+002  7.8202788390071760e+001  7.7606621456853418e+001  7.7606609705775440e+001  7.7606609705704159e+001  7.7606609705704159e+001  7.7606609705704159e+001  7.7606609705704159e+001  7.7606609705704159e+001  7.7606609705704159e+001  7.7606609705704159e+001
  2.8371278446526526e+002  1.9339006779589613e+002  1.4973288729120111e+002  1.0208946838228428e+002  9.5076254817772792e+001  9.4993431640117365e+001  9.4993431418991349e+001  9.4993431418986347e+001  9.4993431418986347e+001  9.4993431418986347e+001  9.4993431418986347e+001  9.4993431418986347e+001  9.4993431418986347e+001  9.4993431418986347e+001
