  2.0253816634571467e+002  2.0164349345901883e+002  2.0141325349470935e+002  2.0131205934326590e+002  2.0131194665682824e+002  2.0131194665515886e+002  2.0131194665515886e+002  2.0131194665515886e+002  2.0131194665515841e+002  2.0131194665515841e+002  2.0131194665515841e+002  2.0131194665515841e+002  2.0131194665515841e+002  2.0131194665515841e+002
  2.0320348256105308e+002  2.0260055833106162e+002  2.0256551704418280e+002  2.0256330413079013e+002  2.0256329252968044e+002  2.0256329252967589e+002  2.0256329252967589e+002  1.9536856104640356e+002  1.7663354200898948e+002  1.7660912404752889e+002  1.7660912137909600e+002  1.7660912137908190e+002  1.7660912137908190e+002  1.7660912137908190e+002
  2.0261624898987066e+002  2.0186540080689929e+002  2.0168751557085034e+002  2.0166513029177304e+002  2.0166335534904601e+002  2.0166335534892869e+002  2.0166335534892869e+002  2.0166335534892869e+002  2.0166335534892869e+002  2.0166335534892869e+002  2.0007888840459236e+002  1.8624655472205723e+002  1.8502062977443802e+002  1.8502062977443802e+002
  2.0422675220358178e+002  2.0354839997557838e+002  2.0345340878874231e+002  2.0345140866856582e+002  2.0345140064340785e+002  2.0345140064340740e+002  2.0345140064340740e+002  2.0345140064340740e+002  2.0345140064340740e+002  2.0345140064340740e+002  2.0345140064340740e+002  2.0345140064340740e+002  2.0345140064340740e+002  2.0345140064340740e+002
  2.0480507478871004e+002  2.0319916645321109e+002  2.0196843947365915e+002  2.0141433601819153e+002  2.0138282172337449e+002  2.0138282022221620e+002  2.0138282022221620e+002  2.0138282022221620e+002  2.0138282022221620e+002  2.0138282022221620e+002  2.0138282022221620e+002  2.0138282022221620e+002  2.0138282022221620e+002  2.0138282022221620e+002
  2.0234726435945049e+002  2.0186142242990854e+002  2.0182927268222920e+002  2.0182844334542096e+002  2.0182844049987989e+002  2.0182844049987671e+002  2.0182844049987671e+002  2.0182844049987671e+002  1.8477343270808387e+002  1.8010084788895938e+002  1.8010084788895938e+002  1.7769756633177667e+002  1.7769756633177667e+002  1.7769756633177667e+002
  2.0358721828093348e+002  2.0202702127474322e+002  2.0150927125423459e+002  2.0139143321232723e+002  2.0139122779856234e+002  2.0139122779854551e+002  2.0139122779854551e+002  2.0139122779854551e+002  2.0139122779854551e+002  2.0139122779854551e+002  2.0139122779854551e+002  2.0139122779854551e+002  2.0139122779854551e+002  2.0139122779854551e+002
  2.0188601650619876e+002  2.0158892508852887e+002  2.0148052378595139e+002  2.0147520272082193e+002  2.0147515919989974e+002  2.0147515919987791e+002  2.0147515919987745e+002  2.0147515919987745e+002  2.0147515919987745e+002  2.0147515919987745e+002  2.0147515919987745e+002  2.0147515919987745e+002  2.0147515919987745e+002  2.0147515919987745e+002
  2.0579538194112911e+002  2.0368066511399866e+002  2.0321446902086427e+002  2.0284173088213402e+002  2.0284054723049530e+002  2.0284054723009012e+002  2.0284054723009012e+002  2.0284054723009012e+002  1.3883799818227180e+002  1.2739145275212013e+002  1.2739145240335165e+002  1.2739145240335165e+002  1.2739145240335165e+002  1.2739145240335165e+002
  1.6838435305503162e+002  1.5766123372236643e+002  1.4892336974615591e+002  1.4406980093177572e+002  1.4402051684086655e+002  1.4402051681758576e+002  1.4402051681758576e+002  1.4402051681758576e+002  1.4402051681758576e+002  1.4402051681758576e+002  1.4402051681758576e+002  1.4402051681758576e+002  1.4402051681758576e+002  1.4402051681758576e+002
  2.0438902015075882e+002  2.0347265318358086e+002  2.0320292312331139e+002  2.0318914896528577e+002  2.0318905938925991e+002  2.0318905938923399e+002  2.0318905938923399e+002  2.0318905938923399e+002  2.0318905938923399e+002  2.0318905938923399e+002  2.0318905938923399e+002  2.0318905938923399e+002  2.0318905938923399e+002  2.0318905938923399e+002
  2.0546877240722188e+002  2.0364723299636216e+002  2.0343583474335992e+002  2.0342582328491380e+002  2.0342581042809843e+002  2.0342581042806796e+002  2.0342581042806796e+002  2.0342581042806796e+002  2.0342581042806796e+002  2.0342581042806796e+002  2.0342581042806796e+002  2.0342581042806796e+002  2.0342581042806796e+002  2.0342581042806796e+002
  2.0218934381840472e+002  2.0013284598032078e+002  1.9837269039974808e+002  1.9682520487547117e+002  1.9682339176233427e+002  1.9682339176190544e+002  1.9682339176190544e+002  1.9682339176190544e+002  1.9682339176190544e+002  1.9682339176190544e+002  1.9682339176190544e+002  1.9682339176190544e+002  1.9682339176190544e+002  1.9682339176190544e+002
  2.0314983810115245e+002  2.0173259981621823e+002  2.0162462676471387e+002  2.0161479811771187e+002  2.0161474877071805e+002  2.0161474877070805e+002  2.0161474877070805e+002  2.0161474877070805e+002  2.0161474877070805e+002  2.0161474877070805e+002  2.0161474877070805e+002  2.0161474877070805e+002  2.0161474877070805e+002  2.0161474877070805e+002
  1.8769033816993942e+002  1.5274209468124354e+002  1.4817611394867663e+002  1.4739313255849765e+002  1.4739194742650625e+002  1.4739194742645577e+002  1.4739194742645577e+002  1.4739194742645577e+002  1.4739194742645577e+002  1.4739194742645577e+002  1.4739194742645577e+002  1.4739194742645577e+002  1.4739194742645577e+002  1.4739194742645577e+002
  2.0340792397952100e+002  2.0286633103900931e+002  2.0251173499910101e+002  2.0248360452635916e+002  2.0248354822599867e+002  2.0248354822599231e+002  2.0248354822599185e+002  2.0248354822599185e+002  2.0248354822599185e+002  2.0248354822599185e+002  2.0248354822599185e+002  2.0248354822599185e+002  2.0248354822599185e+002  2.0248354822599185e+002
  2.0350035515659238e+002  2.0197970192706589e+002  2.0175791246796098e+002  2.0164719395635984e+002  2.0164621397285782e+002  2.0164621397264182e+002  2.0164621397264182e+002  1.9819888533156336e+002  1.9247916381822733e+002  1.8216439195397106e+002  1.7418230892555130e+002  1.7418230892555130e+002  1.7418230892555130e+002  1.7418230892555130e+002
  2.0415808894883867e+002  2.0270417650289892e+002  2.0201958663470123e+002  2.0190963361160220e+002  2.0190945612687210e+002  2.0190945612684618e+002  2.0190945612684573e+002  2.0190945612684573e+002  2.0190945612684573e+002  2.0190945612684573e+002  2.0190945612684573e+002  2.0190945612684573e+002  2.0190945612684573e+002  2.0190945612684573e+002
  2.0515047306381530e+002  2.0316631515460449e+002  2.0296714289229112e+002  2.0290096744089306e+002  2.0257539591776185e+002  2.0257525484789994e+002  2.0257525484789994e+002  2.0257525484789994e+002  2.0257525484789994e+002  2.0257525484789994e+002  2.0257525484789994e+002  2.0257525484789994e+002  2.0257525484789994e+002  2.0257525484789994e+002
  2.0521509159364996e+002  2.0426289458463225e+002  2.0418675938720844e+002  2.0416583613601597e+002  2.0416556175302912e+002  2.0416556175287815e+002  2.0416556175287815e+002  2.0416556175287815e+002  2.0416556175287769e+002  2.0416556175287769e+002  2.0416556175287769e+002  2.0416556175287769e+002  2.0416556175287769e+002  2.0416556175287769e+002
  2.0294506223359713e+002  2.0190170146243190e+002  2.0184751748484314e+002  2.0184094855188778e+002  2.0184091694484323e+002  2.0184091694484050e+002  2.0184091694484050e+002  2.0184091694484050e+002  2.0184091694484050e+002  1.5574407629406278e+002  1.4763790014268534e+002  1.4425083640592993e+002  1.2920136577920175e+002  1.2920136577920175e+002
  2.0335617201500327e+002  2.0204915473073652e+002  2.0189275041633437e+002  2.0187798086455814e+002  2.0187796493533824e+002  2.0187796493533551e+002  2.0187796493533551e+002  2.0187796493533551e+002  2.0187796493533551e+002  2.0187796493533551e+002  2.0187796493533551e+002  2.0187796493533551e+002  2.0187796493533551e+002  2.0187796493533551e+002
  2.0320993662011597e+002  2.0171382763273186e+002  2.0126476543539229e+002  2.0121285315028126e+002  2.0121052346409579e+002  2.0121052346387478e+002  2.0121052346387478e+002  2.0121052346387478e+002  2.0121052346387478e+002  2.0121052346387478e+002  2.0121052346387478e+002  2.0121052346387478e+002  2.0121052346387478e+002  2.0121052346387478e+002
  2.0335673025432925e+002  2.0304571943062683e+002  2.0298898083952190e+002  2.0298261473334469e+002  2.0298259236593549e+002  2.0298259236592821e+002  2.0298259236592821e+002  2.0298259236592821e+002  2.0298259236592821e+002  2.0298259236592821e+002  2.0298259236592821e+002  2.0298259236592821e+002  2.0298259236592821e+002  2.0298259236592821e+002
  2.0290528438230422e+002  2.0170294790893104e+002  2.0158554780938402e+002  2.0153668903423977e+002  2.0153664288596656e+002  2.0153664288584014e+002  2.0153664288584014e+002  2.0153664288584014e+002  2.0153664288584014e+002  2.0153664288584014e+002  2.0153664288584014e+002  2.0153664288584014e+002  2.0153664288584014e+002  2.0153664288584014e+002
  1.9224947324378309e+002  1.7520000282601541e+002  1.6374192234003021e+002  1.5088603937274229e+002  1.4988356144553882e+002  1.4988356113077180e+002  1.4988356113077180e+002  1.4988356113077180e+002  1.4988356113077180e+002  1.4988356113077180e+002  1.4988356113077180e+002  1.4988356113077180e+002  1.4988356113077180e+002  1.4988356113077180e+002
  2.0427179220801190e+002  2.0315908230464311e+002  1.8534285761680758e+002  1.7092706800919404e+002  1.4355580684181223e+002  1.4354474822180191e+002  1.4354474822177917e+002  1.4354474822177917e+002  1.4354474822177917e+002  1.4354474822177917e+002  1.4354474822177872e+002  1.4354474822177872e+002  1.4354474822177872e+002  1.4354474822177872e+002
  2.0233453388944554e+002  2.0178530276668744e+002  2.0157239709929263e+002  2.0154081666011825e+002  2.0154072681889875e+002  2.0154072681883190e+002  2.0154072681883190e+002  2.0154072681883190e+002  2.0154072681883190e+002  2.0154072681883190e+002  2.0154072681883190e+002  2.0154072681883190e+002  2.0154072681883190e+002  2.0154072681883190e+002
  2.0334137351687150e+002  2.0151457699216598e+002  2.0104428378460034e+002  2.0101257081518997e+002  2.0101251612880333e+002  2.0101251612879742e+002  2.0101251612879742e+002  2.0101251612879742e+002  2.0101251612879742e+002  2.0101251612879742e+002  2.0101251612879742e+002  2.0101251612879742e+002  2.0101251612879742e+002  2.0101251612879742e+002
  2.0221547361645571e+002  2.0138528235658396e+002  2.0123256849156678e+002  2.0112952947479653e+002  2.0112929441738970e+002  2.0112929441725282e+002  2.0112929441725282e+002  2.0112929441725282e+002  2.0112929441725282e+002  2.0112929441725282e+002  2.0112929441725282e+002  2.0112929441725282e+002  2.0112929441725282e+002  2.0112929441725282e+002
  2.0224397080101244e+002  2.0156190370784316e+002  2.0129211362935530e+002  2.0128886266386780e+002  2.0128885848039272e+002  2.0128885848039272e+002  2.0128885848039272e+002  2.0128885848039272e+002  2.0128885848039272e+002  1.3982476109157687e+002  1.3923941180696829e+002  1.3923937540959651e+002  1.3923937540853694e+002  1.3923937540853694e+002
  1.8216917674244360e+002  1.7476719361826872e+002  1.6616847857675930e+002  1.5833421959206544e+002  1.5743953239647044e+002  1.5743953216691489e+002  1.5743953216691489e+002  1.5743953216691489e+002  1.5743953216691489e+002  1.5743953216691489e+002  1.5743953216691489e+002  1.5743953216691489e+002  1.5743953216691489e+002  1.5743953216691489e+002
  2.0234517436556052e+002  2.0166447565149201e+002  2.0077397748595058e+002  2.0076276341587345e+002  2.0076270643654607e+002  2.0076270643648422e+002  2.0076270643648422e+002  2.0076270643648422e+002  2.0076270643648422e+002  2.0076270643648422e+002  2.0076270643648422e+002  2.0076270643648422e+002  2.0076270643648422e+002  2.0076270643648422e+002
  1.8416368208342874e+002  1.6009208884252166e+002  1.5477941519725982e+002  1.5057312954706640e+002  1.5056622257632489e+002  1.5056622256307583e+002  1.5056622256307583e+002  1.5056622256307583e+002  1.5056622256307583e+002  1.5056622256307583e+002  1.5056622256307583e+002  1.5056622256307583e+002  1.5056622256307583e+002  1.5056622256307583e+002
  2.0528123332171481e+002  2.0439638017588777e+002  2.0261120854372575e+002  2.0253032868614537e+002  2.0253011371073126e+002  2.0253011371054163e+002  2.0253011371054163e+002  2.0253011371054163e+002  2.0253011371054163e+002  2.0253011371054163e+002  2.0253011371054163e+002  2.0253011371054163e+002  1.6625885819870928e+002  1.6625885819870928e+002
  2.0286085289509992e+002  2.0233654290191498e+002  2.0217929223934152e+002  2.0215122386405437e+002  2.0215109202995654e+002  2.0215109202994563e+002  2.0215109202994563e+002  2.0215109202994563e+002  2.0215109202994563e+002  2.0215109202994563e+002  2.0215109202994563e+002  2.0215109202994563e+002  2.0215109202994563e+002  2.0215109202994563e+002
  2.0268688596089760e+002  2.0216607654231802e+002  2.0207021485973200e+002  2.0204567534032685e+002  2.0204542199582829e+002  2.0204542199572825e+002  2.0204542199572779e+002  2.0204542199572779e+002  2.0204542199572779e+002  2.0204542199572779e+002  2.0204542199572779e+002  1.9461588881485523e+002  1.8969463097675361e+002  1.8969463097675361e+002
  2.0373653844007322e+002  2.0276870969614811e+002  2.0269476532544195e+002  2.0267674885124006e+002  2.0267667768980891e+002  2.0267667768953197e+002  2.0267667768953197e+002  2.0267667768953197e+002  2.0267667768953197e+002  2.0267667768953197e+002  2.0267667768953197e+002  2.0267667768953197e+002  2.0267667768953197e+002  2.0267667768953197e+002
  2.0229257587095344e+002  2.0130162571060009e+002  2.0121075716218593e+002  2.0119953810372272e+002  2.0119948783843574e+002  2.0119948783842119e+002  2.0119948783842119e+002  2.0119948783842074e+002  2.0119948783842074e+002  2.0119948783842074e+002  2.0119948783842074e+002  2.0119948783842074e+002  2.0119948783842074e+002  2.0119948783842074e+002
  2.0304334625323554e+002  2.0162584990592450e+002  2.0149250315459722e+002  2.0127779009829783e+002  2.0127667061200509e+002  2.0127667061172860e+002  2.0127667061172815e+002  2.0127667061172815e+002  2.0127667061172815e+002  2.0127667061172815e+002  2.0127667061172815e+002  2.0127667061172815e+002  1.9617239844307187e+002  1.9617239844307187e+002
  1.7020825818978847e+002  1.4448041201111937e+002  1.3803060524608554e+002  1.3123079056029974e+002  1.3121400631154165e+002  1.3121400630350263e+002  1.3121400630350263e+002  1.3121400630350263e+002  1.3121400630350263e+002  1.3121400630350263e+002  1.3121400630350263e+002  1.3121400630350263e+002  1.3121400630350263e+002  1.3121400630350263e+002
  2.0358392294836267e+002  2.0192428226062930e+002  2.0166290783719569e+002  2.0165698122330105e+002  2.0165697783104770e+002  2.0165697783093719e+002  2.0165697783093719e+002  2.0165697783093719e+002  2.0165697783093719e+002  2.0165697783093719e+002  2.0165697783093719e+002  2.0165697783093719e+002  1.7865678053711281e+002  1.7865678053711281e+002
  2.0434308027732186e+002  2.0039900355970258e+002  1.9449298424260223e+002  1.9208470410704285e+002  1.9197392082929719e+002  1.9197392080710461e+002  1.9197392080710461e+002  1.9197392080710461e+002  1.9197392080710461e+002  1.9197392080710461e+002  1.9197392080710461e+002  1.9197392080710461e+002  1.5578916084882212e+002  1.5578916084882212e+002
  2.0483075264010267e+002  2.0219870054454987e+002  2.0179303054982847e+002  2.0123599781854045e+002  2.0122696474000895e+002  2.0122696473979249e+002  2.0122696473979249e+002  2.0122696473979249e+002  2.0122696473979249e+002  2.0122696473979249e+002  2.0122696473979249e+002  1.8187035144322545e+002  1.8094279009607544e+002  1.8094279009607544e+002
  2.0422983797566621e+002  2.0325325424557377e+002  2.0283967092521971e+002  2.0281155992471804e+002  2.0281140475567236e+002  2.0281140475563734e+002  2.0281140475563734e+002  1.9576768424660440e+002  1.9576768424660440e+002  1.9576768424660440e+002  1.9563102906044332e+002  1.9563102906044332e+002  1.9294677963777485e+002  1.9294677963777485e+002
  2.0319768180026676e+002  2.0250936884006660e+002  2.0213583260088762e+002  2.0196536487190542e+002  2.0196359492777901e+002  2.0196359492715374e+002  2.0196359492715374e+002  2.0196359492715374e+002  2.0196359492715374e+002  2.0196359492715374e+002  2.0196359492715374e+002  2.0196359492715374e+002  1.8482987708868404e+002  1.8482987708868404e+002
  2.0317234772115080e+002  2.0244858217492447e+002  2.0234916852092238e+002  2.0233996721474205e+002  2.0233992307872813e+002  2.0233992307871358e+002  2.0233992307871358e+002  2.0233992307871358e+002  2.0233992307871358e+002  2.0233992307871358e+002  2.0233992307871358e+002  2.0233992307871358e+002  2.0233992307871358e+002  2.0233992307871358e+002
  2.0441849254006002e+002  2.0299379310490031e+002  2.0278433864632689e+002  2.0277701432958838e+002  2.0277693046602189e+002  2.0277693046508239e+002  2.0277693046508239e+002  2.0277693046508239e+002  2.0277693046508239e+002  2.0277693046508239e+002  2.0277693046508239e+002  2.0277693046508239e+002  2.0277693046508193e+002  2.0277693046508193e+002
  2.0338253640563198e+002  2.0228933145476185e+002  2.0215630387865212e+002  2.0209973864637413e+002  2.0209953457340725e+002  2.0209953457338725e+002  2.0209953457338725e+002  2.0209953457338725e+002  2.0209953457338725e+002  2.0209953457338725e+002  2.0209953457338725e+002  2.0209953457338725e+002  2.0209953457338725e+002  2.0209953457338725e+002
  2.0242793069812069e+002  2.0189152419571701e+002  2.0158379558406477e+002  2.0141905266194954e+002  2.0136414862437778e+002  2.0136414860367677e+002  2.0136414860367677e+002  2.0136414860367677e+002  2.0136414860367677e+002  2.0136414860367677e+002  2.0136414860367631e+002  2.0136414860367631e+002  2.0136414860367631e+002  2.0136414860367631e+002
  2.0527161375075866e+002  2.0214981964034951e+002  2.0165553229964962e+002  2.0158289585726379e+002  2.0158268325416111e+002  2.0158268325285690e+002  2.0158268325285690e+002  2.0158268325285690e+002  2.0158268325285690e+002  1.6572007521825071e+002  1.5540386332167782e+002  1.5533912523496792e+002  1.5531993571662770e+002  1.5531993571662770e+002
