  7.7134065318267494e+003  6.8018158794323972e+003  6.1000636841360265e+003  5.7927693535240232e+003  5.5979813274743028e+003  5.5702121226119507e+003  5.5666102741899904e+003  5.5657631299986406e+003  5.5655069277274324e+003  5.5652363926778853e+003  5.5652055490048788e+003  5.5638479315755740e+003  5.5636116226475096e+003  5.5636116226475096e+003
  5.0011949087743342e+003  4.3271648968834916e+003  3.9126604939595090e+003  3.6073724126888128e+003  3.5224560318284875e+003  3.5097901601371123e+003  3.5095368722506646e+003  3.5094059324141108e+003  3.5093922187842882e+003  3.5093899692926962e+003  3.5093897031711422e+003  3.5093896756376325e+003  3.5093896747159015e+003  3.5093896747159015e+003
  5.6952275908707525e+003  4.4148374525854742e+003  3.8845132129669637e+003  3.6285619633509486e+003  3.5326959663854132e+003  3.5106428231062982e+003  3.5104260384824483e+003  3.5104243264937741e+003  3.5104243196442067e+003  3.5104243195462868e+003  3.5104243195438303e+003  3.5104243195438012e+003  3.5104243195433864e+003  3.5104243195433864e+003
  5.4328317600493829e+003  3.9965656166769468e+003  3.6579386471680100e+003  3.4957723472910984e+003  3.2971580142565954e+003  3.2196272126472504e+003  3.2159379190791469e+003  3.2143306904471647e+003  3.2140177987664783e+003  3.2138037291582077e+003  3.2137382304980465e+003  3.2135707456849404e+003  3.2134636368846222e+003  3.2134636368846222e+003
  5.9798413712127585e+003  4.5077007508224015e+003  4.1460288048206858e+003  3.7619088987224250e+003  3.5347073797003923e+003  3.4962809289435336e+003  3.4909015718365299e+003  3.4891993411490212e+003  3.4880057329683186e+003  3.4851347672175243e+003  3.4849041262589735e+003  3.4847837645127029e+003  3.4847623986522449e+003  3.4847623986522449e+003
  4.9534096490515331e+003  4.1358631673747495e+003  3.7384493549378994e+003  3.5179379635807463e+003  3.4494345858452389e+003  3.4208930859291459e+003  3.4186653846846939e+003  3.4183741383518454e+003  3.4181149286977034e+003  3.4162313425306202e+003  3.4158058099526706e+003  3.4155528636269119e+003  3.4155077386750681e+003  3.4155077386750681e+003
  7.0544721414646810e+003  5.2518327214853307e+003  4.8243052183348555e+003  4.5574368804341966e+003  4.3197767967737655e+003  4.3013502784271332e+003  4.2850733695405052e+003  4.2789784541412846e+003  4.2731376642330379e+003  4.2724995290965271e+003  4.2717892277088968e+003  4.2715212436386209e+003  4.2667000923258838e+003  4.2667000923258838e+003
  5.3683685591399908e+003  4.2824779352222122e+003  3.7683215748360362e+003  3.4586149869515511e+003  3.3748792479332787e+003  3.3625519696794918e+003  3.3622176136399048e+003  3.3621066665034896e+003  3.3620878004976339e+003  3.3620866501809451e+003  3.3620805623492070e+003  3.3620773482192453e+003  3.3620761345527362e+003  3.3620761345527362e+003
  6.3239650725493084e+003  5.6591600499720098e+003  5.2534771236683173e+003  4.9693639123976036e+003  4.7918299179509941e+003  4.7428778095536400e+003  4.7407634781479674e+003  4.7398255780679356e+003  4.7397546150701564e+003  4.7397015808080814e+003  4.7395745210078194e+003  4.7395565476283573e+003  4.7395514023554206e+003  4.7395514023554206e+003
  5.7373002020542008e+003  4.5644126291494867e+003  4.0600484120764595e+003  3.6629639459454147e+003  3.5293076659035496e+003  3.5009896557640250e+003  3.4967039205153469e+003  3.4931689563414366e+003  3.4926708870647890e+003  3.4924353570383209e+003  3.4923917345377295e+003  3.4922120509354590e+003  3.4922001911852021e+003  3.4922001911852021e+003
  5.9323459198325654e+003  4.0475875403267300e+003  3.3866746094798782e+003  3.0450763585047935e+003  2.7881533124750476e+003  2.6911436000734739e+003  2.6883795536998223e+003  2.6873456359387401e+003  2.6869617221432218e+003  2.6869029494288188e+003  2.6868627614267707e+003  2.6827052078988463e+003  2.6824699815376907e+003  2.6824699815376907e+003
  8.7176575083940970e+003  7.7780804226104374e+003  7.2003183128324636e+003  6.7629712402193345e+003  6.5245614885986870e+003  6.5125288127191106e+003  6.5125045339815624e+003  6.5125016462419844e+003  6.5125016409822001e+003  6.5125016396946558e+003  6.5125016396927167e+003  6.5125016396918963e+003  6.5125016396918909e+003  6.5125016396918909e+003
  7.7351305782191448e+003  5.9717939347526917e+003  5.1948657416498299e+003  4.6275120625402651e+003  4.3369556294615495e+003  4.2393333165302593e+003  4.2234427882860200e+003  4.2222205233314653e+003  4.2219735676427354e+003  4.2219019284897850e+003  4.2218033577651840e+003  4.2217558235962097e+003  4.2217150272515864e+003  4.2217150272515864e+003
  6.0513872067948541e+003  5.1015245662097259e+003  4.6052426424257937e+003  4.3389735781170129e+003  4.1772250814564586e+003  4.1011639280358304e+003  4.0483573351355990e+003  4.0396270058666232e+003  4.0378526686709265e+003  4.0375762297660840e+003  4.0374883620349265e+003  4.0374704936741336e+003  4.0372540107021505e+003  4.0372540107021505e+003
  7.4558845734504484e+003  6.4283027333282189e+003  5.6053958833315501e+003  5.1623825101846533e+003  5.0255896078612950e+003  5.0019869748089031e+003  4.9855722112893000e+003  4.9818987752162357e+003  4.9813802515606940e+003  4.9807961435709221e+003  4.9805490289668378e+003  4.9804272801213583e+003  4.9803360332230222e+003  4.9803360332230222e+003
  5.4385175539314696e+003  4.4593822840136763e+003  3.8625499570094435e+003  3.5263526259817518e+003  3.3813275908478572e+003  3.3480278201564561e+003  3.3454240150649866e+003  3.3451062051729878e+003  3.3447078982426265e+003  3.3445052774381411e+003  3.3443635597291268e+003  3.3443200670294973e+003  3.3442144219573183e+003  3.3442144219573183e+003
  6.2473759326319778e+003  5.3789874515550109e+003  4.7721911747562035e+003  4.4222697014267578e+003  4.3453788840297275e+003  4.3374428311145293e+003  4.3374188593344152e+003  4.3374107945375299e+003  4.3374107934534677e+003  4.3374107934516614e+003  4.3374107934516514e+003  4.3374107934516514e+003  4.3374107934516469e+003  4.3374107934516469e+003
  7.5716387918797154e+003  5.9214144270464822e+003  4.7952487950935138e+003  4.1421680644216995e+003  3.9595640392970454e+003  3.9285748090434645e+003  3.9105333891256341e+003  3.9092568842879682e+003  3.9088754914215624e+003  3.9088134027141186e+003  3.9087977957912753e+003  3.9084341158561419e+003  3.9083956538702860e+003  3.9083956538702860e+003
  8.1545259296290096e+003  6.3936479119221694e+003  5.5649140597009100e+003  4.9166681923059823e+003  4.7246683181826147e+003  4.7091657884445349e+003  4.7068475665483156e+003  4.7067936205506994e+003  4.7067611854842917e+003  4.7067424101729184e+003  4.7067419483343901e+003  4.7067418919710617e+003  4.7067418914433129e+003  4.7067418914433129e+003
  5.8262681970235117e+003  5.3395507470090279e+003  4.7450628006097668e+003  4.2664301690281418e+003  4.0792804658085888e+003  4.0530776786171828e+003  4.0500594702539256e+003  4.0500340807852435e+003  4.0500147660551092e+003  4.0500125232506525e+003  4.0500125168845288e+003  4.0500125161188844e+003  4.0500125158421797e+003  4.0500125158421797e+003
  4.4232680140892844e+003  3.8170144920420234e+003  3.3778939046082896e+003  3.2120308564457064e+003  3.0864145805482303e+003  3.0518926609266400e+003  3.0479200678426332e+003  3.0476035294470985e+003  3.0473983901726688e+003  3.0471856162547374e+003  3.0469507375398207e+003  3.0467118589444017e+003  3.0466342572460107e+003  3.0466342572460107e+003
  6.7084912204152533e+003  5.8356557939392314e+003  5.2633359585977869e+003  4.9815984097757291e+003  4.8491960616601646e+003  4.8306116394352421e+003  4.8293821533600531e+003  4.8291800146176392e+003  4.8289774606744122e+003  4.8286927726754311e+003  4.8285643366215081e+003  4.8285540990240170e+003  4.8285472503169121e+003  4.8285472503169121e+003
  7.4515091748860541e+003  5.5269253969904730e+003  4.9189153154420719e+003  4.3133147710586254e+003  4.1520209837979855e+003  4.0600801792661223e+003  4.0472281817952999e+003  4.0464232837163081e+003  4.0454386482081864e+003  4.0453472050969976e+003  4.0452225837388432e+003  4.0440977367096048e+003  4.0440085892016514e+003  4.0440085892016514e+003
  5.8241798718696700e+003  2.9856152983557677e+003  2.6294287591547773e+003  2.4152034072474780e+003  2.2880223404924800e+003  2.2298551033201838e+003  2.2258134730608253e+003  2.2253484900013555e+003  2.2251003057996277e+003  2.2244357893738988e+003  2.2244032596123798e+003  2.2243805789562730e+003  2.2243660930636088e+003  2.2243660930636088e+003
  3.4868083887944404e+003  2.4184093335249199e+003  2.1304825874592898e+003  1.9373765799012399e+003  1.8675573531260634e+003  1.8225337237091799e+003  1.8220146397292428e+003  1.8219648735391211e+003  1.8219628755823478e+003  1.8219628413705796e+003  1.8219628404720543e+003  1.8219628404483738e+003  1.8219628404483274e+003  1.8219628404483274e+003
  5.9034545030164427e+003  4.4440991668424549e+003  3.8403397419004796e+003  3.4231185332073046e+003  3.2634493973456201e+003  3.2390827412084564e+003  3.2385086131855314e+003  3.2383692864875075e+003  3.2383516980603781e+003  3.2383515348675155e+003  3.2383515198958976e+003  3.2383476869817596e+003  3.2383424363671129e+003  3.2383424363671129e+003
  6.1786866527119091e+003  4.0028644742588858e+003  3.3314005962630299e+003  3.1073843572065671e+003  3.0650010054483237e+003  3.0582645286756142e+003  3.0579341611423697e+003  3.0578128770746225e+003  3.0577875745037836e+003  3.0577866264313925e+003  3.0577841834660521e+003  3.0577840619888993e+003  3.0577837686630501e+003  3.0577837686630501e+003
  6.1504187022073347e+003  5.0501555339034958e+003  4.4536224486362753e+003  4.1843054721678309e+003  4.0813111852882239e+003  4.0640101772305579e+003  4.0579818736886145e+003  4.0570065707907552e+003  4.0564123107531577e+003  4.0562660371465372e+003  4.0561453959844748e+003  4.0561222211639488e+003  4.0561199878783564e+003  4.0561199878783564e+003
  6.9369469179957268e+003  5.8190907768286907e+003  5.1702434413267310e+003  4.6780615080747557e+003  4.5279875393283928e+003  4.4962667591299987e+003  4.4943607621067913e+003  4.4931496016979681e+003  4.4928045285080916e+003  4.4927067330390537e+003  4.4924901754976208e+003  4.4923378829463145e+003  4.4923174577215650e+003  4.4923174577215650e+003
  4.3302530896793123e+003  3.3028977071480540e+003  2.9655777968768762e+003  2.8760209041905837e+003  2.7834648552250737e+003  2.6832357030140920e+003  2.6800194186100098e+003  2.6774083614760666e+003  2.6756166025948196e+003  2.6754870040649375e+003  2.6753930300065540e+003  2.6751343817204952e+003  2.6750980189531056e+003  2.6750980189531056e+003
  4.9950980765510440e+003  3.8759160171373414e+003  3.4716602768967605e+003  3.2753657031411813e+003  2.9849621774073858e+003  2.7943041876232874e+003  2.7902645764107192e+003  2.7891872857874996e+003  2.7871145034167494e+003  2.7855971866619102e+003  2.7853821289288926e+003  2.7849746179531412e+003  2.7849241286618535e+003  2.7849241286618535e+003
  6.8842313085424030e+003  5.8394834679392643e+003  5.0155029547527902e+003  4.7496364524077244e+003  4.5915792720493664e+003  4.5622155228889496e+003  4.5615303067304512e+003  4.5600795616184078e+003  4.5596934908720577e+003  4.5594452612537170e+003  4.5592861675624654e+003  4.5592492779518589e+003  4.5592091286698105e+003  4.5592091286698105e+003
  4.8233945663406375e+003  3.7825612451045909e+003  3.3660543492611014e+003  3.1593220710327278e+003  2.9287746948967288e+003  2.8387625257757900e+003  2.8238436244343320e+003  2.8202720712510773e+003  2.8197113571003347e+003  2.8195176074400206e+003  2.8193716273554182e+003  2.8193277149036103e+003  2.8191887521583685e+003  2.8191887521583685e+003
  5.0013959899840902e+003  4.1649127414366740e+003  3.7235751928765494e+003  3.2184718716300222e+003  2.8722021391701655e+003  2.8360888924823767e+003  2.8323550173259846e+003  2.8307287539188001e+003  2.8304940891678125e+003  2.8303294427861001e+003  2.8302393571303301e+003  2.8302248048259971e+003  2.8302203484040256e+003  2.8302203484040256e+003
  6.7457065205832841e+003  5.5207064984443659e+003  4.7763250893510185e+003  4.4682181323043587e+003  4.3843764784977348e+003  4.3678587692124511e+003  4.3642298069523622e+003  4.3635513923335557e+003  4.3634322113823100e+003  4.3633584797981966e+003  4.3629919863139949e+003  4.3629596900954475e+003  4.3629449582994666e+003  4.3629449582994666e+003
  5.7732895120469257e+003  3.6734854997531347e+003  3.1443877499940882e+003  2.9567568028445530e+003  2.8506439548838052e+003  2.8277265173880432e+003  2.8230877385442063e+003  2.8201529768802484e+003  2.8199726922640348e+003  2.8197891983923437e+003  2.8195970420026333e+003  2.7741928604000168e+003  2.7693258693152939e+003  2.7693258693152939e+003
  5.1982852088605559e+003  4.4542896368270858e+003  3.9057905804849115e+003  3.6797863587668508e+003  3.5215222444385836e+003  3.3575455677897771e+003  3.3527264815115795e+003  3.3525358017962963e+003  3.3525040254596024e+003  3.3524531027001140e+003  3.3524457775926339e+003  3.3524124053066016e+003  3.3524020858880876e+003  3.3524020858880876e+003
  5.5265506316362626e+003  4.3709665428732387e+003  3.7066534787704586e+003  3.4023623255570346e+003  3.1787398689259717e+003  3.1632959475843782e+003  3.1632029215197499e+003  3.1632023831325405e+003  3.1632023824457392e+003  3.1632023824385724e+003  3.1632023824385578e+003  3.1632023824385560e+003  3.1632023824385542e+003  3.1632023824385542e+003
  7.7722023776472779e+003  5.3252858169653937e+003  4.5019540379957261e+003  4.0378732321753114e+003  3.6734104552652261e+003  3.5422835159801152e+003  3.5180476126369340e+003  3.5117079756476696e+003  3.5090817899430822e+003  3.5054512078701082e+003  3.5038551201228502e+003  3.5029104882914671e+003  3.5023091263728802e+003  3.5023091263728802e+003
  5.6961605854004083e+003  3.4743908089178676e+003  3.0069702112055438e+003  2.4923393452420905e+003  2.1603444530726420e+003  2.1151100393114448e+003  2.1141998897170915e+003  2.1130996543933743e+003  2.1129207998435286e+003  2.1127507190495326e+003  2.1127229927085955e+003  2.1127119972062301e+003  2.1127074562590478e+003  2.1127074562590478e+003
  6.0620106337326088e+003  4.8086249164601786e+003  4.5262083312065351e+003  4.1948008107717324e+003  4.0733959034523596e+003  4.0328307778546368e+003  3.9675721165849882e+003  3.9668753959704991e+003  3.9662028077357118e+003  3.9661871956613841e+003  3.9661861581595795e+003  3.9661850254730707e+003  3.9661849218775296e+003  3.9661849218775296e+003
  3.6530634938171333e+003  2.2522192521147208e+003  1.9881267740082321e+003  1.8148869145597419e+003  1.7490050269514559e+003  1.7288198887828712e+003  1.7181013080672583e+003  1.7172668197374442e+003  1.7168450004633251e+003  1.7167397024248412e+003  1.7167085253769392e+003  1.7167028867524423e+003  1.7167004380642593e+003  1.7167004380642593e+003
  5.6894799525924245e+003  3.6330661959686931e+003  3.1956816870800030e+003  2.9710377959353345e+003  2.8839027104038705e+003  2.8458440376292501e+003  2.8427512419000759e+003  2.8422458530538097e+003  2.8418606133169860e+003  2.8418001969660281e+003  2.8417591483567612e+003  2.8417423193694030e+003  2.8417294867851615e+003  2.8417294867851615e+003
  3.6409306647514350e+003  2.3726686925814638e+003  2.0175715736765687e+003  1.8995176940310421e+003  1.8475805161114940e+003  1.7381194187600468e+003  1.7368273815602724e+003  1.7365189312174261e+003  1.7352254786308640e+003  1.7350252153374286e+003  1.7350013517751504e+003  1.7349237749369659e+003  1.7349012084269725e+003  1.7349012084269725e+003
  6.2789852017877165e+003  5.3429011080301279e+003  4.8423267431722707e+003  4.6351905333551340e+003  4.4300005570829908e+003  4.3745644182436827e+003  4.3686486322292940e+003  4.3675791518455226e+003  4.3674588591494958e+003  4.3673536606301150e+003  4.3673408419631596e+003  4.3672569191464154e+003  4.3672138533559882e+003  4.3672138533559882e+003
  4.6611660546435851e+003  3.1487194005491310e+003  2.8097354673058207e+003  2.6079716028724270e+003  2.5232940598656332e+003  2.4650514515915302e+003  2.4637912630001756e+003  2.4634934270227768e+003  2.4633505343380893e+003  2.4631528110529161e+003  2.4631219189330295e+003  2.4631091094004896e+003  2.4631017743913244e+003  2.4631017743913244e+003
  7.6617766419469699e+003  6.5903426238180182e+003  5.9126618836201305e+003  5.3059911375177535e+003  5.2023617248765304e+003  5.1322190896137809e+003  5.1071548406354668e+003  5.1048618228667892e+003  5.1035205855193944e+003  5.1033590335567815e+003  5.1033481542759246e+003  5.1033429538350474e+003  5.1033223262439406e+003  5.1033223262439406e+003
  5.3873440351259787e+003  4.2104955101467667e+003  3.7110377862427431e+003  3.4247244893057614e+003  3.0797356011383035e+003  2.9595185906284378e+003  2.9522944804858316e+003  2.9518452869208813e+003  2.9516248531384817e+003  2.9515270806625613e+003  2.9514846496301852e+003  2.9514054172007009e+003  2.9513444736354777e+003  2.9513444736354777e+003
  4.4520997438796985e+003  2.8859292471717654e+003  2.2381871233812808e+003  2.0450201597316445e+003  1.9051768824743103e+003  1.8862994125489677e+003  1.8832271600920194e+003  1.8817126588820975e+003  1.8738961774336112e+003  1.8732056478567511e+003  1.8730769281910998e+003  1.8730012650446315e+003  1.8729692853787337e+003  1.8729692853787337e+003
  6.1304478171306255e+003  4.7667589763993701e+003  4.3823013220165576e+003  4.2347147471469789e+003  4.1126873036263123e+003  4.0864283986316650e+003  4.0760094193331934e+003  4.0754212380529798e+003  4.0642035638579800e+003  4.0531854292468943e+003  4.0529470228223145e+003  4.0529158748930458e+003  4.0529150499152311e+003  4.0529150499152311e+003
  3.9646526778388134e+003  2.1411811676729094e+003  1.8935529959831474e+003  1.7268253170182379e+003  1.6960515747370664e+003  1.6933124746785561e+003  1.6932275738058825e+003  1.6932140361312449e+003  1.6932130555084004e+003  1.6932127614447254e+003  1.6932127590545952e+003  1.6932127589874872e+003  1.6932127588339072e+003  1.6932127588339072e+003
