  2.2293413701544523e+002  2.1269119849041545e+002  2.0799589647279072e+002  2.0428648815438873e+002  2.0330044415244583e+002  2.0319897524100088e+002  2.0318419358685696e+002  2.0318401008827004e+002  2.0318400879424917e+002  2.0318400879119554e+002  2.0318400879117689e+002  2.0318400879117507e+002  2.0318400879117507e+002  2.0318400879117507e+002
  2.3320910556641047e+002  2.1171881667749813e+002  2.1042715910840525e+002  2.1004842937906142e+002  2.0943064545480593e+002  2.0838026200100649e+002  2.0837619435594252e+002  2.0837618750091133e+002  2.0837618747774331e+002  2.0837618747769920e+002  2.0837618747769739e+002  2.0837618747769739e+002  2.0837618747769739e+002  2.0837618747769739e+002
  2.3182067096578112e+002  2.1460096768389622e+002  2.1030170256781776e+002  2.0720203337049679e+002  2.0622210420456850e+002  2.0589402163013028e+002  2.0589286631509776e+002  2.0589285818130475e+002  2.0589285817634254e+002  2.0589285817634072e+002  2.0589285817634072e+002  2.0589285817633936e+002  2.0589285817633936e+002  2.0589285817633936e+002
  2.2769389084034674e+002  2.1861425831450151e+002  2.1508165876947896e+002  2.1366545504612486e+002  2.1346244199968351e+002  2.1274267896863557e+002  2.1225651667510874e+002  2.1225615597608248e+002  2.1225615592754048e+002  2.1225615592746135e+002  2.1225615592746135e+002  2.1225615592746135e+002  2.1225615592746135e+002  2.1225615592746135e+002
  2.3254948559466220e+002  2.1637086050380140e+002  2.1083315148756628e+002  2.0916545877731596e+002  2.0737215170942000e+002  2.0625672247948205e+002  2.0565220766638913e+002  2.0565158782902199e+002  2.0565158668196318e+002  2.0565158668104777e+002  2.0565158668104732e+002  2.0565158668104687e+002  2.0565158668104687e+002  2.0565158668104687e+002
  2.4512155909082276e+002  2.1940003186248168e+002  2.1636075994743260e+002  2.1167538266499832e+002  2.0651504848321611e+002  2.0477603528281043e+002  2.0467423002284750e+002  2.0467154872358924e+002  2.0467146430153343e+002  2.0467146414536910e+002  2.0467146414351691e+002  2.0467146414351691e+002  2.0467146414351691e+002  2.0467146414351691e+002
  2.2175367792461611e+002  2.1792374145249323e+002  2.1474378161111508e+002  2.1272514369258533e+002  2.1031810014929124e+002  2.1016562319000968e+002  2.1016552639844167e+002  2.1016552510482506e+002  2.1016552508909172e+002  2.1016552508890254e+002  2.1016552508889981e+002  2.1016552508889799e+002  2.1016552508889799e+002  2.1016552508889799e+002
  2.3914251650366987e+002  2.2507174479371315e+002  2.1928745936892074e+002  2.1015519092116256e+002  2.0732104834853908e+002  2.0389502477180122e+002  2.0374539443274489e+002  2.0373803181945323e+002  2.0373801165520854e+002  2.0373801164934457e+002  2.0373801164934230e+002  2.0373801164934230e+002  2.0373801164934230e+002  2.0373801164934230e+002
  2.4226778268247563e+002  2.2611044626912644e+002  2.1532986503004759e+002  2.0888035756278123e+002  2.0739975073094274e+002  2.0639928706062574e+002  2.0630463609651042e+002  2.0629882867595370e+002  2.0629881842311124e+002  2.0629881842112354e+002  2.0629881842112354e+002  2.0629881842112354e+002  2.0629881842112309e+002  2.0629881842112309e+002
  2.3299811213205203e+002  2.2150287768181170e+002  2.1722965644256374e+002  2.1220021968445917e+002  2.0974584883742273e+002  2.0856356714485628e+002  2.0825334604929594e+002  2.0822929534454352e+002  2.0822913226031596e+002  2.0822912899139510e+002  2.0822912881877028e+002  2.0822912881779712e+002  2.0822912881778166e+002  2.0822912881778166e+002
  2.4397823778836755e+002  2.1691247648087483e+002  2.1298447668202016e+002  2.0690273895548353e+002  2.0359075382688525e+002  2.0308623492554079e+002  2.0308275512787623e+002  2.0308274056472965e+002  2.0308274044334667e+002  2.0308274044307473e+002  2.0308274044307473e+002  2.0308274044307473e+002  2.0308274044307473e+002  2.0308274044307473e+002
  2.3749983142884594e+002  2.1747689903094624e+002  2.1160463046517725e+002  2.0778047732150799e+002  2.0514546554922890e+002  2.0393305856470033e+002  2.0393003063519109e+002  2.0393002402859065e+002  2.0393002399535362e+002  2.0393002399510260e+002  2.0393002399510260e+002  2.0393002399510215e+002  2.0393002399510124e+002  2.0393002399510124e+002
  2.3883383474095535e+002  2.1275263817293990e+002  2.0904199069754486e+002  2.0601080630570050e+002  2.0476803187794349e+002  2.0447017319477754e+002  2.0446960828596229e+002  2.0446960724021255e+002  2.0446960723756320e+002  2.0446960723756274e+002  2.0446960723756092e+002  2.0446960723756092e+002  2.0446960723756092e+002  2.0446960723756092e+002
  2.2771045927422620e+002  2.1586266338534961e+002  2.1157954040689947e+002  2.1055621875359429e+002  2.0941070297175247e+002  2.0934546709973256e+002  2.0932799213617000e+002  2.0932790109179587e+002  2.0932790027133387e+002  2.0932790027023793e+002  2.0932790027023748e+002  2.0932790027023748e+002  2.0932790027023748e+002  2.0932790027023748e+002
  2.3974530584556578e+002  2.2298191021741559e+002  2.2012567410857628e+002  2.1434824006167719e+002  2.0737423223868518e+002  2.0668920684574505e+002  2.0668671599740674e+002  2.0668670423796266e+002  2.0668670422707191e+002  2.0668670422703417e+002  2.0668670422703372e+002  2.0668670422703372e+002  2.0668670422703372e+002  2.0668670422703372e+002
  2.4452838307794855e+002  2.2382781423996676e+002  2.1637133268871548e+002  2.1052886162470622e+002  2.0893556551214351e+002  2.0857351777219264e+002  2.0857324164825968e+002  2.0857324109634465e+002  2.0857324109555884e+002  2.0857324109555839e+002  2.0857324109555248e+002  2.0857324109555157e+002  2.0857324109555157e+002  2.0857324109555157e+002
  2.2643570290324260e+002  2.1074671278516144e+002  2.0762520685099844e+002  2.0538790122729006e+002  2.0383294655486679e+002  2.0367499694041044e+002  2.0359881711864818e+002  2.0359867959872008e+002  2.0359867787053690e+002  2.0359867786479890e+002  2.0359867786478662e+002  2.0359867786478571e+002  2.0359867786478571e+002  2.0359867786478571e+002
  2.3661851463530229e+002  2.2023269278099724e+002  2.1672063615590196e+002  2.0947705845320479e+002  2.0663770830573912e+002  2.0626330593318016e+002  2.0625752400344527e+002  2.0625750398306764e+002  2.0625750373453775e+002  2.0625750373418032e+002  2.0625750373417986e+002  2.0625750373417941e+002  2.0625750373417941e+002  2.0625750373417941e+002
  2.2473528847519310e+002  2.1643304580432732e+002  2.1342345571304350e+002  2.0807354903823216e+002  2.0501300186804110e+002  2.0402691902068636e+002  2.0399580120566225e+002  2.0399561249419958e+002  2.0399561233033864e+002  2.0399561232147016e+002  2.0399561232142469e+002  2.0399561232142469e+002  2.0399561232142423e+002  2.0399561232142423e+002
  2.2527711510323616e+002  2.1197478596181918e+002  2.0948166739062617e+002  2.0766632405731707e+002  2.0572287621924124e+002  2.0515538559031438e+002  2.0486780291640025e+002  2.0419434608360234e+002  2.0358681041531008e+002  2.0352110476254484e+002  2.0352058057477188e+002  2.0352058048756362e+002  2.0352058048752224e+002  2.0352058048752224e+002
  2.4069969128947787e+002  2.2559704901637906e+002  2.1795429231217759e+002  2.1445817263212712e+002  2.1357866880429901e+002  2.1339130962709896e+002  2.1331382060710393e+002  2.1325469959179327e+002  2.1325468074220316e+002  2.1325468059228115e+002  2.1325468059226841e+002  2.1325468059226841e+002  2.1325468059226841e+002  2.1325468059226841e+002
  2.4159621365537441e+002  2.2367447410898967e+002  2.1462808287198777e+002  2.0897286025870153e+002  2.0524449754247235e+002  2.0451414740283144e+002  2.0451282875776133e+002  2.0451282328652405e+002  2.0451282327114586e+002  2.0451282327113768e+002  2.0451282327113768e+002  2.0451282327113768e+002  2.0451282327113768e+002  2.0451282327113768e+002
  2.3398795478703596e+002  2.1979529851375446e+002  2.1445126104389783e+002  2.1204954075532214e+002  2.0901134155335649e+002  2.0492959399926622e+002  2.0397381046265309e+002  2.0380896790497354e+002  2.0379869126336143e+002  2.0379860123287744e+002  2.0379860083591757e+002  2.0379860083376798e+002  2.0379860083376798e+002  2.0379860083376798e+002
  2.4324054337151892e+002  2.2404877237458095e+002  2.1323118415452245e+002  2.1016916654474471e+002  2.0853793442536789e+002  2.0819772699364103e+002  2.0819690686506283e+002  2.0766167240423056e+002  2.0761991661470211e+002  2.0758955447778726e+002  2.0758954389413884e+002  2.0758954388936399e+002  2.0758954388936399e+002  2.0758954388936399e+002
  2.2598588336610237e+002  2.1217246336644848e+002  2.0937905144034585e+002  2.0702259168673254e+002  2.0575120824215537e+002  2.0428278822142056e+002  2.0427302973300039e+002  2.0427290812231695e+002  2.0427290740693707e+002  2.0427290740161516e+002  2.0427290740161516e+002  2.0427290740161334e+002  2.0427290740161243e+002  2.0427290740161243e+002
  2.3816002434590291e+002  2.1438720944147008e+002  2.1092809842200268e+002  2.0832480304233559e+002  2.0578662764523006e+002  2.0339853181856915e+002  2.0333443373137334e+002  2.0333377282674974e+002  2.0333376898823417e+002  2.0333376897892140e+002  2.0333376897888729e+002  2.0333376897888729e+002  2.0333376897888684e+002  2.0333376897888684e+002
  2.4033720658342736e+002  2.1708295005470654e+002  2.1494686142365390e+002  2.1356993869448252e+002  2.1267246027851797e+002  2.1266149087976373e+002  2.1266148405075910e+002  2.1266148404920568e+002  2.1266148404920523e+002  2.1266148404920523e+002  2.1266148404920523e+002  2.1266148404920523e+002  2.1266148404920295e+002  2.1266148404920295e+002
  2.3590556021662587e+002  2.2343934407335064e+002  2.2072182227493840e+002  2.1939666636332322e+002  2.1917397639920182e+002  2.1876308086890367e+002  2.1875850803577396e+002  2.1875849501759694e+002  2.1875849496891396e+002  2.1875849496879709e+002  2.1875849496879709e+002  2.1875849496879709e+002  2.1875849496879528e+002  2.1875849496879528e+002
  2.3055010052148100e+002  2.1218967380663571e+002  2.0837884824521052e+002  2.0650841996285999e+002  2.0412340203422309e+002  2.0371190196404132e+002  2.0367369718692817e+002  2.0367135555235518e+002  2.0367129557909129e+002  2.0367129482959399e+002  2.0367129476478885e+002  2.0367129476409445e+002  2.0367129476409173e+002  2.0367129476409173e+002
  2.2699996327056351e+002  2.0909804080686990e+002  2.0640404686939655e+002  2.0516906000673998e+002  2.0492995082568905e+002  2.0481092200482362e+002  2.0464761789167005e+002  2.0462690123394941e+002  2.0462687973214315e+002  2.0462687805191081e+002  2.0462687801782113e+002  2.0462687801773473e+002  2.0462687801773473e+002  2.0462687801773473e+002
  2.4578058562988963e+002  2.2818325275160078e+002  2.1490703647200280e+002  2.0907863295602328e+002  2.0578462052557870e+002  2.0504229341236714e+002  2.0503394261785343e+002  2.0503393331000643e+002  2.0503393330057497e+002  2.0503393330055951e+002  2.0503393330055951e+002  2.0503393330055860e+002  2.0503393330055860e+002  2.0503393330055860e+002
  2.2669671669988702e+002  2.1671895962140343e+002  2.1264794987021287e+002  2.1120737406034186e+002  2.0718930586256283e+002  2.0645564708498750e+002  2.0491635007584000e+002  2.0486240688629277e+002  2.0486150720967498e+002  2.0486150219390265e+002  2.0486150219005685e+002  2.0486150219005458e+002  2.0486150219005458e+002  2.0486150219005458e+002
  2.2951752706494381e+002  2.2509865959213721e+002  2.2431104520622785e+002  2.2205819413009203e+002  2.2149031485923251e+002  2.2147120819639122e+002  2.2147114378483775e+002  2.2147114377790558e+002  2.2147114377790513e+002  2.2147114377789831e+002  2.2147114377789649e+002  2.2147114377789649e+002  2.2147114377789649e+002  2.2147114377789649e+002
  2.3906735504181006e+002  2.1957817769617714e+002  2.1368072643788946e+002  2.0992800450482537e+002  2.0624283521656525e+002  2.0523207326899910e+002  2.0428052808108305e+002  2.0411332618764345e+002  2.0411325233837579e+002  2.0411325232310082e+002  2.0411325232309264e+002  2.0411325232309218e+002  2.0411325232309218e+002  2.0411325232309218e+002
  2.3482419647328743e+002  2.1647434628713609e+002  2.1088277650071132e+002  2.0911187733697079e+002  2.0657851854071987e+002  2.0529257024410572e+002  2.0517063377264139e+002  2.0517048218660921e+002  2.0517048130260673e+002  2.0517048130184457e+002  2.0517048130184457e+002  2.0517048130184457e+002  2.0517048130184457e+002  2.0517048130184457e+002
  2.2162047462084911e+002  2.1145211450832221e+002  2.0865929933485722e+002  2.0652878841278107e+002  2.0549815018710160e+002  2.0429079035894028e+002  2.0426974061336568e+002  2.0426968595826293e+002  2.0426968591718150e+002  2.0426968591715467e+002  2.0426968591715240e+002  2.0426968591715195e+002  2.0426968591715195e+002  2.0426968591715195e+002
  2.3843135878037538e+002  2.1816144894852096e+002  2.1494778014492067e+002  2.1205365107744865e+002  2.0929707085638529e+002  2.0780150188343805e+002  2.0779266497438357e+002  2.0779266327115147e+002  2.0779266326789320e+002  2.0779266326789093e+002  2.0779266326788911e+002  2.0779266326788911e+002  2.0779266326788911e+002  2.0779266326788911e+002
  2.2315693993668401e+002  2.1531840223772406e+002  2.1242429412557840e+002  2.0864913841861562e+002  2.0719139370918037e+002  2.0623399025087838e+002  2.0608462664037370e+002  2.0608436190459179e+002  2.0608436165789180e+002  2.0608436165193370e+002  2.0608436165193280e+002  2.0608436165193234e+002  2.0608436165193234e+002  2.0608436165193234e+002
  2.5148080513202785e+002  2.3083103217488633e+002  2.2352895154247790e+002  2.2119265781828199e+002  2.1245075993487535e+002  2.1074024667354706e+002  2.1068550282697470e+002  2.1068474057476942e+002  2.1068473775646271e+002  2.1068473775631946e+002  2.1068473775631946e+002  2.1068473775631810e+002  2.1068473775631765e+002  2.1068473775631765e+002
  2.2965963144073066e+002  2.1766106421364020e+002  2.1097995498902492e+002  2.0678103398354551e+002  2.0419098531470763e+002  2.0348954496688702e+002  2.0335766600604939e+002  2.0335654932853777e+002  2.0335653335247389e+002  2.0335653330960440e+002  2.0335653330952482e+002  2.0335653330952482e+002  2.0335653330952482e+002  2.0335653330952482e+002
  2.4994535590778651e+002  2.2090885436875897e+002  2.1328359241943008e+002  2.0989792062583547e+002  2.0438390820123732e+002  2.0390556751276426e+002  2.0390449335778294e+002  2.0390449027560771e+002  2.0390449024893041e+002  2.0390449024851750e+002  2.0390449024851750e+002  2.0390449024851614e+002  2.0390449024851614e+002  2.0390449024851614e+002
  2.3800085893414825e+002  2.1444296543428118e+002  2.1070930027768827e+002  2.0694094523014610e+002  2.0623136149251695e+002  2.0576798870511084e+002  2.0576378500054625e+002  2.0544655462779792e+002  2.0544641011590284e+002  2.0544640990960761e+002  2.0544638048767411e+002  2.0544638043830582e+002  2.0544638043813302e+002  2.0544638043813302e+002
  2.4411738483006093e+002  2.2132538193153778e+002  2.1537997741354047e+002  2.1203502955025988e+002  2.0866785197583977e+002  2.0426910401841451e+002  2.0382574940181621e+002  2.0379557470014379e+002  2.0377055045673023e+002  2.0377045645055296e+002  2.0377045520212005e+002  2.0377045520007005e+002  2.0377045520006777e+002  2.0377045520006777e+002
  2.2879155724837665e+002  2.1532628122732103e+002  2.1192528827700562e+002  2.1045186652349639e+002  2.0933137316602460e+002  2.0902944265693986e+002  2.0902795847122934e+002  2.0902794993136558e+002  2.0902794986972776e+002  2.0902794986962954e+002  2.0902794986962817e+002  2.0902794986962817e+002  2.0902794986962817e+002  2.0902794986962817e+002
  2.2778140883397509e+002  2.2200984117456073e+002  2.1941062822263621e+002  2.1750213123960657e+002  2.1651632896452111e+002  2.1538920765425792e+002  2.1537295705939596e+002  2.1537294178515049e+002  2.1537294173195642e+002  2.1537294173189139e+002  2.1537294173189048e+002  2.1537294173189048e+002  2.1537294173189048e+002  2.1537294173189048e+002
  2.3232780081181772e+002  2.1668897239864191e+002  2.1358924234491906e+002  2.0871731690137767e+002  2.0566650991524148e+002  2.0453427262820833e+002  2.0394349595146423e+002  2.0383370509993165e+002  2.0382809512027461e+002  2.0381768899779490e+002  2.0381748027775393e+002  2.0381747962899681e+002  2.0381747960501434e+002  2.0381747960501434e+002
  2.2420660969625442e+002  2.1068576438794844e+002  2.0953273154276440e+002  2.0896660276340481e+002  2.0875054023412849e+002  2.0874518086516082e+002  2.0874517695074746e+002  2.0874517694943415e+002  2.0874517694943415e+002  2.0874517694943415e+002  2.0874517694943415e+002  2.0874517694943370e+002  2.0874517694943370e+002  2.0874517694943370e+002
  2.2518289614805053e+002  2.1271757263526069e+002  2.0730973773716914e+002  2.0593349093982488e+002  2.0552586965414230e+002  2.0482745941338453e+002  2.0482073860808759e+002  2.0481901697089143e+002  2.0481901664615998e+002  2.0481901664554152e+002  2.0481901664554152e+002  2.0481901664554152e+002  2.0481901664554152e+002  2.0481901664554152e+002
  2.3636624845033612e+002  2.1894957766618154e+002  2.1680306514235917e+002  2.1458307889504567e+002  2.1205356766915338e+002  2.1172600693340064e+002  2.1106894204101445e+002  2.1096042973706153e+002  2.1047741930046686e+002  2.0965085019908156e+002  2.0872082828243720e+002  2.0785059937074311e+002  2.0784739463884944e+002  2.0784739463884944e+002
  2.3264091255933772e+002  2.1554851046956082e+002  2.1401532239752123e+002  2.1236493482073865e+002  2.1126693891214745e+002  2.1014092567329635e+002  2.1007882240914842e+002  2.1001881959403545e+002  2.0998386857030710e+002  2.0998274097292961e+002  2.0998273500150026e+002  2.0998273499839115e+002  2.0998273499839024e+002  2.0998273499839024e+002
  2.2760214839929131e+002  2.2103126737669800e+002  2.1684659700726843e+002  2.1039060250276725e+002  2.0689324439228085e+002  2.0551493651179680e+002  2.0478259272060313e+002  2.0477986995178571e+002  2.0477980586223930e+002  2.0477980580496342e+002  2.0477980580471012e+002  2.0477980580470830e+002  2.0477980580470830e+002  2.0477980580470830e+002
