  2.3040719868099359e+001  2.3040719868099359e+001  2.2867618769392720e+001  2.2867618769392720e+001  2.2654545063957357e+001  2.1753746123938527e+001  2.1050449927568934e+001  2.0724875835759804e+001  2.0703871027376408e+001  2.0671654263543360e+001  2.0666808815684817e+001  2.0646243317145718e+001  2.0633601853794971e+001  2.0633601853794971e+001
  2.2787195166639322e+001  2.2787195166639322e+001  2.2787195166639322e+001  2.2650614871535709e+001  2.2257968764869702e+001  2.1443254089969059e+001  2.0633785820961521e+001  2.0313125884382771e+001  2.0263168835346050e+001  2.0242168243153174e+001  2.0217152982029575e+001  2.0207175362586668e+001  2.0199478247319576e+001  2.0199478247319576e+001
  2.3297305016328664e+001  2.2899456771504447e+001  2.2899456771504447e+001  2.2285497220396110e+001  2.2285497220396110e+001  2.2171659359233217e+001  2.2097985472315031e+001  2.1586342300185606e+001  2.1586342300185606e+001  2.1586342300185606e+001  2.1586342300185606e+001  2.1586342300185606e+001  2.1586342300185606e+001  2.1586342300185606e+001
  2.2937796484035061e+001  2.2937796484035061e+001  2.2548867850370016e+001  2.2548867850370016e+001  2.2548867850370016e+001  2.2348256740646320e+001  2.2348256740646320e+001  2.2348256740646320e+001  2.2313748231165619e+001  2.2313748231165619e+001  2.2313748231165619e+001  2.2313748231165619e+001  2.2313748231165619e+001  2.2313748231165619e+001
  2.3368093714660063e+001  2.3215416521693442e+001  2.3215416521693442e+001  2.3133716591505163e+001  2.2792581098220353e+001  2.2299533486417204e+001  2.2160000061118808e+001  2.2160000061118808e+001  2.2160000061118808e+001  2.2160000061118808e+001  2.2160000061118808e+001  2.2160000061118808e+001  2.2160000061118808e+001  2.2160000061118808e+001
  2.3425302141886050e+001  2.3184102083925836e+001  2.3143089165254878e+001  2.3022488610714845e+001  2.2614278307463337e+001  2.2554697467234519e+001  2.2032481123756270e+001  2.1498566316372944e+001  2.1493322268792099e+001  2.1143001554974262e+001  2.0397768293512854e+001  2.0316013581085599e+001  2.0308925047720777e+001  2.0308925047720777e+001
  2.3277330871202594e+001  2.3126584975688729e+001  2.3126584975688729e+001  2.3117880355850730e+001  2.3117880355850730e+001  2.2819126152457557e+001  2.2695968983476632e+001  2.2127224100905323e+001  2.2127224100905323e+001  2.2127224100905323e+001  2.2111155119375326e+001  2.2111155119375326e+001  2.2111155119375326e+001  2.2111155119375326e+001
  2.3178463947444016e+001  2.3049173492751834e+001  2.3049173492751834e+001  2.2803689087448447e+001  2.2558235390640903e+001  2.1930781345266951e+001  2.1603065647735548e+001  2.1603065647735548e+001  2.0835007595635489e+001  2.0277778284399801e+001  1.9911180257599199e+001  1.9702006260348981e+001  1.9685199553116945e+001  1.9685199553116945e+001
  2.2999598884966417e+001  2.2981246202119792e+001  2.2981246202119792e+001  2.2981246202119792e+001  2.2627634806169226e+001  2.2325362344292671e+001  2.2132613535851078e+001  2.2132613535851078e+001  2.2132613535851078e+001  2.2132613535851078e+001  2.2132613535851078e+001  2.2132613535851078e+001  2.2132613535851078e+001  2.2132613535851078e+001
  2.3165867697619660e+001  2.3133114989586147e+001  2.2815545136681521e+001  2.2815545136681521e+001  2.2653904349446748e+001  2.2653904349446748e+001  2.2653904349446748e+001  2.2518440745204316e+001  2.2304404008217944e+001  2.2121078174671538e+001  2.2101892061999706e+001  2.2057984860565512e+001  2.2056335010319572e+001  2.2056335010319572e+001
  2.3639761088463956e+001  2.3254318061086906e+001  2.3254318061086906e+001  2.3131815226804747e+001  2.3029836633299510e+001  2.2065110944664411e+001  2.1301954716626369e+001  2.1301954716626369e+001  2.0944193690163956e+001  2.0644686806720301e+001  2.0628084147679601e+001  2.0591874746633039e+001  2.0591869872637744e+001  2.0591869872637744e+001
  2.2899252356768329e+001  2.2860777594738920e+001  2.2860777594738920e+001  2.2860777594738920e+001  2.2529879441296316e+001  2.2389847151113145e+001  2.2213477017033256e+001  2.2203863619066624e+001  2.2203862451730174e+001  2.2203862451730174e+001  2.2203862451730174e+001  2.2203862451730174e+001  2.2203862451730174e+001  2.2203862451730174e+001
  2.3089091792788622e+001  2.3089091792788622e+001  2.3089091792788622e+001  2.3063834425768164e+001  2.3063834425768164e+001  2.1636217912318671e+001  2.1287886680358724e+001  2.0929922020545973e+001  2.0738243842698921e+001  2.0600232368070920e+001  2.0574260893168457e+001  2.0559105934283252e+001  2.0548498266031174e+001  2.0548498266031174e+001
  2.3392531141708560e+001  2.3270448955224538e+001  2.3127361376762565e+001  2.2287300831585071e+001  2.2287300831585071e+001  2.2206572516997539e+001  2.2080903596127428e+001  2.1919213662608399e+001  2.1913244872054293e+001  2.1912284512816086e+001  2.1894367434731066e+001  2.1802212340627420e+001  2.1717087633837764e+001  2.1717087633837764e+001
  2.3422444117231862e+001  2.3041627055831441e+001  2.3041627055831441e+001  2.2893429014513231e+001  2.2716639473269424e+001  2.2716639473269424e+001  2.1827876030021798e+001  2.1572585507442454e+001  2.1447935790971542e+001  2.1187708682760558e+001  2.1108313646388751e+001  2.1088529739524574e+001  2.1074881949248265e+001  2.1074881949248265e+001
  2.3516119718703521e+001  2.3454008528015947e+001  2.3400921828492528e+001  2.3369689734162876e+001  2.3156174992624983e+001  2.2459949352347394e+001  2.2303358618599987e+001  2.2303358618599987e+001  2.2303358618599987e+001  2.2303358618599987e+001  2.2303358618599987e+001  2.2303358618599987e+001  2.2303358618599987e+001  2.2303358618599987e+001
  2.3316367992083997e+001  2.3211503604211202e+001  2.3211503604211202e+001  2.3085455271493174e+001  2.2794286469696544e+001  2.2768182708661925e+001  2.2155626221544480e+001  2.2061698127225782e+001  2.2061698127225782e+001  2.2011034277548788e+001  2.2011034277548788e+001  2.2011034277548788e+001  2.2011034277548788e+001  2.2011034277548788e+001
  2.3263435219331996e+001  2.3263435219331996e+001  2.3152959628455619e+001  2.3152959628455619e+001  2.2406778936209321e+001  2.1812334655603308e+001  2.0670625068289155e+001  2.0099131819774357e+001  1.9928615233551454e+001  1.9846389103716319e+001  1.9836356811140604e+001  1.9832160620675040e+001  1.9829872832708588e+001  1.9829872832708588e+001
  2.3421538143733187e+001  2.3342621314814778e+001  2.3191708397079992e+001  2.3191708397079992e+001  2.2932602264418392e+001  2.2320846301088523e+001  2.2320846301088523e+001  2.2249657648107132e+001  2.2249657648107132e+001  2.2249657648107132e+001  2.2249657648107132e+001  2.2249657648107132e+001  2.2249657648107132e+001  2.2249657648107132e+001
  2.3355050991966891e+001  2.2922852808128255e+001  2.2459345505783858e+001  2.2459345505783858e+001  2.2459345505783858e+001  2.2459345505783858e+001  2.2459345505783858e+001  2.2459345505783858e+001  2.2459345505783858e+001  2.2459345505783858e+001  2.2459345505783858e+001  2.2459345505783858e+001  2.2459345505783858e+001  2.2459345505783858e+001
  2.3502589259074739e+001  2.3121414366750741e+001  2.3091239990230406e+001  2.3028442714111407e+001  2.2997223428254074e+001  2.2857616089842622e+001  2.2849971479339501e+001  2.2566778668448706e+001  2.2307842582005833e+001  2.2307842547474593e+001  2.2307842547474593e+001  2.2307842547474593e+001  2.2307842547474593e+001  2.2307842547474593e+001
  2.3050671235286245e+001  2.2433528275125582e+001  2.2430987188994550e+001  2.2361438067655854e+001  2.2356832438181982e+001  2.1698135621484653e+001  2.1608184254663911e+001  2.1507178278249512e+001  2.1501601233136626e+001  2.1498906170334294e+001  2.1495218754150756e+001  2.1493632949448056e+001  2.1490633225483407e+001  2.1490633225483407e+001
  2.3522309063319426e+001  2.2957766144635116e+001  2.2957766144635116e+001  2.2481685209630314e+001  2.2377067849122113e+001  2.1334750472990891e+001  2.0853884474378674e+001  2.0853884474378674e+001  2.0681263399699446e+001  2.0624620941964849e+001  2.0624620654886940e+001  2.0624620654885803e+001  2.0624609092562196e+001  2.0624609092562196e+001
  2.3573910536936182e+001  2.2891131979650481e+001  2.2891131979650481e+001  2.2891131979650481e+001  2.2891131979650481e+001  2.2789609663419697e+001  2.2168117844988956e+001  2.2000558397497798e+001  2.1856449130469173e+001  2.1833096711083499e+001  2.1814455462500064e+001  2.1785195381713493e+001  2.1783973107593283e+001  2.1783973107593283e+001
  2.2982563440975809e+001  2.2982563440975809e+001  2.2982563440975809e+001  2.2819248690228505e+001  2.2819248690228505e+001  2.2189491817535782e+001  2.1865219691109360e+001  2.1523800777702945e+001  2.1294921090174057e+001  2.1199885667798299e+001  2.1184197618500320e+001  2.1160671214228842e+001  2.1138163693058914e+001  2.1138163693058914e+001
  2.3416637351063173e+001  2.3346358421693139e+001  2.3044560523297378e+001  2.2745992120967230e+001  2.2501365955858091e+001  2.2333484274056218e+001  2.2235863489968551e+001  2.1878350701708314e+001  2.1592036426275854e+001  2.1592036426275854e+001  2.1592036426275854e+001  2.1592036426275854e+001  2.1592036426275854e+001  2.1592036426275854e+001
  2.3128034699215959e+001  2.2734038289817818e+001  2.2734038289817818e+001  2.2338406351701224e+001  2.2338406351701224e+001  2.1416905637002401e+001  2.1365043355662465e+001  2.0102455438170182e+001  1.9709451492672542e+001  1.9665318202920162e+001  1.9367605676240601e+001  1.9362260705866674e+001  1.9360702236843053e+001  1.9360702236843053e+001
  2.3275323402509230e+001  2.3275323402509230e+001  2.3275323402509230e+001  2.2828951102615974e+001  2.2446647483571724e+001  2.2282744645462344e+001  2.2255481026104690e+001  2.2243182316050479e+001  2.2031513368552396e+001  2.2031513368552396e+001  2.2031513368552396e+001  2.2031513368552396e+001  2.2031513368552396e+001  2.2031513368552396e+001
  2.3535761918336675e+001  2.3318668385695446e+001  2.3318668385695446e+001  2.2790354421617849e+001  2.2010941847788445e+001  2.2010941847788445e+001  2.2010941847788445e+001  2.2010941847788445e+001  2.2010941847788445e+001  2.2010941847788445e+001  2.2010941847788445e+001  2.1650630959895807e+001  2.1650630959895807e+001  2.1650630959895807e+001
  2.3621049077478574e+001  2.3257583435478409e+001  2.3257583435478409e+001  2.2718997222486905e+001  2.2524763765885837e+001  2.2111594594128974e+001  2.1218514245753795e+001  2.0733261389686731e+001  2.0684304114516181e+001  2.0643933925139663e+001  2.0627356361244210e+001  2.0624172347533886e+001  2.0619917987931103e+001  2.0619917987931103e+001
  2.3073088789094527e+001  2.2814950565734534e+001  2.2814950565734534e+001  2.2531877547942941e+001  2.2485701328717141e+001  2.2485701328717141e+001  2.2483421951561922e+001  2.2483421951561922e+001  2.2483421951561922e+001  2.2364085722961590e+001  2.2364085722961590e+001  2.2364085722961590e+001  2.2364085722961590e+001  2.2364085722961590e+001
  2.3173051829451879e+001  2.3173051829451879e+001  2.3173051829451879e+001  2.3173051829451879e+001  2.2645111663303851e+001  2.1950020537742375e+001  2.1937588269996922e+001  2.1937588269996922e+001  2.1937588269996922e+001  2.1914058763841922e+001  2.1914058763841922e+001  2.1721335002442402e+001  2.1721288218135442e+001  2.1721288218135442e+001
  2.3251498463180269e+001  2.3229511354148599e+001  2.3095816435163215e+001  2.3095816435163215e+001  2.2288195425240929e+001  2.1764935243423452e+001  2.1037643170159072e+001  2.0931570764051912e+001  2.0926984310888884e+001  2.0924407210718300e+001  2.0921038354528264e+001  2.0917499199361600e+001  2.0912262590625460e+001  2.0912262590625460e+001
  2.3272326442392114e+001  2.2973358033906607e+001  2.2973358033906607e+001  2.2915613337170953e+001  2.2635867737091075e+001  2.2290195341629669e+001  2.1885842732121091e+001  2.1885842732121091e+001  2.1885842732121091e+001  2.1885842732121091e+001  2.1885842732121091e+001  2.1885842732121091e+001  2.1885842732121091e+001  2.1885842732121091e+001
  2.3441874343019663e+001  2.3395662742336981e+001  2.3305322399929537e+001  2.3305322399929537e+001  2.3299292366093596e+001  2.2551860425134691e+001  2.2506725948947405e+001  2.2001207364135325e+001  2.1782664149346829e+001  2.1725573903562236e+001  2.1725573858640928e+001  2.1577809927502585e+001  2.1577808646882659e+001  2.1577808646882659e+001
  2.2935761310016687e+001  2.2935761310016687e+001  2.2935761310016687e+001  2.2935761310016687e+001  2.2794900402904204e+001  2.1842663279745921e+001  2.1842663279745921e+001  2.1842663279745921e+001  2.1670433042488412e+001  2.1585141053386678e+001  2.1585131513410033e+001  2.1585131462940353e+001  2.1585131462844629e+001  2.1585131462844629e+001
  2.2999972878508743e+001  2.2718142913663087e+001  2.2718142913663087e+001  2.2718142913663087e+001  2.2643010184382774e+001  2.2572621498582293e+001  2.2328001554879165e+001  2.2244650736465019e+001  2.1520888337822043e+001  2.1247862021472883e+001  2.1246889020631897e+001  2.1246786623268235e+001  2.1246608565312727e+001  2.1246608565312727e+001
  2.2873968635702113e+001  2.2873968635702113e+001  2.2873968635702113e+001  2.2873968635702113e+001  2.2308937751579606e+001  2.2308937751579606e+001  2.1902221182488574e+001  2.1897394441743245e+001  2.1897394441743245e+001  2.1897394441743245e+001  2.1897394441743245e+001  2.1897394441743245e+001  2.1897394441743245e+001  2.1897394441743245e+001
  2.3577188933718844e+001  2.3517934536595931e+001  2.3256886540502819e+001  2.3256886540502819e+001  2.3064499360278660e+001  2.1921139711126671e+001  2.1650391762609615e+001  2.1650391762609615e+001  2.1650391762609615e+001  2.1315273439629664e+001  2.1315273439629664e+001  2.1315273439629664e+001  2.1315273439629664e+001  2.1315273439629664e+001
  2.3646054580818372e+001  2.3024678598357923e+001  2.3024678598357923e+001  2.3024678598357923e+001  2.2818791728890574e+001  2.1965312488006475e+001  2.1965312488006475e+001  2.1965312488006475e+001  2.1965312488006475e+001  2.1952670173291153e+001  2.1646893856776614e+001  2.1646893856776614e+001  2.1646893856776614e+001  2.1646893856776614e+001
  2.3012356118812022e+001  2.3012356118812022e+001  2.3012356118812022e+001  2.2860331505588420e+001  2.1751760689266575e+001  2.1751760689266575e+001  2.0787922299207821e+001  2.0692409112329869e+001  2.0476914315000840e+001  2.0260561564957925e+001  2.0228213635891507e+001  2.0212496683433528e+001  2.0210063286351897e+001  2.0210063286351897e+001
  2.3445639427407968e+001  2.3219526828197104e+001  2.3219526828197104e+001  2.2915249462767861e+001  2.2915249462767861e+001  2.2883860453144962e+001  2.2883860453144962e+001  2.2883860453144962e+001  2.2883860453144962e+001  2.2883860453144962e+001  2.2883860453144962e+001  2.2875107376339884e+001  2.2848338471077113e+001  2.2848338471077113e+001
  2.3243372268261965e+001  2.3159530991617203e+001  2.3130492371169566e+001  2.3130492371169566e+001  2.3002606920823155e+001  2.2712074138639991e+001  2.2126506139783032e+001  2.2126506139783032e+001  2.2126506139783032e+001  2.2126506139783032e+001  2.2126506139783032e+001  2.2126506139783032e+001  2.2126506139783032e+001  2.2126506139783032e+001
  2.3358873820665849e+001  2.2995214451289712e+001  2.2131580508686966e+001  2.2131580508686966e+001  2.2131580508686966e+001  2.1900114294680634e+001  2.1668841646153169e+001  2.1101961681187731e+001  2.0970973576599135e+001  2.0915993358387368e+001  2.0873545237092685e+001  2.0846965032332037e+001  2.0841457036131487e+001  2.0841457036131487e+001
  2.3260432325866304e+001  2.3260432325866304e+001  2.3260432325866304e+001  2.2905230748858003e+001  2.2464419819723162e+001  2.2464419819723162e+001  2.2464419819723162e+001  2.2464419819723162e+001  2.2464419819723162e+001  2.2182760259403040e+001  2.2182760259403040e+001  2.2182760259403040e+001  2.2182760259403040e+001  2.2182760259403040e+001
  2.3346979011280382e+001  2.2992247806292880e+001  2.2680625271643521e+001  2.2680625271643521e+001  2.2339075257251807e+001  2.2339075257251807e+001  2.2339075257251807e+001  2.2339075257251807e+001  2.1975643812452745e+001  2.1641559675724920e+001  2.1641559675724920e+001  2.1641559675724920e+001  2.1641559675724920e+001  2.1641559675724920e+001
  2.3355142899862585e+001  2.3339214788379422e+001  2.3156333067927108e+001  2.3013274062944220e+001  2.2158663663764628e+001  2.1686626499103340e+001  2.1392698995432738e+001  2.1387070644488631e+001  2.0781791034124126e+001  2.0613358260573250e+001  2.0535627494273967e+001  2.0526347688361739e+001  2.0518045241243499e+001  2.0518045241243499e+001
  2.3277075053008502e+001  2.2956699292032454e+001  2.2717656309384893e+001  2.2717656309384893e+001  2.2594596035594577e+001  2.1322551718809564e+001  2.1322551718809564e+001  2.1322551718809564e+001  2.1322551718809564e+001  2.1322551718809564e+001  2.1322551718809564e+001  2.1322551718809564e+001  2.1322551718809564e+001  2.1322551718809564e+001
  2.3370744188541039e+001  2.3226681505233046e+001  2.2976823278481561e+001  2.2976823278481561e+001  2.2851190872934239e+001  2.2017534784039981e+001  2.1446541880424547e+001  2.1142343875623965e+001  2.1068482840219531e+001  2.0888163951131446e+001  2.0821414362519818e+001  2.0808536431100947e+001  2.0801714133708856e+001  2.0801714133708856e+001
  2.3273031843950776e+001  2.3095715537619981e+001  2.3095715537619981e+001  2.3095715537619981e+001  2.2827279748453066e+001  2.2545608755496005e+001  2.2358766998493593e+001  2.2331857540147439e+001  2.2167989612577003e+001  2.2127809319726339e+001  2.2127809319726339e+001  2.2127809319726339e+001  2.2127809319726339e+001  2.2127809319726339e+001
  2.3005270784758068e+001  2.3005270784758068e+001  2.3005270784758068e+001  2.2942623353869976e+001  2.2593167367919932e+001  2.2111550135512061e+001  2.2011290896273749e+001  2.1298073706444711e+001  2.1298073706444711e+001  2.1060911271608347e+001  2.1060631023964106e+001  2.0954924477088070e+001  2.0754907003739845e+001  2.0754907003739845e+001
